0.5966384092799076
0.6170939240878481
0.6282826890607047
0.5936750471691049
0.5936750471691049
0.5936750471691049
0.6072252542334505
0.6080637040052419
0.5936750471691049
0.5936750471691049
0.616084133878326
0.6193908081722275
0.6170939240878481
0.5936750471691049
0.5936750471691049
0.6084801339764854
0.5936750471691049
0.5936750471691049
0.6080637040052419
0.5936750471691049
0.6080637040052419
0.6532369398847447
0.594707943659076
0.5936750471691049
0.5966384092799076
0.6084801339764854
0.6170939240878481
0.6080637040052419
0.6085526069038294
0.6143218328419776
