0.8320553622604067
0.830078633922534
0.8309398327440343
0.8308845278969451
0.8300849901472412
0.8320817660770159
0.8283534102056318
0.833325651599878
0.8309137593626374
0.8216113727356568
0.8320135546244847
0.8307382003040387
0.8297356052682776
0.8314136824746857
0.8278338596168499
0.8299301774418941
0.829373540970244
0.8295215258467749
0.8308294497859812
0.8297306875550278
0.8329578009756297
0.8309822856512121
0.8319965485115712
0.831396908449511
0.8313748678783169
0.8318666418596772
0.832351472351764
0.8303996940867
0.8283920906078953
0.8297832284104996
