0.6813489929681891
0.7038885074281863
0.6813489929681891
0.6813489929681891
0.7020115052239148
0.7020115052239148
0.6813489929681891
0.6896306371599551
0.6813489929681891
0.5955906628112282
0.6813489929681891
0.6813489929681891
0.6799192069405697
0.6813489929681891
0.6896306371599551
0.6813489929681891
0.6813489929681891
0.6813489929681891
0.6813489929681891
0.7038885074281863
0.6882008913213354
0.69114722680043
0.6896306371599551
0.6813489929681891
0.6813489929681891
0.7020115052239148
0.6946723727102001
0.6813489929681891
0.69114722680043
0.7038885074281863
