0.6172605668837713
0.6172605668837713
0.6227113399787826
0.6170939240878481
0.5975769494849774
0.5936750471691049
0.5965770756229571
0.6172421615654908
0.6084801339764854
0.5966384092799076
0.6525062737039539
0.6082824585883899
0.6084123572353426
0.6080637040052419
0.5936750471691049
0.5936750471691049
0.6172605668837713
0.6278601737039133
0.6071314565418261
0.5936750471691049
0.5936750471691049
0.6461105658550184
0.5966384092799076
0.5975769494849774
0.597735489431753
0.5936750471691049
0.5936750471691049
0.5966384092799076
0.5936750471691049
0.5936750471691049
