0.7067064775085082
0.7073727823008246
0.7036599472595759
0.7048875098998313
0.7052821791038717
0.7067260260005065
0.7076302922606003
0.7056360024998695
0.6955175846849231
0.7076802089522802
0.6440794361977762
0.6667276306510364
0.6535900125453933
0.7048611919751631
0.7227153315667946
0.6996120645582261
0.7053586509533608
0.6456691828763559
0.6574329278009816
0.6750848653192943
0.7156372038905219
0.705495489580862
0.6991403280655953
0.6733039229557032
0.6563551203617265
0.7192565755648564
0.7076136041512977
0.7079975981713912
0.7098060068444234
0.7090630459433575
