0.3462021481561034
0.3462021481561034
0.3462021481561034
0.3462021481561034
0.39527274075696794
0.3462021481561034
0.3462021481561034
0.3462021481561034
0.39527274075696794
0.3462021481561034
0.3462021481561034
0.3462021481561034
0.349233560547202
0.3462021481561034
0.3462021481561034
0.3462021481561034
0.3462021481561034
0.3462021481561034
0.3462021481561034
0.3462021481561034
0.3462021481561034
0.3462021481561034
0.3462021481561034
0.3462021481561034
0.2926169014504081
0.3474936594116852
0.3462021481561034
0.3462021481561034
0.3462021481561034
0.3462021481561034
