0.7996861124458433
0.7996861124458433
0.7996861124458433
0.7996861124458433
0.7996861124458433
0.7996861124458433
0.7996861124458433
0.7996861124458433
0.7996861124458433
0.7996861124458433
0.7996861124458433
0.7996861124458433
0.7996861124458433
0.7996861124458433
0.7996861124458433
0.7996861124458433
0.7996861124458433
0.7996861124458433
0.7996861124458433
0.5066916009537821
0.7996861124458433
0.7996861124458433
0.7996861124458433
0.9994062232926022
0.7996861124458433
0.7996861124458433
0.7996861124458433
0.7996861124458433
0.7996861124458433
0.7996861124458433
