0.6300192740948944
0.6299375310552197
0.6297979431484801
0.6808858314448781
0.6297344281584272
0.6299979552472106
0.6298474941222807
0.6348304854398656
0.6300890498148433
0.6296263313112267
0.6302990083843183
0.6026307170993102
0.6026307170993102
0.6299490561325543
0.6300530701381859
0.6348552548073418
0.6026307170993102
0.6298038267039361
0.6296801977432951
0.6306388237222622
0.6350369758786008
0.6348683516337347
0.6299788519977958
0.6348440838845848
0.6348304854398656
0.6300109613095504
0.634876494796221
0.6348460827074738
0.6297613932572349
0.6297209798835557
