2.857142857142856984e-01
2.857142857142856984e-01
3.750000000000000000e-01
0.000000000000000000e+00
0.000000000000000000e+00
2.857142857142856984e-01
2.857142857142856984e-01
1.428571428571428492e-01
0.000000000000000000e+00
4.444444444444444198e-01
0.000000000000000000e+00
2.857142857142856984e-01
1.666666666666666574e-01
1.428571428571428492e-01
1.428571428571428492e-01
3.750000000000000000e-01
1.428571428571428492e-01
0.000000000000000000e+00
2.857142857142856984e-01
1.666666666666666574e-01
1.428571428571428492e-01
2.857142857142856984e-01
1.666666666666666574e-01
0.000000000000000000e+00
1.666666666666666574e-01
4.444444444444444198e-01
1.666666666666666574e-01
0.000000000000000000e+00
3.750000000000000000e-01
0.000000000000000000e+00
