0.4179480673967566
0.6770399497428977
0.4179480673967566
0.4179480673967566
0.48019020635583287
0.4943125079221154
0.7103718149211411
0.4574698236120067
0.7589575104098957
0.4179480673967566
0.4179480673967566
0.627887278273903
0.627887278273903
0.4179480673967566
0.42418866337999134
0.47562446490479415
0.4179480673967566
0.5114629926279975
0.627887278273903
0.4179480673967566
0.9003839202028663
0.4179480673967566
0.7103718149211411
0.627887278273903
0.48865007359300583
0.4179480673967566
0.4179480673967566
0.42592874425851646
0.627887278273903
0.7103718149211411
