0.6865274838051413
0.7854640256678044
0.6865274838051413
0.7870919243424407
0.7651571257417387
0.6865274838051413
0.7854640256678044
0.6962628269930482
0.7188178006667536
0.7894403204255249
0.7854640256678044
0.6279501267487226
0.796115414291353
0.7188178006667536
0.8008934659733582
0.621069648490983
0.7188178006667536
0.7651571257417387
0.7918325629413159
0.7994095877619033
0.6279501267487226
0.7137849620947921
0.7188178006667536
0.796115414291353
0.7895618269457041
0.7651571257417387
0.798329448325478
0.7651571257417387
0.7854640256678044
0.7873369206445912
