0.8865553496682065
0.8824871558877196
0.8801121241781111
0.8806989625110786
0.8815427711468787
0.8816383435489415
0.8798848582364904
0.8815428256680452
0.8805615851806428
0.8802090103992534
0.8842076527203022
0.8806123828290726
0.8756248698679634
0.8846507619010627
0.8833708903117233
0.8793611760875447
0.8786625132212377
0.8852043625896455
0.8783262977572798
0.8861574971660766
0.8770925708267667
0.8808433354326867
0.8853726316514243
0.8859290756104292
0.8804702062714808
0.8796212702905828
0.8793984860533285
0.8840119019106931
0.8877366384058304
0.8745224049682128
