0.803381115689296
0.803381115689296
0.803381115689296
0.8033811417821759
0.803381115689296
0.803381115689296
0.803381115689296
0.803381115689296
0.803381115689296
0.803381115689296
0.803381115689296
0.803381115689296
0.803381115689296
0.803381115689296
0.803381115689296
0.803381115689296
0.803381115689296
0.803381115689296
0.803381115689296
0.803381115689296
0.803381115689296
0.803381115689296
0.803381115689296
0.803381115689296
0.803381115689296
0.803381115689296
0.803381115689296
0.803381115689296
0.803381115689296
0.803381115689296
