0.5061148221190751
0.5072055968423191
0.5064729228398096
0.5073436937383661
0.5126031778843344
0.5063124166139071
0.5070967782559785
0.5064729228398096
0.5075543537155938
0.507247374355814
0.5132137182611918
0.5068954203204513
0.5070967782559785
0.49252016107249885
0.5070967782559785
0.5070967782559785
0.5074841867344074
0.5073154830862827
0.5061148221190751
0.507390643400244
0.5064729228398096
0.506783991611714
0.5061148221190751
0.5064729228398096
0.5071396172627449
0.5070967782559785
0.5061148221190751
0.5070967782559785
0.5117287579608476
0.5061148221190751
