0.8223396215434461
0.8208741540970662
0.8223396215434461
0.8222085285598058
0.8223396215434461
0.8223396215434461
0.8223396215434461
0.8222085285598058
0.8223396215434461
0.8222085285598058
0.8222085285598058
0.8223396215434461
0.8223396215434461
0.8223396215434461
0.8223396215434461
0.8211284985160479
0.8197714166040535
0.8222085285598058
0.8223396215434461
0.8223396215434461
0.8223396215434461
0.8223396215434461
0.8223396215434461
0.8222085285598058
0.8223396215434461
0.8223396215434461
0.8223396215434461
0.8222085285598058
0.8222085285598058
0.8218092341856501
