0.8136926904336661
0.8136926904336661
0.8136926904336661
0.8136926904336661
0.8136926904336661
0.8136926904336661
0.8136926904336661
0.8136926904336661
0.8136926904336661
0.8136926904336661
0.8136926904336661
0.8136926904336661
0.8136926904336661
0.8136926904336661
0.8136926904336661
0.8136926904336661
0.8136926904336661
0.8136926904336661
0.8136926904336661
0.8017268038046785
0.8136926904336661
0.8269516074373016
0.8136926904336661
0.8136926904336661
0.8136926904336661
0.8136926904336661
0.8136926904336661
0.8136926904336661
0.8136926904336661
0.8064029680253761
