0.9534994217678184
0.9534994217678184
0.9534994217678184
0.9464490568348196
0.9534994217678184
0.9534994217678184
0.9534994217678184
0.9534994217678184
0.9464490568348196
0.9464490568348196
0.9534994217678184
0.9534994217678184
0.9534994217678184
0.9534994217678184
0.9534994217678184
0.9534994217678184
0.9534994217678184
0.9534994217678184
0.9464490568348196
0.9534994217678184
0.9464490568348196
0.9534994217678184
0.9534994217678184
0.9534994217678184
0.9534994217678184
0.9534994217678184
0.9534994217678184
0.9464490568348196
0.9534994217678184
0.9534994217678184
