0.9480035062178811
0.9480055443765025
0.9480035702813542
0.9480035062178811
0.9480035062178811
0.9480035062178811
0.9480035062178811
0.9480079460750198
0.9480035062178811
0.9480035062178811
0.9480035062178811
0.9480079460750198
0.9480035062178811
0.9480035062178811
0.9480035062178811
0.9480035062178811
0.9480079460750198
0.9480079460750198
0.9480035062178811
0.9480035062178811
0.9480043531421204
0.9480035062178811
0.9480035062178811
0.9480035062178811
0.9480035371966008
0.9480059053206876
0.9480035062178811
0.9480079460750198
0.9480035062178811
0.9480035062178811
