0.6612380782083683
0.6654860766010452
0.6584892006113906
0.6584197426976369
0.6584197426976369
0.6612362875578636
0.6584197426976369
0.6584197426976369
0.6660484506192516
0.6560103012017753
0.6585435284184029
0.6565131813930176
0.661122312277272
0.6584197426976369
0.6584892006113906
0.6584197426976369
0.6540170748835697
0.6584197426976369
0.6494930774672089
0.661122312277272
0.6538106118133825
0.6584197426976369
0.6584197426976369
0.661122312277272
0.6585497482733935
0.6584197426976369
0.6518136387698722
0.6628840411851913
0.6584197426976369
0.6584197426976369
