0.65166249194277
0.6698952549797385
0.6469676405597375
0.6461534625512534
0.7119838565854147
0.6438876674978606
0.6472732527728441
0.6640518313779302
0.6436939334380852
0.6502997193586297
0.6494948379940384
0.6458734983128291
0.6820444380077381
0.6456115312364166
0.6479596890466761
0.6505525019247613
0.6436643507751336
0.6624457939415793
0.6464744765186831
0.6510079937823485
0.6789324883641924
0.6842994380567075
0.6456031867269953
0.6491943460886942
0.644289695829004
0.6480549124543534
0.6025386962973686
0.6751387116533514
0.6666545081765253
0.6452602742072928
