0.690805045515781
0.7238062995973125
0.7575239869738637
0.7923278140972463
0.7842123987524195
0.8398758014227888
0.8317802291835447
0.7824458427673594
0.7772683394545693
0.818554610278285
0.8371865677817142
0.7665551018404078
0.8210492659655115
0.7986064800368449
0.7456551410634544
0.8325875337986698
0.7624021780518826
0.7339002098027438
0.8235678112216407
0.8404605969126873
0.771929444363259
0.6914904818057029
0.7651740443461097
0.7620537531088347
0.7605290149584345
0.778385458788356
0.8217551722120574
0.7321596492094214
0.7629319961380852
0.7930646283895556
