0.5442328507281944
0.5442328507281944
0.5442328507281944
0.5442328507281944
0.5442328507281944
0.5442328507281944
0.5442328507281944
0.5442328507281944
0.5442328507281944
0.5442328507281944
0.5442328507281944
0.5084413446372826
0.5442328507281944
0.5442328507281944
0.477275406427829
0.5442328507281944
0.5442328507281944
0.47423188623235785
0.47423188623235785
0.5442328507281944
0.5442328507281944
0.5442328507281944
0.5442328507281944
0.5442328507281944
0.47423188623235785
0.47423188623235785
0.5442328507281944
0.5442328507281944
0.5442328507281944
0.5442328507281944
