0.3885414104694026
0.38823163341470407
0.3873993678126209
0.3885414104694026
0.383579470834737
0.3830362096704588
0.3873993678126209
0.3873993678126209
0.3885414104694026
0.36418348083356394
0.2704645643539423
0.3873993678126209
0.38939150919912907
0.3649547198580061
0.38857312944331457
0.2990919721892602
0.3744672019683883
0.37771085007804195
0.3873993678126209
0.3879369244132959
0.3873993678126209
0.38271933141055053
0.38914175828493097
0.38865198914859894
0.3830362096704588
0.3830362096704588
0.3893443684677567
0.3838512393220928
0.38931264949384475
0.3874782275179052
