0.2553492798764818
0.2553492798764818
0.2553492798764818
0.2553492798764818
0.2553492798764818
0.2553492798764818
0.2553492798764818
0.2553492798764818
0.2553492798764818
0.2553492798764818
0.2553492798764818
0.2553492798764818
0.2553492798764818
0.2553492798764818
0.2553492798764818
0.2553492798764818
0.2553492798764818
0.2553492798764818
0.2553492798764818
0.24489813268991292
0.2553492798764818
0.2553492798764818
0.2553492798764818
0.2553492798764818
0.2553492798764818
0.2553492798764818
0.2553492798764818
0.2553492798764818
0.2553492798764818
0.2553492798764818
