0.5837313556059511
0.5837313556059511
0.5837313556059511
0.5837313556059511
0.5837313556059511
0.5837313556059511
0.5837313556059511
0.5837313556059511
0.5837313556059511
0.5837313556059511
0.5837313556059511
0.5837313556059511
0.5837313556059511
0.5837313556059511
0.5837313556059511
0.5837313556059511
0.5837313556059511
0.5837313556059511
0.5837313556059511
0.5837313556059511
0.5837313556059511
0.5837313556059511
0.5837313556059511
0.5837313556059511
0.5837313556059511
0.5837313556059511
0.527636114245847
0.5837313556059511
0.5837313556059511
0.5503477419691765
