0.6951987162636112
0.6563731459995666
0.655117438653737
0.6702054183935938
0.6984994207750711
0.6803647211816731
0.6284819610482589
0.6126105825163806
0.5698427046929873
0.6815916105145139
0.6494878222915879
0.5735668599008874
0.7032036625781978
0.6171319800503485
0.6537367072082324
0.6994768087695561
0.5924546466580356
0.6131921863625438
0.6975086661025229
0.6772207953384322
0.5269918457338099
0.660285524283339
0.5862600152434805
0.6321920471133091
0.7001441442847545
0.6051669436570617
0.7029602771835676
0.4294842649639332
0.62887628495514
0.6000156135668495
