0.9994062232926022
0.9624162855536584
0.9994062232926022
0.963555703481505
0.8950857753194825
0.7996861124458433
0.9994062232926022
0.5074294566046806
0.9624162855536584
0.9994062232926022
0.9624162855536584
0.5066916009537821
0.9994062232926022
0.9988195761195141
0.5066893722495581
0.7996861124458433
0.7996861124458433
0.7996861124458433
0.963555703481505
0.7996861124458433
0.9994062232926022
0.9994062232926022
0.9994062232926022
0.9994062232926022
0.9994062232926022
0.9994062232926022
0.9994062232926022
0.852807984054069
0.30689516173128356
0.9994062232926022
