0.3786226209566197
0.4179480673967566
0.2833787671905934
0.3786226209566197
0.3786226209566197
0.46140415039580945
0.3786226209566197
0.3786226209566197
0.3786226209566197
0.4179480673967566
0.3201736857379739
0.3786226209566197
0.3201736857379739
0.3786226209566197
0.3786226209566197
0.3786226209566197
0.3786226209566197
0.3786226209566197
0.3786226209566197
0.3786226209566197
0.3786226209566197
0.5444008511290829
0.3786226209566197
0.3786226209566197
0.3786226209566197
0.3786226209566197
0.3786226209566197
0.46140415039580945
0.3786226209566197
0.4831825206752946
