0.2853844246688112
0.15009152397979147
0.15009152397979147
0.44660632559932145
0.44512744419533445
0.43792652231500634
0.45727088671564137
0.3635896201309142
0.44660632559932145
0.12080340749382172
0.13017920893972315
0.2564528043054458
0.2853844246688112
0.45946303345393813
0.44660632559932145
0.47553794596268684
0.2564528043054458
0.17310913057402222
0.15009152397979147
0.5028504511962589
0.44325307446835405
0.44325307446835405
0.4168380637939291
0.4385687622769664
0.48620250707900675
0.49251081975376404
0.44660632559932145
0.409637141913601
0.23098462856367882
0.2564528043054458
