0.7709931298113257
0.7906312255698309
0.7984058344478053
0.8420680667265108
0.8519038975171657
0.8487088893912191
0.8379618213775152
0.7969277454992744
0.8298648851788702
0.8084737967003052
0.8297036193722531
0.8307882694163766
0.7946498048954721
0.7799686813090854
0.8305828748402027
0.8343425532187259
0.8337312863648196
0.8332861744179864
0.8416495502909237
0.7656240639730418
0.8492647464661537
0.7910256525677368
0.8197570248420395
0.8524928997962617
0.8503819826187615
0.8002762577547489
0.8490587064857478
0.8007367810688018
0.833032460135745
0.7939074758978345
