0.3510814143979973
0.34481090864326
0.37496869072993083
0.3510814143979973
0.3510814143979973
0.355484307900351
0.3511685204927165
0.3510814143979973
0.35823759171267466
0.3510814143979973
0.34995213516044243
0.3510814143979973
0.3464109970967854
0.34481090864326
0.36513121786199493
0.34481090864326
0.3510814143979973
0.3533787452708162
0.34481090864326
0.3510814143979973
0.34481090864326
0.3510814143979973
0.3510814143979973
0.34481090864326
0.34939685966981443
0.3499124362813429
0.3510814143979973
0.3499124362813429
0.34481090864326
0.3490590035580235
