0.8414026232370394
0.8414026232370394
0.8136926904336661
0.8017268038046785
0.8414026232370394
0.8414026232370394
0.8136926904336661
0.8414026232370394
0.8136926904336661
0.853212031314141
0.8414026232370394
0.8136926904336661
0.8260580299962929
0.8414026232370394
0.8136926904336661
0.8136926904336661
0.8136926904336661
0.8414026232370394
0.8136926904336661
0.8017268038046785
0.8414026232370394
0.853212031314141
0.8414026232370394
0.8136926904336661
0.8414026232370394
0.830225688523081
0.8559066056613969
0.8136926904336661
0.8136926904336661
0.8136926904336661
