0.7886580732649028
0.789693360028916
0.7888646835893329
0.785429976970285
0.7838339912435097
0.790295085656556
0.786106403823656
0.7881302809587952
0.7832071536375486
0.7860447242708767
0.7905559531705224
0.784112986189789
0.7885206658069129
0.7894871273895855
0.7874057729516577
0.7891515516274954
0.7932825606252643
0.7986410455300897
0.7896222054657068
0.7886795929854518
0.7943019791357131
0.7763478111964094
0.78548948210491
0.79172179909974
0.7921101928431117
0.7831768671226911
0.7843123130907236
0.7879054404424962
0.7890756206584731
0.7880181232965656
