0.8033837184846764
0.8033811425497658
0.8033837602350506
0.803381115689296
0.8033876734869225
0.803381115689296
0.803381329077173
0.8024486017659833
0.8033814738085963
0.803381115689296
0.803381115689296
0.8033873918709662
0.803381115689296
0.8033865695337508
0.8033841322752586
0.803381115689296
0.803381115689296
0.8033835434152271
0.803381115689296
0.802846771815217
0.8024540340359948
0.803381115689296
0.8033816460447241
0.803381115689296
0.8033819575700535
0.803381115689296
0.803382377467713
0.8033813128044388
0.803381115689296
0.803381115689296
