4.545454545454545303e-01
3.214285714285714524e-01
0.000000000000000000e+00
4.000000000000000222e-01
0.000000000000000000e+00
5.135135135135134865e-01
2.173913043478260809e-01
1.818181818181818232e-01
1.363636363636363535e-01
4.000000000000000222e-01
0.000000000000000000e+00
2.608695652173912971e-01
3.076923076923077094e-01
4.848484848484848619e-01
0.000000000000000000e+00
2.692307692307692180e-01
0.000000000000000000e+00
2.399999999999999911e-01
0.000000000000000000e+00
3.870967741935483764e-01
2.083333333333333426e-01
0.000000000000000000e+00
0.000000000000000000e+00
0.000000000000000000e+00
4.375000000000000000e-01
0.000000000000000000e+00
1.428571428571428492e-01
0.000000000000000000e+00
3.076923076923077094e-01
0.000000000000000000e+00
