0.8930606562529845
0.8894009080296399
0.889676653398044
0.8888157476062468
0.8866654224305625
0.8912566273315021
0.8932190985839933
0.8909107182709934
0.8876039469119242
0.8868301325432046
0.8887298163505718
0.8892446056455271
0.8875494871480502
0.8875415158217306
0.888236991586369
0.8889897979096204
0.8888117947415067
0.8861582908905936
0.888874837889291
0.8887284844048052
0.8894294790385919
0.8870938494603593
0.887668668564982
0.892172405867163
0.8890207122891065
0.888256369266625
0.887592075758735
0.8852477138716196
0.8900621276141725
0.8877635916610876
