0.8155816857306472
0.8155816857306472
0.8155816857306472
0.8210647282821952
0.8155816857306472
0.8155816857306472
0.8155816857306472
0.8155816857306472
0.8155816857306472
0.8155816857306472
0.8155816857306472
0.8155816857306472
0.8155816857306472
0.8155816857306472
0.816290256370216
0.8155816857306472
0.8155816857306472
0.8155816857306472
0.8155816857306472
0.8155816857306472
0.8155816857306472
0.8155816857306472
0.8155816857306472
0.8155816857306472
0.8156054477834219
0.8156054477834219
0.8155816857306472
0.8155816857306472
0.8155816857306472
0.7849258628966929
