0.6662554058564668
0.5705243041913248
0.6064185470792516
0.6115871066801164
0.6746601568157446
0.6607563598823941
0.7212538196716785
0.6407856764251694
0.6149309813289816
0.6167550342388953
0.6716142419502553
0.6062901105205716
0.6450087764043381
0.6411628201023108
0.5726180668482227
0.6425583977772021
0.6420451164539102
0.6407856764251694
0.6152191571722098
0.6710768254321313
0.6407856764251694
0.6142005501758521
0.6426398501095806
0.6149309813289816
0.6436621848762858
0.6696683822830792
0.6645210646430236
0.6693424842186881
0.64082001656572
0.6414144640539055
