0.9068874938867593
0.9068874938867593
0.9068874938867593
0.9068874938867593
0.9068874938867593
0.9068874938867593
0.9068874938867593
0.9068874938867593
0.9068874938867593
0.9068874938867593
0.9068874938867593
0.9068874938867593
0.9068874938867593
0.9068874938867593
0.9068874938867593
0.9068874938867593
0.8998516100726528
0.9068874938867593
0.9068874938867593
0.9068874938867593
0.9068874938867593
0.9068874938867593
0.9068874938867593
0.9068874938867593
0.9068874938867593
0.9068874938867593
0.9068874938867593
0.9068874938867593
0.9068874938867593
0.9068874938867593
