0.7977592514224128
0.7977592514224128
0.7977592514224128
0.7977592514224128
0.7977592514224128
0.7977592514224128
0.7977332157314008
0.7977592514224128
0.7977592514224128
0.7977592514224128
0.7977592514224128
0.7977592514224128
0.7977592514224128
0.7977592514224128
0.7912466538927205
0.7977592514224128
0.7977592514224128
0.7977592514224128
0.7977592514224128
0.7761234766792642
0.7977592514224128
0.7977592514224128
0.7977592514224128
0.7871855514265901
0.7977592514224128
0.7977592514224128
0.7977592514224128
0.7977592514224128
0.7977592514224128
0.7977592514224128
