0.6614235158000237
0.6611867436656956
0.6613258375823762
0.661187102982307
0.661763658074246
0.6612755682699996
0.6614304718896387
0.6629683011117556
0.6614235158000237
0.6612141429022469
0.6613523474942574
0.6613118211198944
0.6612604646484908
0.6613381903405422
0.6615457629599415
0.6613523474942574
0.6614304718896387
0.6613118211198944
0.6611867007398229
0.661355883238342
0.6613118211198944
0.6613160077371112
0.6613118211198944
0.6613118211198944
0.6613118211198944
0.6613523474942574
0.6630172733486479
0.6614235158000237
0.6614235158000237
0.6614235158000237
