5.263157894736841813e-02
5.263157894736841813e-02
5.405405405405405705e-02
2.702702702702702853e-02
1.250000000000000000e-01
7.692307692307692735e-02
7.894736842105262720e-02
5.405405405405405705e-02
7.894736842105262720e-02
2.702702702702702853e-02
5.263157894736841813e-02
7.894736842105262720e-02
5.263157894736841813e-02
2.702702702702702853e-02
7.692307692307692735e-02
2.702702702702702853e-02
2.702702702702702853e-02
2.702702702702702853e-02
5.405405405405405705e-02
1.315789473684210453e-01
5.263157894736841813e-02
5.263157894736841813e-02
5.263157894736841813e-02
2.702702702702702853e-02
1.250000000000000000e-01
2.777777777777777624e-02
7.894736842105262720e-02
1.081081081081081141e-01
5.263157894736841813e-02
2.702702702702702853e-02
