0.620022404401419
0.523573413296611
0.8443849578534584
0.845096739580456
0.5629873378156446
0.5751757500413828
0.69185167765018
0.6608006180735264
0.8939812300704303
0.7040882441356184
0.8921198284875634
0.8921198284875634
0.6608006180735264
0.85271058244116
0.5227830526540906
0.6617362488749364
0.7598294279644049
0.7020756867726433
0.7088575674396219
0.4179480673967566
0.5227830526540906
0.5227830526540906
0.7997280743049485
0.5094099463587599
0.8443849578534584
0.5490842569618245
0.8921198284875634
0.846082364507539
0.8463524829974388
0.6608006180735264
