0.8031108600015664
0.7988535470067586
0.7990441152598258
0.803034106366799
0.7988027999853483
0.8012426014675664
0.8024292362666616
0.7977592514224128
0.8028128468386726
0.8031026504697972
0.8019638329924755
0.8012426014675664
0.7978331012338429
0.7990216556482985
0.7980440798141566
0.8021170077399807
0.8012703191339078
0.8020364683534481
0.7998142256836727
0.8015314181796422
0.7977592514224128
0.8013479412628011
0.8019387439980259
0.8023744812471175
0.8019228349573415
0.8019228349573415
0.7981576441411806
0.8013172012198212
0.7981391710547906
0.8021784412720938
