0.5683681458903658
0.5936750471691049
0.5683681458903658
0.5936750471691049
0.5936750471691049
0.5683681458903658
0.5936750471691049
0.5936750471691049
0.3997123207083956
0.5683681458903658
0.5683681458903658
0.5936750471691049
0.5936750471691049
0.5683681458903658
0.5936750471691049
0.5936750471691049
0.5683681458903658
0.5936750471691049
0.5683681458903658
0.5683681458903658
0.5936750471691049
0.5936750471691049
0.3997123207083956
0.5936750471691049
0.5936750471691049
0.5936750471691049
0.5936750471691049
0.5936750471691049
0.5936750471691049
0.5683681458903658
