0.8179718053408622
0.8156205646629782
0.8002481312244258
0.8266353430518291
0.8164310715817407
0.8254367075017863
0.8156205646629782
0.8055123618294652
0.8266353430518291
0.8179718053408622
0.8222163535971881
0.7852023761363516
0.8254367075017863
0.8179718053408622
0.8223907947955031
0.8266353430518291
0.7923915298531401
0.8179718053408622
0.8179718053408622
0.7979073296736244
0.8130317644758132
0.8223907947955031
0.8156205646629782
0.8222163535971881
0.808776611319401
0.8179718053408622
0.8179718053408622
0.8223907947955031
0.8002481312244258
0.7784214599003002
