0.6231169229732372
0.6231169229732372
0.6088399694246089
0.6088399694246089
0.6088399694246089
0.6092374698155597
0.5685214221215102
0.6092374698155597
0.6088399694246089
0.6083333031787609
0.6092374698155597
0.5831387970643277
0.6088399694246089
0.6088399694246089
0.6088399694246089
0.6088399694246089
0.6092374698155597
0.6092374698155597
0.6092374698155597
0.6088399694246089
0.6088399694246089
0.6088399694246089
0.6092374698155597
0.6085394413528974
0.6088399694246089
0.6085394413528974
0.6231169229732372
0.6231169229732372
0.6085394413528974
0.6088399694246089
