0.4211220318007004
0.4211220318007004
0.4214095637581137
0.4211220318007004
0.4213657432933556
0.41906839713130084
0.41906839713130084
0.4211220318007004
0.41906839713130084
0.41906839713130084
0.41906839713130084
0.41906839713130084
0.4211220318007004
0.4211220318007004
0.41906839713130084
0.4211220318007004
0.4211220318007004
0.41906839713130084
0.41906839713130084
0.41906839713130084
0.4211220318007004
0.41906839713130084
0.4211220318007004
0.4211220318007004
0.4211220318007004
0.4211220318007004
0.41906839713130084
0.41906839713130084
0.41906839713130084
0.4211220318007004
