0.7273408144676987
0.7373535000140398
0.7373535000140398
0.7373535000140398
0.7373535000140398
0.7373535000140398
0.761033897895957
0.7273408144676987
0.7273408144676987
0.7373535000140398
0.7273408144676987
0.7273408144676987
0.7273408144676987
0.7373535000140398
0.7273408144676987
0.7273408144676987
0.7273408144676987
0.7373535000140398
0.7273408144676987
0.7273408144676987
0.7373535000140398
0.7373535000140398
0.7273408144676987
0.7373535000140398
0.7367742622146274
0.7273408144676987
0.7373535000140398
0.7373535000140398
0.7484729911933748
0.7484729911933748
