0.6231169229732372
0.6233936612358232
0.6231169229732372
0.6233936612358232
0.6232622187951598
0.6050653758316215
0.6233936612358232
0.6233936612358232
0.6236954914422694
0.6236954914422694
0.6095142080781457
0.6233936612358232
0.6233936612358232
0.6233936612358232
0.6232004959101269
0.6231169229732372
0.6231169229732372
0.6233936612358232
0.5886849762598011
0.6233372907920737
0.6233936612358232
0.6094578376343962
0.6202060776130178
0.6231169229732372
0.6233936612358232
0.6231169229732372
0.5969618797782557
0.6095142080781457
0.6233936612358232
0.579422884200015
