0.4752560291243758
0.47891587000805924
0.5022139075930157
0.5031723340331579
0.47891587000805924
0.47891587000805924
0.47891587000805924
0.4752560291243758
0.47891587000805924
0.5038711664935321
0.5032354114410108
0.5035858837867538
0.5060885418162959
0.47891587000805924
0.503647816189733
0.5035847346931025
0.5035847346931025
0.47891587000805924
0.5038711664935321
0.5038057947114022
0.5038711664935321
0.47891587000805924
0.47891587000805924
0.5038711664935321
0.5038711664935321
0.47891587000805924
0.47891587000805924
0.47891587000805924
0.47891587000805924
0.4755938784816064
