0.7892315553167528
0.7892315553167528
0.7892315553167528
0.7892315553167528
0.7892315553167528
0.7892315553167528
0.7892315553167528
0.7892315553167528
0.7892315553167528
0.7892315553167528
0.7892315553167528
0.7892315553167528
0.7892315553167528
0.7892315553167528
0.7892315553167528
0.7892315553167528
0.7892315553167528
0.7892315553167528
0.7892315553167528
0.7892315553167528
0.7892315553167528
0.7892315553167528
0.7892315553167528
0.7892315553167528
0.7892315553167528
0.7892315553167528
0.7892315553167528
0.7892315553167528
0.7892315553167528
0.7892315553167528
