0.8435289043295803
0.8435174591526531
0.8435174591526531
0.8012496306819622
0.8435174591526531
0.8435174591526531
0.8435174591526531
0.8435174591526531
0.8435174591526531
0.7891012924494645
0.8435174591526531
0.8435174591526531
0.8435174591526531
0.8435174591526531
0.8435174591526531
0.8435174591526531
0.8435174591526531
0.8435174591526531
0.781719917697306
0.8435194248963704
0.8435174591526531
0.8435174591526531
0.8435174591526531
0.8435174591526531
0.8435174591526531
0.8435174591526531
0.8279567836314133
0.8435174591526531
0.8435174591526531
0.8435174591526531
