0.7194855418960279
0.7194855418960279
0.7194855418960279
0.7194855418960279
0.7194855418960279
0.7194855418960279
0.7194855418960279
0.7194855418960279
0.7194855418960279
0.7159694792287178
0.7149407197133131
0.7194855418960279
0.7194855418960279
0.7194855418960279
0.7194855418960279
0.7194855418960279
0.701938614406957
0.7079633763680967
0.6752656592803149
0.7194855418960279
0.7194855418960279
0.7194855418960279
0.7194855418960279
0.7194855418960279
0.7194855418960279
0.7194855418960279
0.7001142557634722
0.7194855418960279
0.7194855418960279
0.7194855418960279
