0.2553492798764818
0.2553492798764818
0.2553492798764818
0.2553492798764818
0.2553492798764818
0.2553492798764818
0.2553492798764818
0.2553492798764818
0.2553492798764818
0.2553492798764818
0.2553492798764818
0.2553492798764818
0.2553492798764818
0.2553492798764818
0.2553492798764818
0.2553492798764818
0.2553492798764818
0.2553492798764818
0.2553492798764818
0.2553492798764818
0.2553492798764818
0.2553492798764818
0.2553492798764818
0.2553492798764818
0.2553492798764818
0.2553492798764818
0.2553492798764818
0.2553492798764818
0.2553492798764818
0.2553492798764818
