0.7941955052001984
0.7921115237776598
0.7816428087123223
0.7944389957998904
0.7895618269457041
0.7854640256678044
0.798329448325478
0.798329448325478
0.8009753262850938
0.7944389957998904
0.7854640256678044
0.8023809112433724
0.7854640256678044
0.7941955052001984
0.7941955052001984
0.7944389957998904
0.7987448379949416
0.7854640256678044
0.7944389957998904
0.7941955052001984
0.7854640256678044
0.7944389957998904
0.7895618269457041
0.7854640256678044
0.7904182562662203
0.7941955052001984
0.7941955052001984
0.7941955052001984
0.7856281579189949
0.7814993493095697
