0.8256751818783622
0.8399335548860981
0.8460579760828004
0.8266482398991502
0.8480701910958814
0.8411492180929063
0.8411143565174435
0.8391076023325481
0.835318311851797
0.8247549759796866
0.8270724374253597
0.8393560526691326
0.8350080870559651
0.8396430227201593
0.8415393397185722
0.8404894669128201
0.8393935199034801
0.8354400930272254
0.8372043919327455
0.8341361642778122
0.8256751818783622
0.8464578464633632
0.8372757822177634
0.8271623730032821
0.8366612809160564
0.8373675477070152
0.8260445008099919
0.8266482398991502
0.8393560526691326
0.8349709539752553
