0.7854640256678044
0.7994585060065329
0.7942852260868339
0.7941955052001984
0.7854640256678044
0.7941955052001984
0.7854640256678044
0.7942852260868339
0.798329448325478
0.7854640256678044
0.798329448325478
0.7854640256678044
0.7944389957998904
0.8069501935301552
0.7895618269457041
0.7854640256678044
0.808735596905957
0.798329448325478
0.7941955052001984
0.8002818076508631
0.8028194980912688
0.8049362782064621
0.7856281579189949
0.7944389957998904
0.798329448325478
0.7918742914015322
0.7889381502288775
0.798329448325478
0.7854640256678044
0.7854640256678044
