0.3808603818933215
0.3808603818933215
0.3808603818933215
0.3808603818933215
0.3808603818933215
0.3808603818933215
0.3808603818933215
0.3808603818933215
0.3808603818933215
0.3808603818933215
0.3808603818933215
0.3808603818933215
0.3808603818933215
0.3808603818933215
0.3808603818933215
0.3808603818933215
0.3808603818933215
0.3808603818933215
0.3808603818933215
0.37162205562868755
0.3808603818933215
0.3808603818933215
0.3808603818933215
0.3808603818933215
0.3808603818933215
0.3808603818933215
0.3808603818933215
0.3709624626423382
0.3808603818933215
0.3808603818933215
