0.5442328507281944
0.5442328507281944
0.5442328507281944
0.41770683141688053
0.5442328507281944
0.5442328507281944
0.5442328507281944
0.5442328507281944
0.5442328507281944
0.5442328507281944
0.3836493640188838
0.5442328507281944
0.477275406427829
0.5442328507281944
0.5442328507281944
0.47423188623235785
0.5442328507281944
0.4734553812959781
0.5442328507281944
0.41770683141688053
0.5442328507281944
0.5442328507281944
0.5442328507281944
0.4734553812959781
0.41770683141688053
0.5442328507281944
0.41770683141688053
0.4734553812959781
0.5084413446372826
0.47423188623235785
