0.3525206548401201
0.3536944164708138
0.38051348870071483
0.3548664377514792
0.038893605145017295
0.1242138773791946
0.0
0.3548664377514792
0.35365049818791316
0.0017363249041382313
0.3707631775636892
0.0
0.13473466071585674
0.357000676546242
0.3536626974969018
0.37687858447595873
0.3650335795632904
0.3536626974969018
0.04125053242454848
0.3525206548401201
0.1242138773791946
0.3536626974969018
0.35867828003462016
0.3650652985372024
0.3548664377514792
0.17745662848100116
0.038893605145017295
0.12814020982771765
0.14910148172262133
0.3536626974969018
