3.333333333333333148e-01
5.999999999999999778e-01
5.000000000000000000e-01
0.000000000000000000e+00
3.333333333333333148e-01
5.000000000000000000e-01
5.000000000000000000e-01
2.500000000000000000e-01
5.000000000000000000e-01
5.000000000000000000e-01
5.000000000000000000e-01
3.333333333333333148e-01
4.000000000000000222e-01
1.000000000000000000e+00
5.000000000000000000e-01
2.000000000000000111e-01
5.555555555555555802e-01
0.000000000000000000e+00
5.714285714285713969e-01
0.000000000000000000e+00
1.000000000000000000e+00
5.000000000000000000e-01
5.000000000000000000e-01
0.000000000000000000e+00
0.000000000000000000e+00
1.000000000000000000e+00
0.000000000000000000e+00
0.000000000000000000e+00
5.000000000000000000e-01
1.000000000000000000e+00
