0.3590961933275511
0.35588110998668826
0.3682188883457955
0.2576426360734591
0.2792066449357976
0.3716482219114206
0.25975727795775194
0.2596962707428586
0.3673915564337514
0.39674590060581033
0.38695359624589737
0.3682188883457955
0.3682188883457955
0.38866257741904375
0.37829500759386203
0.3542515735430791
0.35117441831618285
0.366224422015961
0.4395891176891268
0.322506654795457
0.3590961933275511
0.3716482219114206
0.3163267263559052
0.36823152164380896
0.2576426360734591
0.2596962707428586
0.2576426360734591
0.3746807923375091
0.3156576834855921
0.3682188883457955
