0.0
0.16484285762581374
0.07658508765193053
0.16484285762581374
0.16484285762581374
0.10621543201611154
0.0
0.16484285762581374
0.0454337611556354
0.10621543201611154
0.07284284445489468
0.0454337611556354
0.07284284445489468
0.16410248833232027
0.07284284445489468
0.0
0.16410248833232027
0.04679201761487299
0.07284284445489468
0.16484285762581374
0.16410248833232027
0.0454337611556354
0.16484285762581374
0.07284284445489468
0.16410248833232027
0.08132161765736423
0.16484285762581374
0.0
0.08132161765736423
0.16484285762581374
