0.38823163341470407
0.3873993678126209
0.38857312944331457
0.39070621040489145
0.3893443684677567
0.3885414104694026
0.3873993678126209
0.3893443684677567
0.3914398982738277
0.3873993678126209
0.3879369244132959
0.38965572418588595
0.3893443684677567
0.3893443684677567
0.38931264949384475
0.3893443684677567
0.3907101078040686
0.3893443684677567
0.38942322817304104
0.3893443684677567
0.3873993678126209
0.36418348083356394
0.36304143817678225
0.3885414104694026
0.38823163341470407
0.3885414104694026
0.36304143817678225
0.30010408591134297
0.37738549830904405
0.39070621040489145
