0.7892315553167528
0.7892315553167528
0.7892315553167528
0.7892315553167528
0.7892315553167528
0.7892315553167528
0.7892315553167528
0.7892315553167528
0.7892315553167528
0.7892315553167528
0.7892315553167528
0.7892315553167528
0.7892315553167528
0.7892315553167528
0.7892315553167528
0.7892315553167528
0.7892315553167528
0.7641609852154306
0.7892315553167528
0.7892315553167528
0.7892315553167528
0.7892315553167528
0.7892315553167528
0.7892315553167528
0.7892315553167528
0.7892315553167528
0.7892315553167528
0.7892315553167528
0.7892315553167528
0.7892315553167528
