0.8508238177449202
0.7761061152795156
0.8471383155208262
0.7874591112936755
0.7852784921552758
0.8382244045813054
0.7841929841547869
0.8311066294520943
0.8296235123466476
0.840887242038447
0.8029645357294356
0.7703983405310788
0.8151387550275782
0.8497123841067284
0.8040237971212245
0.7896463879199079
0.7662394698920983
0.8346561953617715
0.7781530569353218
0.7410704716867641
0.7958513184058004
0.8444521377293098
0.7575938218006817
0.837519506620914
0.841534628294432
0.8111441511132103
0.801479673461525
0.7968122924295958
0.8297820236154859
0.7408268653881355
