0.690805045515781
0.690805045515781
0.690805045515781
0.690805045515781
0.690805045515781
0.690805045515781
0.690805045515781
0.690805045515781
0.690805045515781
0.690805045515781
0.690805045515781
0.690805045515781
0.690805045515781
0.690805045515781
0.690805045515781
0.690805045515781
0.690805045515781
0.690805045515781
0.690805045515781
0.690805045515781
0.690805045515781
0.690805045515781
0.690805045515781
0.690805045515781
0.690805045515781
0.690805045515781
0.690805045515781
0.690805045515781
0.690805045515781
0.690805045515781
