0.3815317272569144
0.3474936594116852
0.4092817090744393
0.4067812680143298
0.3565679783175042
0.40725154641295425
0.392139549603596
0.4149866022238966
0.4060780630825863
0.40941762471886867
0.3930563012958631
0.4602131132282056
0.3789895761517158
0.39640836369518084
0.4133262554966789
0.3932417965466315
0.38512273212639225
0.41144167990859704
0.4160395124870139
0.34841041110395243
0.392139549603596
0.4438678849917437
0.392993062264809
0.3867791033186093
0.3744476527770385
0.392993062264809
0.39340200087161714
0.34841041110395243
0.4180347141985965
0.4028992041388688
