0.8155816857306472
0.8155816857306472
0.8155816857306472
0.8155816857306472
0.8155816857306472
0.8155816857306472
0.8165980869593394
0.8155816857306472
0.8155816857306472
0.8155816857306472
0.8155816857306472
0.8155816857306472
0.8155816857306472
0.8179290447122547
0.8155816857306472
0.8155816857306472
0.8156054477834219
0.8155816857306472
0.7849258628966929
0.8155816857306472
0.8155816857306472
0.7849258628966929
0.8155816857306472
0.8155816857306472
0.815718708032495
0.8155816857306472
0.8156054477834219
0.8155816857306472
0.8156054477834219
0.8155816857306472
