0.8054421908725153
0.8103258529947756
0.8040835052709091
0.8125514094626848
0.8060773760224448
0.808546159536276
0.8077491657501965
0.8070798392820243
0.8082745298721475
0.8069869884386758
0.8098148704755851
0.8160231850399806
0.8081198866296007
0.8047435116505569
0.8085635763177674
0.811156555468092
0.8046723469646752
0.8109137342827998
0.8033135635765128
0.8064337024992855
0.8043679830643595
0.8065387266139531
0.8071853621230833
0.8049580483327191
0.802011698798339
0.8059321113756673
0.807012762857361
0.8116074906858896
0.8103576780372735
0.8046618039428137
