0.6612897474521776
0.6612897474521776
0.6661383669652933
0.6613302738265406
0.6655999334491935
0.6615381883507637
0.6611865835141573
0.6612897474521776
0.6656108382923269
0.661202575065375
0.6615572281777111
0.6612544574111101
0.662546450918835
0.6611938258064198
0.6611823557319595
0.6613668256108767
0.6613650036080805
0.6612982781942865
0.628126281751557
0.6612733814037974
0.6613146336990752
0.6612897474521776
0.6612897474521776
0.6640023933797143
0.6613490248198252
0.6606182315261913
0.6612732014473479
0.663034376460954
0.6613976123001969
0.6632271951066818
