2.857142857142857054e-02
2.857142857142857054e-02
8.108108108108108558e-02
5.714285714285714107e-02
2.857142857142857054e-02
2.702702702702702853e-02
5.555555555555555247e-02
7.894736842105262720e-02
1.052631578947368363e-01
5.263157894736841813e-02
3.448275862068965469e-02
5.263157894736841813e-02
1.499999999999999944e-01
7.894736842105262720e-02
2.857142857142857054e-02
2.857142857142857054e-02
8.108108108108108558e-02
7.894736842105262720e-02
2.777777777777777624e-02
5.555555555555555247e-02
8.108108108108108558e-02
5.714285714285714107e-02
8.108108108108108558e-02
5.714285714285714107e-02
1.052631578947368363e-01
1.282051282051281937e-01
2.702702702702702853e-02
2.857142857142857054e-02
1.499999999999999944e-01
5.555555555555555247e-02
