0.8039470824159443
0.8038336179989547
0.803044338580703
0.8037013866512468
0.8055118083372713
0.8035110166009332
0.803822618138046
0.8027668330185629
0.8039140890756528
0.8034909814550122
0.803087317276176
0.8043713074870245
0.8038368593312853
0.8046934714313301
0.8043499886074098
0.8027583133735398
0.8045586971297688
0.8019228349573415
0.8021162316748351
0.8019228349573415
0.8037586461263979
0.8034838060967621
0.8038342242627566
0.8027767015245546
0.8053744884741328
0.8034426583741019
0.803276250229077
0.8022199377415179
0.8027797181358967
0.8021440456992164
