0.7889771438572496
0.7889771438572496
0.7889771438572496
0.7889771438572496
0.7889771438572496
0.7889771438572496
0.7889771438572496
0.7889771438572496
0.7889771438572496
0.7889771438572496
0.7889771438572496
0.7889771438572496
0.7889771438572496
0.7889771438572496
0.7889771438572496
0.7889771438572496
0.7889771438572496
0.7889771438572496
0.7465457618081132
0.7889771438572496
0.7889771438572496
0.7889771438572496
0.7889771438572496
0.7889771438572496
0.7889771438572496
0.7889771438572496
0.7889771438572496
0.7889771438572496
0.7889771438572496
0.7889771438572496
