0.7273408144676987
0.7273408144676987
0.7273408144676987
0.7373535000140398
0.7273408144676987
0.7273408144676987
0.7387608162911237
0.7131537289031059
0.7373535000140398
0.7273408144676987
0.7273408144676987
0.7373535000140398
0.7373535000140398
0.7373535000140398
0.7373535000140398
0.7373535000140398
0.7273408144676987
0.7273408144676987
0.7373535000140398
0.7273408144676987
0.7273408144676987
0.7273408144676987
0.7373535000140398
0.7373535000140398
0.7387608162911237
0.7373535000140398
0.7373535000140398
0.7273408144676987
0.7273408144676987
0.7373535000140398
