0.6233372907920737
0.6231169229732372
0.581274225823112
0.6202624480567673
0.6277940434077981
0.6202624480567673
0.6233936612358232
0.6231169229732372
0.6231169229732372
0.6233936612358232
0.6231169229732372
0.6202624480567673
0.5958063629454488
0.6231169229732372
0.6277940434077981
0.5872041705467761
0.6202624480567673
0.6199857097941813
0.577754815803833
0.6202624480567673
0.6202624480567673
0.6202624480567673
0.6202624480567673
0.6199857097941813
0.6231169229732372
0.6202624480567673
0.6231169229732372
0.6231169229732372
0.6231169229732372
0.6202624480567673
