0.9994062232926022
0.9994062232926022
0.9994062232926022
0.9994062232926022
0.9994062232926022
0.9994062232926022
0.9994062232926022
0.9994062232926022
0.9994062232926022
0.9994062232926022
0.9994062232926022
0.9994062232926022
0.9994062232926022
0.9994062232926022
0.9994062232926022
0.9994062232926022
0.9994062232926022
0.9994062232926022
0.9994062232926022
0.9994062232926022
0.9994062232926022
0.9994062232926022
0.9994062232926022
0.9994062232926022
0.9994062232926022
0.9994062232926022
0.9994062232926022
0.9994062232926022
0.9994062232926022
0.9994062232926022
