0.7380018916708969
0.7380018916708969
0.7380018916708969
0.7380020891384624
0.7380018916708969
0.7331196796012704
0.7380018916708969
0.7380018916708969
0.7380018916708969
0.7380018916708969
0.736343495001993
0.7363101633587498
0.7380018916708969
0.7374931622714329
0.7366837888325646
0.7380018916708969
0.7367386615421577
0.7380018916708969
0.7363082637188959
0.7380018916708969
0.7380018916708969
0.7380018916708969
0.7363101633587498
0.7380018916708969
0.7374953029470591
0.7366837888325646
0.7380018916708969
0.736343495001993
0.7380018916708969
0.7380197682100316
