0.503647816189733
0.5038711664935321
0.5038711664935321
0.5044100059935749
0.503647816189733
0.5035216684153384
0.5039342216506071
0.5024741563823659
0.5024741563823659
0.5035216684153384
0.5038711664935321
0.5031723340331579
0.5028862519007076
0.5035847346931025
0.5035216684153384
0.5037109128985607
0.5024741563823659
0.5021253131264987
0.5031723340331579
0.5035847346931025
0.5024741563823659
0.47891587000805924
0.5038711664935321
0.5031723340331579
0.5025372560785606
0.5024741563823659
0.5031723340331579
0.5031723340331579
0.5035847346931025
0.5039342216506071
