0.8483111601040113
0.8475753960712796
0.8484548757253517
0.8490314100718099
0.848465447431042
0.8491455867446787
0.8490801154950735
0.8491085117194795
0.850557891527626
0.8477691323060033
0.8483883345335806
0.8499860903274642
0.8480549876088095
0.8487858097563303
0.850391620336586
0.8484594844796173
0.8484579791755722
0.8476599356165925
0.8482397110095287
0.8491007886683116
0.8471010043140726
0.8485601028515201
0.8469172531959932
0.8484511184205431
0.8478469809580499
0.8491054900201701
0.8483025102250762
0.8484461799162436
0.8423164505862171
0.8483936357327345
