0.9480035062178811
0.9480035062178811
0.9480035062178811
0.9480037764555241
0.9480035062178811
0.9480035062178811
0.9480079460750198
0.9480035453383322
0.9480035062178811
0.9480035062178811
0.9480035062178811
0.9480035062178811
0.9480054993421415
0.9480035062178811
0.9480079460750198
0.9480109826644436
0.9480035062178811
0.9480035062178811
0.9480035062178811
0.9480038685014585
0.9480035062178811
0.9480035062178811
0.9480035062178811
0.9480047265908629
0.9480046849477058
0.9480035062178811
0.9480035062178811
0.9480035062178811
0.9480035062178811
0.9480041133757546
