0.000000000000000000e+00
0.000000000000000000e+00
0.000000000000000000e+00
0.000000000000000000e+00
1.515151515151515194e-02
0.000000000000000000e+00
1.538461538461538547e-02
5.797101449275362389e-02
0.000000000000000000e+00
0.000000000000000000e+00
0.000000000000000000e+00
1.515151515151515194e-02
0.000000000000000000e+00
0.000000000000000000e+00
0.000000000000000000e+00
0.000000000000000000e+00
1.515151515151515194e-02
1.538461538461538547e-02
0.000000000000000000e+00
0.000000000000000000e+00
0.000000000000000000e+00
0.000000000000000000e+00
2.168674698795180766e-01
1.515151515151515194e-02
0.000000000000000000e+00
0.000000000000000000e+00
1.538461538461538547e-02
1.515151515151515194e-02
0.000000000000000000e+00
0.000000000000000000e+00
