0.6231235996410278
0.6383908003266495
0.7335029524355475
0.7335533420619944
0.6383908003266495
0.659476489360786
0.6555704549313157
0.7385571863525526
0.7220322600093103
0.8224625854765589
0.724876864062781
0.6595553406467684
0.8560079931996817
0.8210773840704267
0.7078393287003832
0.772512304504035
0.6555704549313157
0.7363548092488249
0.7306409839992876
0.6219009151668844
0.6179591555010899
0.7367358133456123
0.6555704549313157
0.6153646442366995
0.7122763267313567
0.4773745866100112
0.7013031842681726
0.6231235996410278
0.7344468475796363
0.7752739152632432
