0.6948582579372515
0.7076873702325972
0.7268562173045071
0.7184793008816317
0.7184793008816317
0.71834763757347
0.7230916060918222
0.71573139839835
0.700905423934718
0.6972129116640884
0.7072091876027802
0.7274638474878615
0.7036461185211264
0.71963046275987
0.7264407366206452
0.7079878009384606
0.7184793008816317
0.7327700058306503
0.7278681488306948
0.7184793008816317
0.7077270305180324
0.6934255603626225
0.6710509814866075
0.6723069210590702
0.7053853277224279
0.7264836687619493
0.7223564153502624
0.7018266000135077
0.7190038740871002
0.7264407366206452
