0.8223396215434461
0.8223396215434461
0.8223396215434461
0.8223396215434461
0.8223396215434461
0.8223396215434461
0.8223396215434461
0.8223396215434461
0.8223396215434461
0.8223396215434461
0.8223396215434461
0.8223396215434461
0.8223396215434461
0.8223396215434461
0.8223396215434461
0.8223396215434461
0.8223396215434461
0.8223396215434461
0.8223396215434461
0.8223396215434461
0.8223396215434461
0.8223396215434461
0.8219669935971251
0.8223396215434461
0.8223396215434461
0.8223396215434461
0.8223396215434461
0.8223396215434461
0.8223396215434461
0.8223396215434461
