0.7872989583513104
0.7977592514224128
0.7837003691298905
0.7871855514265901
0.6895650807356103
0.7872989583513104
0.6753210225275228
0.7837003691298905
0.7977592514224128
0.7836743334388785
0.7974515308279995
0.7767252583554877
0.7977592514224128
0.7747017415071837
0.7977592514224128
0.7747017415071837
0.7747017415071837
0.7747017415071837
0.6857813155986252
0.7977592514224128
0.7872729226602984
0.6895322880143803
0.7871855514265901
0.6895650807356103
0.7835869622051702
0.7977592514224128
0.7767252583554877
0.6895650807356103
0.7837003691298905
0.7977592514224128
