0.8455013886638237
0.8410050650431138
0.8375077662943937
0.8385085929166115
0.8418928448933073
0.8375077662943937
0.8410050650431138
0.8439622829885394
0.8455013886638237
0.8455013886638237
0.8455013886638237
0.8455013886638237
0.8455013886638237
0.8408255120269299
0.8410050650431138
0.8410050650431138
0.8455013886638237
0.8455013886638237
0.8455013886638237
0.8455013886638237
0.8455013886638237
0.8436913917868251
0.8218491048596714
0.8410050650431138
0.8341888144008919
0.8455013886638237
0.8455013886638237
0.8410050650431138
0.8455013886638237
0.8373965212725972
