0.5837313556059511
0.5837313556059511
0.5837313556059511
0.5837313556059511
0.5837313556059511
0.5837313556059511
0.5837313556059511
0.5837313556059511
0.5837313556059511
0.5837313556059511
0.5837313556059511
0.5837313556059511
0.5837313556059511
0.5837313556059511
0.5837313556059511
0.5837313556059511
0.5837313556059511
0.5837313556059511
0.5837313556059511
0.5837313556059511
0.5837313556059511
0.5837313556059511
0.5837313556059511
0.5837313556059511
0.5837313556059511
0.5837313556059511
0.5837313556059511
0.5837313556059511
0.5837313556059511
0.5837313556059511
