0.8443799971684858
0.8443799971684858
0.8460882717324796
0.8460882717324796
0.846080198390955
0.8326195627113577
0.8443799971684858
0.8443799971684858
0.8436110021841127
0.8443799971684858
0.846080198390955
0.8443799971684858
0.8443799971684858
0.8443799971684858
0.8443799971684858
0.8443799971684858
0.8443799971684858
0.8443799971684858
0.8192229976285851
0.8443799971684858
0.8443799971684858
0.8443799971684858
0.8443799971684858
0.8443799971684858
0.8451786030139277
0.8443799971684858
0.8443799971684858
0.8443799971684858
0.8443799971684858
0.8443799971684858
