0.6716097304021306
0.1057710234745925
0.8280483989400822
0.853212031314141
0.7038762291711128
0.8414026232370394
0.8136926904336661
0.8064029680253761
0.8414026232370394
0.8414026232370394
0.8414026232370394
0.8414026232370394
0.8414026232370394
0.6716097304021306
0.8414026232370394
0.8750596129654086
0.683873731147515
0.8414026232370394
0.8527779018799898
0.8414026232370394
0.8146773270899743
0.8536071358569037
0.8484210021839635
0.8191536004423098
0.8136926904336661
0.8414026232370394
0.8570936933149679
0.6716097304021306
0.8414026232370394
0.8570936933149679
