0.5731996110050648
0.24584718744711284
0.7474324801506367
0.7280904009727209
0.6395685221340005
0.6863287710673918
0.7190100708284278
0.5970047890900444
0.7264435029675088
0.8116837221011043
0.6683942403242232
0.7331938913747538
0.6317455467756807
0.6852501237959068
0.6423917745892747
0.6842208534045623
0.8278309691401171
0.6628795327965634
0.8192411856336571
0.6250879077386624
0.5404324914630807
0.724603864139982
0.7840135354922306
0.6308718517883485
0.6848818128892736
0.8266309463566972
0.740680397404094
0.7188524988854302
0.7958714740042712
0.8305621149822721
