0.8436110021841127
0.8436110021841127
0.8436110021841127
0.8436110021841127
0.8450530469739019
0.8254180783325618
0.8436110021841127
0.8436110021841127
0.8436110021841127
0.8436110021841127
0.8436110021841127
0.8436110021841127
0.8436110021841127
0.8436110021841127
0.8436110021841127
0.8436110021841127
0.8436110021841127
0.8436110021841127
0.8436110021841127
0.8470121103063205
0.8436110021841127
0.8436110021841127
0.8436110021841127
0.8436110021841127
0.8097785165833258
0.8443799971684858
0.7700625583078732
0.8246490833481886
0.8436110021841127
0.8436110021841127
