0.7287527501063243
0.7295525247416759
0.7276015882280861
0.7276348306401875
0.7276348306401875
0.7221634199105098
0.7295525247416759
0.7276348306401875
0.7018266000135077
0.7264836687619493
0.7295525247416759
0.7276348306401875
0.7264836687619493
0.7276348306401875
0.7276348306401875
0.7264836687619493
0.7264836687619493
0.7276348306401875
0.7287527501063243
0.7276015882280861
0.7276348306401875
0.7184793008816317
0.7276348306401875
0.7287527501063243
0.7276348306401875
0.7276348306401875
0.7276348306401875
0.7264836687619493
0.7276348306401875
0.7276348306401875
