0.4179480673967566
0.8443849578534584
0.620022404401419
0.7589575104098957
0.508127554998158
0.4179480673967566
0.7624628743175916
0.42150679985557826
0.4253762944401234
0.9122185267291694
0.6648865480641956
0.5227830526540906
0.7160373208092651
0.9235966289712333
0.6617362488749364
0.6327547391173378
0.8463524829974388
0.7598809488207353
0.4589113248995882
0.620022404401419
0.3786226209566197
0.506980751047357
0.523573413296611
0.620022404401419
0.5114458605713608
0.5436457034207004
0.5227830526540906
0.6310015796349887
0.7989505894540955
0.7088575674396219
