0.4315027477717944
0.5022938567450718
0.4698027482140943
0.49332972852840873
0.46388700727768073
0.48386282692101873
0.4638204469149756
0.4698015200053576
0.4971107377579337
0.5062114939263156
0.4960105348080435
0.4724360752701729
0.46726582776528913
0.45568406173770454
0.47441988286978626
0.48481133622067807
0.4595064913148476
0.47123143588040234
0.4881363300441935
0.48766159346492277
0.48133706037902624
0.48846398568017235
0.4638654959669035
0.459775101464852
0.47560360999266216
0.4448746184104225
0.5043945289950448
0.43820330201123003
0.4788316963256356
0.4462542949288449
