0.5936750471691049
0.6084801339764854
0.6085526069038294
0.5936750471691049
0.6088743262931213
0.5936750471691049
0.6141711722064462
0.6441870159709898
0.6167829293665021
0.5936750471691049
0.6149295654339578
0.6085526069038294
0.6080637040052419
0.5936750471691049
0.5936750471691049
0.5936750471691049
0.608125931983982
0.6145476713067242
0.5936750471691049
0.6242575580981502
0.6139359852696481
0.6074619710958293
0.6529905863710374
0.6278327829280168
0.5936750471691049
0.6236142361718373
0.5936750471691049
0.5936750471691049
0.5936750471691049
0.5936750471691049
