0.8280483989400822
0.8037803948256855
0.8632347739809643
0.8632347739809643
0.8414026232370394
0.8131908692937081
0.8017268038046785
0.7873315520642987
0.8017268038046785
0.8017268038046785
0.8280483989400822
0.8136926904336661
0.8269516074373016
0.7773299488964772
0.8131908692937081
0.8136926904336661
0.8414026232370394
0.8017268038046785
0.7980894598727681
0.8414026232370394
0.8136926904336661
0.8136926904336661
0.8280483989400822
0.8632347739809643
0.8136926904336661
0.8632347739809643
0.8017268038046785
0.8136926904336661
0.8017268038046785
0.8136926904336661
