0.6297632224725477
0.6246396713187489
0.6288739002634157
0.627160575971564
0.6288491864792626
0.6229015199641323
0.6171728910463301
0.6248179479281081
0.6152759288159296
0.624938113941609
0.6375637277634552
0.6269076467812168
0.6238626501103737
0.6211698795747167
0.6160441289765307
0.612084822557332
0.6200085181581534
0.6196109909307429
0.633621494984325
0.6296739446610137
0.607036845222535
0.6230617528113812
0.6223593841192797
0.6175414886291294
0.6144020266727686
0.600174321743557
0.635277635540385
0.6247427408288523
0.6247021323900758
0.6183427026734246
