0.4734553812959781
0.4734553812959781
0.4734553812959781
0.4734553812959781
0.5434439733473213
0.4734553812959781
0.5442328507281944
0.9439994667673883
0.4734553812959781
0.4734553812959781
0.4734553812959781
0.5442328507281944
0.4734553812959781
0.4734553812959781
0.4734553812959781
0.4734553812959781
0.4734553812959781
0.4734553812959781
0.4734553812959781
0.5442328507281944
0.4734553812959781
0.4734553812959781
0.4734553812959781
0.4734553812959781
0.4734553812959781
0.4734553812959781
0.4734553812959781
0.4734553812959781
0.4734553812959781
0.4734553812959781
