0.37922436738731785
0.37922436738731785
0.37922436738731785
0.37922436738731785
0.37922436738731785
0.37922436738731785
0.37922436738731785
0.34192552424232625
0.37922436738731785
0.37922436738731785
0.37922436738731785
0.37922436738731785
0.33966604822831636
0.37922436738731785
0.38842859321539147
0.30038877253449425
0.37922436738731785
0.37922436738731785
0.37922436738731785
0.3765045950676557
0.37922436738731785
0.37922436738731785
0.37922436738731785
0.37922436738731785
0.37922436738731785
0.37922436738731785
0.3873993678126209
0.37922436738731785
0.37922436738731785
0.37922436738731785
