0.6166248940526091
0.9183475902689805
0.4808148542034503
0.5059492878944357
0.9183475902689805
0.5052165918557642
0.4808148542034503
0.9183475902689805
0.39725777847341515
0.9177374053793249
0.9183475902689805
0.4808148542034503
0.6166248940526091
0.9183475902689805
0.9183475902689805
0.4718524775473434
0.9183475902689805
0.4734476083988761
0.6166248940526091
0.9183475902689805
0.9183475902689805
0.8213742363132799
0.9183475902689805
0.4727196324062187
0.5059611292441176
0.5066916009537821
0.4808148542034503
0.5066916009537821
0.5059611292441176
0.4808148542034503
