0.6848480255035685
0.7112223701641517
0.654339307799324
0.6614509909413633
0.6655712568576434
0.6602605912891775
0.6555865047579501
0.6542197589043874
0.6646849895147741
0.658961540703877
0.6597839201469937
0.6439413175557365
0.6840726951406259
0.6702871914030821
0.6629363910043348
0.7126929914378755
0.6913006966499845
0.6967092675813733
0.7055701439509849
0.6532261351495215
0.706564451426618
0.6994154875380798
0.6803921564974459
0.6929802268008514
0.6657388458641601
0.6716422049595666
0.7238314934240894
0.6942550313411743
0.7049505375569491
0.7263972508366484
