0.6948889400690919
0.7040174573189977
0.6987782310231077
0.6952331829579182
0.6944317287488107
0.7005627384967292
0.6871697555786364
0.6942390686186652
0.7014055978189787
0.6978238607840579
0.6942934823541737
0.6973834987258773
0.7032290507897632
0.6942069220350094
0.6959801093381511
0.6965682606889395
0.6939547064388505
0.7142414867085248
0.6858469252470794
0.6999278261513869
0.6979304133089252
0.6943576548439561
0.6958976808186877
0.6990354869980805
0.6911316610958202
0.6990931657226979
0.7071870609990286
0.7016966817984801
0.6986870935487733
0.6920381390607334
