0.8278169768306752
0.8278169768306752
0.8278257112711958
0.8276879741652262
0.8278169768306752
0.8035913484558889
0.8233940393860893
0.8235698801707619
0.8116328841907458
0.8278170531842457
0.8278169768306752
0.8278169768306752
0.8278169768306752
0.8278169768306752
0.8278169768306752
0.8278169768306752
0.8278169768306752
0.8278188456781712
0.8278169768306752
0.8274444854315973
0.7660072817324172
0.8035913484558889
0.8278169768306752
0.8278181647689965
0.8278169768306752
0.8273855124599239
0.8278185210122873
0.8278169768306752
0.8278169768306752
0.8273823572297593
