0.7996060862582519
0.7996060862582519
0.7996060862582519
0.7996060862582519
0.7996060862582519
0.7996100234166537
0.7996060862582519
0.7996100234166537
0.7992750285874278
0.7996100234166537
0.7996060862582519
0.7996060862582519
0.7996100234166537
0.7996060862582519
0.7996060862582519
0.7996060862582519
0.7996060862582519
0.7996100234166537
0.7996060862582519
0.7985096174021534
0.7996060862582519
0.7996100234166537
0.7996060862582519
0.7996060862582519
0.7996060862582519
0.7996060862582519
0.7996060862582519
0.7996060862582519
0.7996100234166537
0.7996060862582519
