0.8032690971298754
0.803381115689296
0.803381115689296
0.803381115689296
0.803381115689296
0.803381115689296
0.803381115689296
0.803381115689296
0.803381115689296
0.7215481425678727
0.803381115689296
0.803381115689296
0.803381115689296
0.803381115689296
0.803381115689296
0.803381115689296
0.803381115689296
0.803381115689296
0.803381115689296
0.803381115689296
0.803381115689296
0.803381115689296
0.803381115689296
0.803381115689296
0.7990207962056525
0.803381115689296
0.803381115689296
0.803381115689296
0.803381115689296
0.803381115689296
