0.47891587000805924
0.47891587000805924
0.47891587000805924
0.47891587000805924
0.47891587000805924
0.47891587000805924
0.47891587000805924
0.47891587000805924
0.47891587000805924
0.47891587000805924
0.43393159171324397
0.47891587000805924
0.47891587000805924
0.47891587000805924
0.47891587000805924
0.47891587000805924
0.47891587000805924
0.47891587000805924
0.47891587000805924
0.47891587000805924
0.47891587000805924
0.47891587000805924
0.47891587000805924
0.47891587000805924
0.47891587000805924
0.47891587000805924
0.47891587000805924
0.47891587000805924
0.47891587000805924
0.4752560291243758
