0.8434487169525472
0.8434487169525472
0.8434519314824548
0.8434487169525472
0.8434487169525472
0.8434487169525472
0.8434510292602225
0.8434487169525472
0.8434487169525472
0.8122584356317663
0.8434487169525472
0.8434487169525472
0.8434490227788256
0.8434487169525472
0.8434487169525472
0.8434488601140555
0.8434487169525472
0.8434487169525472
0.7869372121804574
0.8434487169525472
0.8434487169525472
0.8434487169525472
0.8434487169525472
0.8434492451164548
0.8434490206610509
0.8434487169525472
0.6721259592954775
0.8434487169525472
0.8434487169525472
0.8434487169525472
