0.3510814143979973
0.3592196790790568
0.3510814143979973
0.3510814143979973
0.34481090864326
0.34481090864326
0.34481090864326
0.3510814143979973
0.3510814143979973
0.3510814143979973
0.3510814143979973
0.3499124362813429
0.3607768339002111
0.34481090864326
0.34481090864326
0.3510814143979973
0.3499124362813429
0.3510814143979973
0.3499124362813429
0.3542533178714083
0.3510814143979973
0.3510814143979973
0.3510814143979973
0.3510814143979973
0.3510814143979973
0.3510814143979973
0.3510814143979973
0.3510814143979973
0.34481090864326
0.34481090864326
