0.694406854095043
0.6930530571759455
0.6961796601044076
0.6892447025766736
0.7000844434663845
0.6975993189225154
0.6934912414783819
0.698038087323387
0.6917118424023646
0.6971629673113228
0.6949321752791106
0.6924146152041027
0.6924141267347736
0.6911807294516971
0.6868573438526228
0.692213330044954
0.6917809864723958
0.6932453482914721
0.6998654706087741
0.6950431349649094
0.6960929229001096
0.6946981437984353
0.6939040352176588
0.6945442817315161
0.6937758001686279
0.6926456537334464
0.7021645261683884
0.6967200998070294
0.6917217358439527
0.6978487326085683
