0.620022404401419
0.523573413296611
0.8558053079067847
0.5436457034207004
0.620022404401419
0.4179480673967566
0.620022404401419
0.5711963956361062
0.6608006180735264
0.579970499022199
0.5980580911112108
0.4179480673967566
0.5145740521865624
0.6272165208530834
0.5101720750924842
0.620022404401419
0.5871679457309976
0.4179480673967566
0.6608006180735264
0.5563580952198548
0.6290719512395053
0.579970499022199
0.47542382002581796
0.485723708497101
0.808991426547619
0.6608006180735264
0.485723708497101
0.47542382002581796
0.620022404401419
0.4482190167795113
