0.7297693805183151
0.757696526022046
0.7620472513521868
0.6145888476889845
0.7197093198896501
0.6602019644376349
0.6145888476889845
0.7445341290339663
0.6762480518740279
0.5963775640116695
0.7705730126243975
0.8003475093006062
0.7267125486434729
0.6602019644376349
0.6613688480764226
0.7069708732813874
0.6602019644376349
0.6184365402774468
0.6602019644376349
0.766219976940156
0.6881108892112541
0.6145888476889845
0.775029233798212
0.6602019644376349
0.661357756532737
0.7567423437944862
0.6184365402774468
0.758275389702029
0.7614776810945671
0.6881108892112541
