0.5936750471691049
0.5936750471691049
0.5936750471691049
0.5936750471691049
0.5936750471691049
0.5936750471691049
0.5936750471691049
0.5936750471691049
0.5936750471691049
0.5936750471691049
0.5936750471691049
0.5936750471691049
0.5936750471691049
0.5936750471691049
0.5936750471691049
0.5936750471691049
0.5936750471691049
0.5936750471691049
0.5936750471691049
0.5683681458903658
0.5936750471691049
0.5936750471691049
0.5936750471691049
0.5936750471691049
0.5936750471691049
0.5936750471691049
0.5936750471691049
0.5936750471691049
0.5936750471691049
0.5801799277569921
