0.8275858337185066
0.8278634383311828
0.8290767275696023
0.8275858337185066
0.8269129476645053
0.8271558636593568
0.8269129476645053
0.8269515880030271
0.8269129476645053
0.807691343206766
0.8266353430518291
0.8278634383311828
0.8292642078683912
0.8269129476645053
0.8278634383311828
0.8267254673657164
0.8288028563117003
0.8289866032557149
0.8269129476645053
0.8255268318156737
0.8292642078683912
0.8275858337185066
0.8292642078683912
0.8269129476645053
0.8278634383311828
0.8278634383311828
0.8176015546696336
0.8269129476645053
0.8278634383311828
0.8274757432453318
