0.6231169229732372
0.6231169229732372
0.6231169229732372
0.6231169229732372
0.6231169229732372
0.6231169229732372
0.6231169229732372
0.6231169229732372
0.5721958975290227
0.6231169229732372
0.6231169229732372
0.6231169229732372
0.6231169229732372
0.6231169229732372
0.6231169229732372
0.6231169229732372
0.6231169229732372
0.6092374698155597
0.6199857097941813
0.6231169229732372
0.6231169229732372
0.6231169229732372
0.6231169229732372
0.6231169229732372
0.6231169229732372
0.6231169229732372
0.6092374698155597
0.6231169229732372
0.6231169229732372
0.6199857097941813
