0.7273408144676987
0.7273408144676987
0.7273408144676987
0.7273408144676987
0.7273408144676987
0.7273408144676987
0.7273408144676987
0.7273408144676987
0.7273408144676987
0.7273408144676987
0.7273408144676987
0.7273408144676987
0.7273408144676987
0.7273408144676987
0.7273408144676987
0.7273408144676987
0.7273408144676987
0.7273408144676987
0.7273408144676987
0.7273408144676987
0.7273408144676987
0.7273408144676987
0.72558310814104
0.7273408144676987
0.7273408144676987
0.7273408144676987
0.7273408144676987
0.7273408144676987
0.7273408144676987
0.7166198557361053
