0.6199857097941813
0.6199857097941813
0.6199857097941813
0.5474413995386539
0.6092374698155597
0.6092374698155597
0.5962398320142555
0.6199857097941813
0.5345438073258095
0.5895429682687838
0.6092374698155597
0.6092374698155597
0.6199857097941813
0.6092374698155597
0.6092374698155597
0.6231169229732372
0.5958063629454488
0.6092374698155597
0.6092374698155597
0.6092374698155597
0.5962398320142555
0.5345438073258095
0.6199857097941813
0.6199857097941813
0.5655434310423375
0.6231169229732372
0.5958063629454488
0.6092374698155597
0.6199857097941813
0.5636523094378694
