0.4179480673967566
0.4179480673967566
0.4179480673967566
0.4179480673967566
0.4179480673967566
0.687033182319089
0.523573413296611
0.5336866820343044
0.4179480673967566
0.4179480673967566
0.3594357420821646
0.4179480673967566
0.4179480673967566
0.4179480673967566
0.3201736857379739
0.4179480673967566
0.4179480673967566
0.483633544272696
0.483633544272696
0.483633544272696
0.3201736857379739
0.6998937726289328
0.4179480673967566
0.483633544272696
0.5884692772615985
0.3201736857379739
0.483633544272696
0.483633544272696
0.3977680959500935
0.4179480673967566
