0.8136926904336661
0.8136926904336661
0.8136926904336661
0.8136926904336661
0.8136926904336661
0.8136926904336661
0.8136926904336661
0.8136926904336661
0.8136926904336661
0.8136926904336661
0.8017268038046785
0.8136926904336661
0.8136926904336661
0.8136926904336661
0.8136926904336661
0.8136926904336661
0.8136926904336661
0.8136926904336661
0.8136926904336661
0.8136926904336661
0.8136926904336661
0.8136926904336661
0.8136926904336661
0.8136926904336661
0.8136926904336661
0.8136926904336661
0.8136926904336661
0.8136926904336661
0.8136926904336661
0.8136926904336661
