0.7996060862582519
0.7996060862582519
0.7996060862582519
0.7964610741773784
0.797822611084903
0.7996060862582519
0.7970824226419799
0.7978264401895325
0.7964610741773784
0.7227072603286818
0.7970748548481665
0.7972012626203016
0.7996060862582519
0.796453506383565
0.797822611084903
0.7972012626203016
0.7978247640248874
0.7996060862582519
0.7560504673481656
0.7972026044455449
0.7996060862582519
0.797205091724931
0.7972012626203016
0.7996060862582519
0.7883420672822181
0.7996060862582519
0.7720501569120692
0.796453506383565
0.7972026044455449
0.797780315648921
