0.3808603818933215
0.3808603818933215
0.3808603818933215
0.3808603818933215
0.3808603818933215
0.3808603818933215
0.3808603818933215
0.3808603818933215
0.3808603818933215
0.3808603818933215
0.3808603818933215
0.3808603818933215
0.3808603818933215
0.3808603818933215
0.3808603818933215
0.3808603818933215
0.3808603818933215
0.3808603818933215
0.3808603818933215
0.3808603818933215
0.3808603818933215
0.3808603818933215
0.3808603818933215
0.3808603818933215
0.3808603818933215
0.3808603818933215
0.3808603818933215
0.3808603818933215
0.3808603818933215
0.3808603818933215
