0.5936750471691049
0.623660706809063
0.6075236161737838
0.6235312554568716
0.6433097172602398
0.5936750471691049
0.5139091554314199
0.6140711482162079
0.6084801339764854
0.6428056483843537
0.5936750471691049
0.5936750471691049
0.5936750471691049
0.5936750471691049
0.6012659254110115
0.5936750471691049
0.41066058616432893
0.5968018629277115
0.5798424413410523
0.5936750471691049
0.5936750471691049
0.5936750471691049
0.5936750471691049
0.6080637040052419
0.5936750471691049
0.5936750471691049
0.6080637040052419
0.41048375352239175
0.5936750471691049
0.5936750471691049
