0.7892315553167528
0.7892315553167528
0.7892315553167528
0.7892315553167528
0.7892315553167528
0.7892315553167528
0.7892315553167528
0.7892315553167528
0.7892315553167528
0.7892315553167528
0.7892315553167528
0.7872777456906276
0.7892315553167528
0.7892315553167528
0.7892315553167528
0.7892315553167528
0.7892315553167528
0.7892315553167528
0.7892315553167528
0.7892315553167528
0.7892315553167528
0.7892315553167528
0.7892315553167528
0.7892315553167528
0.7892315553167528
0.7892315553167528
0.7892315553167528
0.7892315553167528
0.7892315553167528
0.7892315553167528
