0.8460361910906489
0.8460360749455296
0.8466913778695495
0.8478297671797066
0.8461651429617006
0.8467292620805197
0.8460352350865161
0.8461656458037546
0.8470640082701302
0.8469599671224793
0.8476339070101552
0.8461160626929668
0.8462417522518516
0.8469065374876402
0.8476390387875464
0.8484006310513794
0.8466300831660688
0.8460361910906489
0.8470616696255
0.8467314753045867
0.8460360749455296
0.8472838411818543
0.8476761153699451
0.8470606632295057
0.8469070649153033
0.8461655990757686
0.8469080998016386
0.8472839573269736
0.8466858313929896
0.8467284648128552
