0.25934736173283457
0.41326976633977613
0.41326976633977613
0.25934736173283457
0.25934736173283457
0.25934736173283457
0.25934736173283457
0.25934736173283457
0.25934736173283457
0.25934736173283457
0.25934736173283457
0.25934736173283457
0.25934736173283457
0.25934736173283457
0.25934736173283457
0.25934736173283457
0.25934736173283457
0.25934736173283457
0.25934736173283457
0.25934736173283457
0.25934736173283457
0.25934736173283457
0.25934736173283457
0.25934736173283457
0.25934736173283457
0.25934736173283457
0.41326976633977613
0.25934736173283457
0.25934736173283457
0.25934736173283457
