0.6032756980834626
0.5943769831374269
0.6634767120350725
0.6240223673289078
0.5925411591011369
0.6514191332028642
0.5880629840291852
0.6296969352389002
0.6230170159237681
0.6662188130486855
0.6194789804804579
0.6510665717537737
0.656224378685245
0.5949186767452217
0.6538938685993254
0.6651400583646173
0.6206977667677825
0.6216386776164564
0.6390039087919954
0.6079268482251429
0.6458367577009809
0.6267103167742175
0.6223715983651802
0.6227963536659443
0.6579670172992894
0.6326234351305364
0.5945069050592793
0.6241140420633946
0.6263474410547314
0.6558900856684512
