0.765408369477392
0.8033473037900807
0.7877327227555723
0.548604127913119
0.4069872223484885
0.8033473037900807
0.80323528523066
0.803381115689296
0.8033473037900807
0.7877327227555723
0.6892079049889327
0.6329180324342011
0.7877327227555723
0.8033473037900807
0.0
0.7929210924484603
0.548604127913119
0.7654706482021169
0.7877327227555723
0.803381115689296
0.548604127913119
0.8033473037900807
0.548604127913119
0.7877327227555723
0.8033473037900807
0.7063867486173081
0.7982979388634369
0.7654706482021169
0.6329180324342011
0.6329180324342011
