0.7699058320396976
0.7730779233562144
0.7730779233562144
0.7730779233562144
0.7730779233562144
0.7735709750148322
0.7730779233562144
0.7730779233562144
0.7730779233562144
0.7730779233562144
0.7730779233562144
0.7730779233562144
0.7727827350146775
0.7730779233562144
0.7734876575444951
0.7730779233562144
0.7735709750148322
0.7730779233562144
0.7730779233562144
0.7720720488217987
0.7730779233562144
0.7730779233562144
0.7720720488217987
0.7735709750148322
0.7730779233562144
0.7730779233562144
0.7720720488217987
0.7730779233562144
0.7730779233562144
0.7730779233562144
