0.6905001350411838
0.6905908426845785
0.7268348634034696
0.726834977509537
0.6529220437456178
0.7268297904832712
0.6905372612123195
0.7268705067265203
0.7268343187636462
0.6905001350411838
0.6528479201962111
0.7268189297321218
0.7268189297321218
0.6905001350411838
0.690516182818599
0.7268353960771984
0.7268189297321218
0.6529223224217157
0.7268194683888977
0.7268348634034696
0.7268189297321218
0.7268296422686408
0.7268711051845463
0.7268189297321218
0.7268343187636462
0.7268189297321218
0.7268296422686408
0.7268189297321218
0.7268560559032575
0.6905001350411838
