9.090909090909091161e-02
9.090909090909091161e-02
0.000000000000000000e+00
8.333333333333332871e-02
8.333333333333332871e-02
9.090909090909091161e-02
1.666666666666666574e-01
1.666666666666666574e-01
8.333333333333332871e-02
1.000000000000000056e-01
1.538461538461538547e-01
1.538461538461538547e-01
1.538461538461538547e-01
8.333333333333332871e-02
1.538461538461538547e-01
2.666666666666666630e-01
8.333333333333332871e-02
8.333333333333332871e-02
8.333333333333332871e-02
1.538461538461538547e-01
8.333333333333332871e-02
2.142857142857142738e-01
9.090909090909091161e-02
1.538461538461538547e-01
1.000000000000000056e-01
1.538461538461538547e-01
2.307692307692307820e-01
1.538461538461538547e-01
8.333333333333332871e-02
9.090909090909091161e-02
