1.0 0.0
0.975609756097561 0.024390243902439046
0.9512195121951219 0.04878048780487809
0.9268292682926829 0.07317073170731714
0.9024390243902438 0.09756097560975618
0.8780487804878048 0.12195121951219523
0.8536585365853657 0.14634146341463428
0.8292682926829267 0.17073170731707332
0.8048780487804876 0.19512195121951237
0.7804878048780486 0.21951219512195141
0.7560975609756095 0.24390243902439046
0.7317073170731705 0.2682926829268295
0.7073170731707314 0.29268292682926855
0.6829268292682924 0.3170731707317076
0.6585365853658534 0.34146341463414664
0.6341463414634143 0.3658536585365857
0.6097560975609753 0.39024390243902474
0.5853658536585362 0.4146341463414638
0.5609756097560972 0.43902439024390283
0.5365853658536581 0.4634146341463419
0.5121951219512191 0.4878048780487809
0.48780487804878003 0.51219512195122
0.463414634146341 0.536585365853659
0.43902439024390194 0.5609756097560981
0.4146341463414629 0.5853658536585371
0.39024390243902385 0.6097560975609762
0.3658536585365848 0.6341463414634152
0.34146341463414576 0.6585365853658542
0.3170731707317067 0.6829268292682933
0.29268292682926766 0.7073170731707323
0.2682926829268286 0.7317073170731714
0.2439024390243896 0.7560975609756104
0.21951219512195058 0.7804878048780495
0.19512195121951156 0.8048780487804884
0.17073170731707255 0.8292682926829275
0.14634146341463353 0.8536585365853665
0.12195121951219451 0.8780487804878054
0.09756097560975549 0.9024390243902445
0.07317073170731647 0.9268292682926835
0.04878048780487745 0.9512195121951226
0.02439024390243842 0.9756097560975616
-6.036837696399289E-16 1.0000000000000007