1.0 0.0
0.9473684210526316 0.05263157894736836
0.8947368421052633 0.10526315789473673
0.8421052631578949 0.1578947368421051
0.7894736842105265 0.21052631578947345
0.7368421052631582 0.2631578947368418
0.6842105263157898 0.3157894736842102
0.6315789473684215 0.36842105263157854
0.5789473684210531 0.4210526315789469
0.5263157894736847 0.47368421052631526
0.4736842105263163 0.5263157894736836
0.4210526315789479 0.5789473684210521
0.3684210526315795 0.6315789473684206
0.31578947368421106 0.6842105263157889
0.26315789473684265 0.7368421052631573
0.21052631578947423 0.7894736842105258
0.1578947368421058 0.8421052631578942
0.10526315789473739 0.8947368421052626
0.05263157894736897 0.947368421052631
5.551115123125783E-16 0.9999999999999994