1.0 0.0
0.9803921568627451 0.019607843137254943
0.9607843137254901 0.03921568627450989
0.9411764705882352 0.05882352941176483
0.9215686274509802 0.07843137254901977
0.9019607843137253 0.09803921568627472
0.8823529411764703 0.11764705882352966
0.8627450980392154 0.1372549019607846
0.8431372549019605 0.15686274509803955
0.8235294117647055 0.1764705882352945
0.8039215686274506 0.19607843137254943
0.7843137254901956 0.21568627450980438
0.7647058823529407 0.23529411764705932
0.7450980392156857 0.25490196078431426
0.7254901960784308 0.2745098039215692
0.7058823529411759 0.29411764705882415
0.6862745098039209 0.3137254901960791
0.666666666666666 0.33333333333333404
0.647058823529411 0.352941176470589
0.6274509803921561 0.3725490196078439
0.6078431372549011 0.39215686274509887
0.5882352941176462 0.4117647058823538
0.5686274509803912 0.43137254901960875
0.5490196078431363 0.4509803921568637
0.5294117647058814 0.47058823529411864
0.5098039215686264 0.4901960784313736
0.49019607843137153 0.5098039215686285
0.47058823529411664 0.5294117647058834
0.45098039215686175 0.5490196078431382
0.43137254901960687 0.5686274509803931
0.411764705882352 0.5882352941176481
0.3921568627450971 0.6078431372549029
0.3725490196078422 0.6274509803921577
0.3529411764705873 0.6470588235294127
0.3333333333333324 0.6666666666666676
0.31372549019607754 0.6862745098039225
0.29411764705882265 0.7058823529411773
0.27450980392156776 0.7254901960784322
0.2549019607843129 0.7450980392156872
0.235294117647058 0.764705882352942
0.2156862745098031 0.7843137254901968
0.1960784313725482 0.8039215686274518
0.17647058823529332 0.8235294117647067
0.15686274509803844 0.8431372549019616
0.13725490196078355 0.8627450980392164
0.11764705882352865 0.8823529411764713
0.09803921568627375 0.9019607843137263
0.07843137254901884 0.9215686274509811
0.05882352941176394 0.9411764705882361
0.03921568627450904 0.960784313725491
0.01960784313725414 0.9803921568627458
-7.632783294297951E-16 1.0000000000000007