1.0 0.0
0.9818181818181818 0.018181818181818188
0.9636363636363636 0.036363636363636376
0.9454545454545454 0.054545454545454564
0.9272727272727272 0.07272727272727275
0.9090909090909091 0.09090909090909094
0.8909090909090909 0.10909090909090913
0.8727272727272727 0.12727272727272732
0.8545454545454545 0.1454545454545455
0.8363636363636363 0.1636363636363637
0.8181818181818181 0.18181818181818188
0.7999999999999999 0.20000000000000007
0.7818181818181817 0.21818181818181825
0.7636363636363636 0.23636363636363644
0.7454545454545454 0.25454545454545463
0.7272727272727272 0.2727272727272728
0.709090909090909 0.290909090909091
0.6909090909090908 0.3090909090909092
0.6727272727272726 0.3272727272727274
0.6545454545454544 0.34545454545454557
0.6363636363636362 0.36363636363636376
0.618181818181818 0.38181818181818195
0.5999999999999999 0.40000000000000013
0.5818181818181817 0.4181818181818183
0.5636363636363635 0.4363636363636365
0.5454545454545453 0.4545454545454547
0.5272727272727271 0.4727272727272729
0.5090909090909089 0.4909090909090911
0.49090909090909074 0.5090909090909093
0.47272727272727255 0.5272727272727274
0.45454545454545436 0.5454545454545456
0.4363636363636362 0.5636363636363638
0.418181818181818 0.581818181818182
0.3999999999999998 0.6000000000000002
0.3818181818181816 0.6181818181818184
0.3636363636363634 0.6363636363636366
0.34545454545454524 0.6545454545454548
0.32727272727272705 0.672727272727273
0.30909090909090886 0.6909090909090911
0.2909090909090907 0.7090909090909093
0.2727272727272725 0.7272727272727275
0.2545454545454543 0.7454545454545457
0.2363636363636361 0.7636363636363639
0.21818181818181792 0.7818181818181821
0.19999999999999973 0.8000000000000003
0.18181818181818155 0.8181818181818185
0.16363636363636336 0.8363636363636366
0.14545454545454517 0.8545454545454548
0.12727272727272698 0.872727272727273
0.1090909090909088 0.8909090909090912
0.0909090909090906 0.9090909090909094
0.07272727272727242 0.9272727272727276
0.05454545454545424 0.9454545454545458
0.03636363636363606 0.963636363636364
0.018181818181817876 0.9818181818181821
-3.0531133177191805E-16 1.0000000000000002
