1.0 0.0
0.9885057471264368 0.011494252873563204
0.9770114942528736 0.02298850574712641
0.9655172413793104 0.03448275862068961
0.9540229885057472 0.04597701149425282
0.942528735632184 0.05747126436781602
0.9310344827586208 0.06896551724137923
0.9195402298850576 0.08045977011494243
0.9080459770114944 0.09195402298850563
0.8965517241379312 0.10344827586206884
0.885057471264368 0.11494252873563204
0.8735632183908048 0.12643678160919525
0.8620689655172415 0.13793103448275845
0.8505747126436783 0.14942528735632166
0.8390804597701151 0.16091954022988486
0.8275862068965519 0.17241379310344807
0.8160919540229887 0.18390804597701127
0.8045977011494255 0.19540229885057447
0.7931034482758623 0.20689655172413768
0.7816091954022991 0.21839080459770088
0.7701149425287359 0.2298850574712641
0.7586206896551727 0.2413793103448273
0.7471264367816095 0.2528735632183905
0.7356321839080463 0.2643678160919537
0.7241379310344831 0.2758620689655169
0.7126436781609199 0.2873563218390801
0.7011494252873567 0.2988505747126433
0.6896551724137935 0.3103448275862065
0.6781609195402303 0.3218390804597697
0.6666666666666671 0.3333333333333329
0.6551724137931039 0.34482758620689613
0.6436781609195407 0.35632183908045933
0.6321839080459775 0.36781609195402254
0.6206896551724143 0.37931034482758574
0.609195402298851 0.39080459770114895
0.5977011494252878 0.40229885057471215
0.5862068965517246 0.41379310344827536
0.5747126436781614 0.42528735632183856
0.5632183908045982 0.43678160919540177
0.551724137931035 0.44827586206896497
0.5402298850574718 0.4597701149425282
0.5287356321839086 0.4712643678160914
0.5172413793103454 0.4827586206896546
0.5057471264367822 0.4942528735632178
0.494252873563219 0.505747126436781
0.4827586206896558 0.5172413793103442
0.4712643678160926 0.5287356321839074
0.4597701149425294 0.5402298850574706
0.4482758620689662 0.5517241379310338
0.436781609195403 0.563218390804597
0.4252873563218398 0.5747126436781602
0.4137931034482766 0.5862068965517234
0.4022988505747134 0.5977011494252866
0.39080459770115017 0.6091954022988498
0.37931034482758696 0.620689655172413
0.36781609195402376 0.6321839080459762
0.35632183908046056 0.6436781609195394
0.34482758620689735 0.6551724137931026
0.33333333333333415 0.6666666666666659
0.32183908045977094 0.6781609195402291
0.31034482758620774 0.6896551724137923
0.29885057471264453 0.7011494252873555
0.28735632183908133 0.7126436781609187
0.2758620689655181 0.7241379310344819
0.2643678160919549 0.7356321839080451
0.2528735632183917 0.7471264367816083
0.2413793103448285 0.7586206896551715
0.2298850574712653 0.7701149425287347
0.2183908045977021 0.7816091954022979
0.2068965517241389 0.7931034482758611
0.1954022988505757 0.8045977011494243
0.1839080459770125 0.8160919540229875
0.1724137931034493 0.8275862068965507
0.16091954022988608 0.8390804597701139
0.14942528735632288 0.8505747126436771
0.13793103448275967 0.8620689655172403
0.12643678160919647 0.8735632183908035
0.11494252873563325 0.8850574712643667
0.10344827586207003 0.8965517241379299
0.09195402298850681 0.9080459770114931
0.0804597701149436 0.9195402298850563
0.06896551724138038 0.9310344827586197
0.05747126436781716 0.9425287356321829
0.04597701149425394 0.9540229885057461
0.03448275862069072 0.9655172413793093
0.022988505747127505 0.9770114942528725
0.011494252873564287 0.9885057471264357
1.0685896612017132E-15 0.9999999999999989
