1.0 0.0
0.9655172413793104 0.03448275862068961
0.9310344827586208 0.06896551724137923
0.8965517241379312 0.10344827586206884
0.8620689655172415 0.13793103448275845
0.8275862068965519 0.17241379310344807
0.7931034482758623 0.20689655172413768
0.7586206896551727 0.2413793103448273
0.7241379310344831 0.2758620689655169
0.6896551724137935 0.3103448275862065
0.6551724137931039 0.34482758620689613
0.6206896551724143 0.37931034482758574
0.5862068965517246 0.41379310344827536
0.551724137931035 0.44827586206896497
0.5172413793103454 0.4827586206896546
0.48275862068965575 0.5172413793103443
0.4482758620689661 0.5517241379310339
0.4137931034482764 0.5862068965517235
0.37931034482758674 0.6206896551724133
0.3448275862068971 0.655172413793103
0.3103448275862074 0.6896551724137926
0.27586206896551774 0.7241379310344822
0.24137931034482807 0.7586206896551719
0.2068965517241384 0.7931034482758617
0.17241379310344873 0.8275862068965513
0.13793103448275906 0.8620689655172409
0.10344827586206941 0.8965517241379306
0.06896551724137975 0.9310344827586202
0.0344827586206901 0.9655172413793099
4.440892098500626E-16 0.9999999999999996