1.0 0.0
0.9787234042553191 0.021276595744680882
0.9574468085106382 0.042553191489361764
0.9361702127659574 0.06382978723404265
0.9148936170212765 0.08510638297872353
0.8936170212765956 0.10638297872340441
0.8723404255319147 0.1276595744680853
0.8510638297872338 0.14893617021276617
0.829787234042553 0.17021276595744705
0.8085106382978721 0.19148936170212794
0.7872340425531912 0.21276595744680882
0.7659574468085103 0.2340425531914897
0.7446808510638294 0.2553191489361706
0.7234042553191485 0.27659574468085146
0.7021276595744677 0.29787234042553234
0.6808510638297868 0.3191489361702132
0.6595744680851059 0.3404255319148941
0.638297872340425 0.361702127659575
0.6170212765957441 0.38297872340425587
0.5957446808510632 0.40425531914893675
0.5744680851063824 0.42553191489361764
0.5531914893617015 0.4468085106382985
0.5319148936170206 0.4680851063829794
0.5106382978723397 0.4893617021276603
0.4893617021276589 0.5106382978723412
0.46808510638297807 0.5319148936170219
0.44680851063829724 0.5531914893617027
0.4255319148936164 0.5744680851063836
0.4042553191489356 0.5957446808510645
0.38297872340425476 0.6170212765957452
0.36170212765957394 0.638297872340426
0.3404255319148931 0.6595744680851069
0.3191489361702123 0.6808510638297878
0.29787234042553146 0.7021276595744685
0.27659574468085063 0.7234042553191493
0.2553191489361698 0.7446808510638302
0.23404255319148895 0.7659574468085111
0.2127659574468081 0.7872340425531918
0.19148936170212724 0.8085106382978727
0.1702127659574464 0.8297872340425536
0.14893617021276553 0.8510638297872345
0.12765957446808468 0.8723404255319154
0.10638297872340383 0.8936170212765961
0.08510638297872297 0.914893617021277
0.06382978723404212 0.9361702127659579
0.042553191489361264 0.9574468085106387
0.021276595744680413 0.9787234042553196
-4.371503159461554E-16 1.0000000000000004