1.0 0.0
0.9411764705882353 0.05882352941176472
0.8823529411764706 0.11764705882352944
0.8235294117647058 0.17647058823529416
0.7647058823529411 0.23529411764705888
0.7058823529411764 0.2941176470588236
0.6470588235294117 0.3529411764705883
0.588235294117647 0.41176470588235303
0.5294117647058822 0.47058823529411775
0.47058823529411753 0.5294117647058825
0.4117647058823528 0.5882352941176472
0.3529411764705881 0.6470588235294119
0.2941176470588234 0.7058823529411766
0.23529411764705865 0.7647058823529413
0.17647058823529393 0.8235294117647061
0.11764705882352923 0.8823529411764708
0.058823529411764525 0.9411764705882355
-1.8041124150158794E-16 1.0000000000000002