1.0 0.0
0.987012987012987 0.012987012987012991
0.974025974025974 0.025974025974025983
0.961038961038961 0.038961038961038974
0.948051948051948 0.051948051948051965
0.935064935064935 0.06493506493506496
0.922077922077922 0.07792207792207795
0.9090909090909091 0.09090909090909094
0.8961038961038961 0.10389610389610393
0.8831168831168831 0.11688311688311692
0.8701298701298701 0.1298701298701299
0.8571428571428571 0.1428571428571429
0.8441558441558441 0.1558441558441559
0.8311688311688311 0.1688311688311689
0.8181818181818181 0.18181818181818188
0.8051948051948051 0.19480519480519487
0.7922077922077921 0.20779220779220786
0.7792207792207791 0.22077922077922085
0.7662337662337662 0.23376623376623384
0.7532467532467532 0.24675324675324684
0.7402597402597402 0.2597402597402598
0.7272727272727272 0.2727272727272728
0.7142857142857142 0.2857142857142858
0.7012987012987012 0.2987012987012988
0.6883116883116882 0.3116883116883118
0.6753246753246752 0.3246753246753248
0.6623376623376622 0.3376623376623378
0.6493506493506492 0.35064935064935077
0.6363636363636362 0.36363636363636376
0.6233766233766233 0.37662337662337675
0.6103896103896103 0.38961038961038974
0.5974025974025973 0.40259740259740273
0.5844155844155843 0.4155844155844157
0.5714285714285713 0.4285714285714287
0.5584415584415583 0.4415584415584417
0.5454545454545453 0.4545454545454547
0.5324675324675323 0.4675324675324677
0.5194805194805193 0.4805194805194807
0.5064935064935063 0.49350649350649367
0.49350649350649334 0.5064935064935067
0.48051948051948035 0.5194805194805197
0.46753246753246736 0.5324675324675326
0.45454545454545436 0.5454545454545456
0.4415584415584414 0.5584415584415586
0.4285714285714284 0.5714285714285716
0.4155844155844154 0.5844155844155846
0.4025974025974024 0.5974025974025976
0.3896103896103894 0.6103896103896106
0.3766233766233764 0.6233766233766236
0.3636363636363634 0.6363636363636366
0.35064935064935043 0.6493506493506496
0.33766233766233744 0.6623376623376626
0.32467532467532445 0.6753246753246755
0.31168831168831146 0.6883116883116885
0.29870129870129847 0.7012987012987015
0.2857142857142855 0.7142857142857145
0.2727272727272725 0.7272727272727275
0.2597402597402595 0.7402597402597405
0.2467532467532465 0.7532467532467535
0.2337662337662335 0.7662337662337665
0.22077922077922052 0.7792207792207795
0.20779220779220753 0.7922077922077925
0.19480519480519454 0.8051948051948055
0.18181818181818155 0.8181818181818185
0.16883116883116855 0.8311688311688314
0.15584415584415556 0.8441558441558444
0.14285714285714257 0.8571428571428574
0.12987012987012958 0.8701298701298704
0.11688311688311659 0.8831168831168834
0.1038961038961036 0.8961038961038964
0.0909090909090906 0.9090909090909094
0.07792207792207761 0.9220779220779224
0.06493506493506462 0.9350649350649354
0.05194805194805163 0.9480519480519484
0.03896103896103864 0.9610389610389614
0.025974025974025653 0.9740259740259744
0.012987012987012665 0.9870129870129873
-3.226585665316861E-16 1.0000000000000002
