0.7854640256678044
0.7854640256678044
0.7854640256678044
0.7854640256678044
0.7854640256678044
0.7854640256678044
0.7854640256678044
0.7854640256678044
0.7854640256678044
0.7854640256678044
0.7854640256678044
0.7854640256678044
0.7854640256678044
0.7854640256678044
0.7854640256678044
0.7854640256678044
0.7854640256678044
0.7854640256678044
0.7854640256678044
0.7854640256678044
0.7854640256678044
0.7854640256678044
0.7854640256678044
0.7854640256678044
0.7854640256678044
0.7854640256678044
0.7854640256678044
0.7854640256678044
0.7854640256678044
0.7870919243424407
