0.8455013886638237
0.8455013886638237
0.8455013886638237
0.8455013886638237
0.8455013886638237
0.8455013886638237
0.8455013886638237
0.8455013886638237
0.8455013886638237
0.8294292707760123
0.8430783573211464
0.8455013886638237
0.8455013886638237
0.8455013886638237
0.8455013886638237
0.8455013886638237
0.8455013886638237
0.8455013886638237
0.8251881093257665
0.8334416127380825
0.8455013886638237
0.8455013886638237
0.8455013886638237
0.8455013886638237
0.8397704188329396
0.8455013886638237
0.8362937171942562
0.8364187532369142
0.8455013886638237
0.8455013886638237
