0.8085980906884941
0.8069727380138725
0.807301969720093
0.8113106901664062
0.807395674381909
0.8069547432156363
0.8026427623264014
0.8031791665690331
0.8085178037535792
0.801177328812827
0.8023451415367051
0.8062678568161417
0.8065728278066732
0.8165546166782185
0.8051125974485926
0.8085262123532615
0.7924573734635916
0.8060011304879535
0.7961407531444266
0.8049250104647514
0.7992901211160964
0.8115914126240013
0.8061419633684276
0.7998021712215163
0.8109235839147374
0.8052290166348006
0.8010989590231806
0.8074114001774985
0.8134646850881462
0.8088790354084395
