0.7735709750148322
0.7735709750148322
0.7735709750148322
0.7735709750148322
0.7735709750148322
0.7735709750148322
0.7735709750148322
0.7735709750148322
0.7735709750148322
0.7735709750148322
0.7735709750148322
0.7638196850646622
0.7735709750148322
0.7735709750148322
0.7735709750148322
0.7735709750148322
0.7735709750148322
0.7735709750148322
0.7735709750148322
0.7735709750148322
0.7735709750148322
0.7735709750148322
0.7735709750148322
0.7732757866732952
0.7735709750148322
0.7735709750148322
0.7735709750148322
0.7735709750148322
0.7735709750148322
0.7735709750148322
