0.4734553812959781
0.5442328507281944
0.5442328507281944
0.4734553812959781
0.9439994667673883
0.5084413446372826
0.5442328507281944
0.41770683141688053
0.41770683141688053
0.4734553812959781
0.4734553812959781
0.688904871234544
0.5442328507281944
0.5442328507281944
0.41770683141688053
0.5099631980594582
0.5099631980594582
0.41770683141688053
0.5442328507281944
0.41770683141688053
0.4734553812959781
0.5442328507281944
0.9439994667673883
0.41770683141688053
0.41770683141688053
0.41770683141688053
0.4734553812959781
0.9439994667673883
0.41770683141688053
0.4734553812959781
