0.37922436738731785
0.38842859321539147
0.17551162782586535
0.29875311180129
0.32311104143712865
0.32311104143712865
0.3548664377514792
0.36475793858757743
0.29875311180129
0.3548664377514792
0.38842859321539147
0.3548664377514792
0.3090086641854922
0.38319730758686255
0.3656187090882174
0.29875311180129
0.32311104143712865
0.37922436738731785
0.35884462802466066
0.3181513230402482
0.2990919721892602
0.32311104143712865
0.38792710358766214
0.34859818071147686
0.32311104143712865
0.3873993678126209
0.32311104143712865
0.3548664377514792
0.36304143817678225
0.2972955452696645
