0.000000000000000000e+00
1.428571428571428492e-01
1.428571428571428492e-01
0.000000000000000000e+00
4.000000000000000222e-01
1.428571428571428492e-01
2.000000000000000111e-01
0.000000000000000000e+00
0.000000000000000000e+00
0.000000000000000000e+00
1.666666666666666574e-01
0.000000000000000000e+00
2.500000000000000000e-01
1.666666666666666574e-01
0.000000000000000000e+00
1.428571428571428492e-01
2.000000000000000111e-01
0.000000000000000000e+00
1.428571428571428492e-01
0.000000000000000000e+00
0.000000000000000000e+00
2.000000000000000111e-01
2.500000000000000000e-01
0.000000000000000000e+00
0.000000000000000000e+00
0.000000000000000000e+00
0.000000000000000000e+00
1.666666666666666574e-01
0.000000000000000000e+00
0.000000000000000000e+00
