0.5936750471691049
0.5936750471691049
0.5936750471691049
0.5936750471691049
0.5936750471691049
0.5936750471691049
0.5936750471691049
0.5936750471691049
0.5936750471691049
0.5936750471691049
0.5936750471691049
0.5936750471691049
0.5936750471691049
0.5936750471691049
0.5936750471691049
0.5936750471691049
0.5936750471691049
0.5936750471691049
0.5936750471691049
0.5936750471691049
0.5936750471691049
0.5936750471691049
0.5936750471691049
0.5936750471691049
0.5936750471691049
0.5936750471691049
0.5936750471691049
0.5936750471691049
0.5936750471691049
0.5936750471691049
