0.7735709750148322
0.7735709750148322
0.7735709750148322
0.7593480049758483
0.7735709750148322
0.7735709750148322
0.7735709750148322
0.7735709750148322
0.7735709750148322
0.7676161552671967
0.7735709750148322
0.7735709750148322
0.7735709750148322
0.7717799254563298
0.7735709750148322
0.7735709750148322
0.7735709750148322
0.7735709750148322
0.7614564962567546
0.7735709750148322
0.7735709750148322
0.7735709750148322
0.7703988836983154
0.7735709750148322
0.7735709750148322
0.7735709750148322
0.7735709750148322
0.7703988836983154
0.7735709750148322
0.7703988836983154
