0.2553492798764818
0.2553492798764818
0.2553492798764818
0.2553492798764818
0.25631370082456534
0.2553492798764818
0.30491245952144924
0.2553492798764818
0.2553492798764818
0.2553492798764818
0.2553492798764818
0.2553492798764818
0.2553492798764818
0.2553492798764818
0.25934736173283457
0.2553492798764818
0.2553492798764818
0.2553492798764818
0.2553492798764818
0.2553492798764818
0.2553492798764818
0.2553492798764818
0.2553492798764818
0.25934736173283457
0.2553492798764818
0.2553492798764818
0.25934736173283457
0.2553492798764818
0.25934736173283457
0.2553492798764818
