0.8263165360461903
0.830902139327016
0.8296890218009851
0.8036519439942706
0.8299285953567214
0.8288991783070456
0.827658955183276
0.8275134812478464
0.8283703060028593
0.8260488531891815
0.8317816663472825
0.8312781937995254
0.8279439725000006
0.8275089577866825
0.8245974663342769
0.832258442757204
0.8198186022563617
0.8250371849816671
0.8199641377009049
0.8263141739829585
0.831228658310526
0.8232440302571549
0.8289133900669519
0.8209695294564022
0.8303343948037774
0.822694802828301
0.8305397168662193
0.8307109040864762
0.8304618713104697
0.8271158775635059
