0.8408231607783346
0.8368187989652432
0.841315165299573
0.8404896596877651
0.8400858401152143
0.8396385815382076
0.8554040982583256
0.8609535038149325
0.8390398394336146
0.8415322989319018
0.8402584623040531
0.83335272719352
0.8396714808497578
0.8417153219347056
0.8374468130833934
0.8365024853448925
0.8348389811521677
0.8371818463226772
0.8387513674516465
0.8407329567990798
0.8380101774725862
0.8405158008417434
0.8383230276019464
0.8395875264221492
0.8638712288865498
0.8409913054937455
0.839038141506102
0.8405493718778219
0.8371802130989198
0.8383740464648519
