0.3371366917925494
0.3021402900190447
0.38016018505242366
0.31083794427696976
0.282836790416692
0.3303718247357848
0.357673713069765
0.33108256897508404
0.2924179337323788
0.12547893636156343
0.31083794427696976
0.3530389560411743
0.29229753304920664
0.29182407256921705
0.4000628200374604
0.38308773806915486
0.2916904820261903
0.3856202757816416
0.3624311972607841
0.3458814494656836
0.32587029494842246
0.29181088270936245
0.3325065610163875
0.2916904820261903
0.38866076676256445
0.27788065901868464
0.29181088270936245
0.28150017417232953
0.2916904820261903
0.28150017417232953
