0.8453004693148407
0.8453004693148407
0.7940663792403305
0.8453004693148407
0.8453004693148407
0.8453004693148407
0.8453004693148407
0.8453004693148407
0.8453004693148407
0.8453004693148407
0.8453004693148407
0.8453004693148407
0.8453004693148407
0.8453004693148407
0.8419713054454523
0.8453004693148407
0.8453004693148407
0.8453004693148407
0.8453004693148407
0.8453004693148407
0.8453004693148407
0.8453004693148407
0.8453004693148407
0.8453004693148407
0.8453004693148407
0.8453004693148407
0.8453004693148407
0.8453004693148407
0.8453004693148407
0.8453004693148407
