0.4519763522172914
0.4309540900720952
0.4116405002789943
0.4179480673967566
0.4179480673967566
0.4301621819533397
0.4313311399146521
0.4179480673967566
0.4179480673967566
0.4179480673967566
0.331242478642255
0.4173688943660799
0.4179480673967566
0.4179480673967566
0.4179480673967566
0.4179480673967566
0.4303145330595073
0.4179480673967566
0.4179480673967566
0.4179480673967566
0.4179480673967566
0.4179480673967566
0.41929500355485966
0.4179480673967566
0.4179480673967566
0.43874022413597547
0.4218272989736293
0.4179480673967566
0.42146848543620774
0.4179480673967566
