0.3998062293915506
0.34555039653799025
0.36754542361912185
0.36323634733683813
0.35410260501757174
0.36417647309288853
0.3550913895214219
0.34555039653799025
0.3633262083252792
0.35117441831618285
0.35213014264183046
0.35504707334836166
0.39736448424620174
0.36417647309288853
0.34555039653799025
0.35117441831618285
0.3772802505632689
0.36264256924979854
0.3671046597942774
0.36417647309288853
0.3712642114659302
0.35410260501757174
0.35117441831618285
0.34555039653799025
0.36472823440129276
0.35410260501757174
0.35504707334836166
0.3587632094913373
0.36417647309288853
0.35117441831618285
