0.42021555512239533
0.46958760514856906
0.4745824899914046
0.38680410646490054
0.42574464645877225
0.4509040356750196
0.43301567385773265
0.3582074036319742
0.45605569747969654
0.37013383564251856
0.48396073670564715
0.3827671214883559
0.45100272284758397
0.3951166235609739
0.43984871664536485
0.3987352908656452
0.4494075047912442
0.3944954786383642
0.45399718000666367
0.44020948894826445
0.464959203682444
0.4077719480008017
0.4837231356284689
0.38695705151480797
0.42890271136009156
0.4063848136062358
0.44072527663464584
0.44996339348976977
0.4840955983418547
0.38177707990089027
