0.6611507147517138
0.6612003814669678
0.6613024557148389
0.6613379282183379
0.6628361729858289
0.6611650535565392
0.6628059318396499
0.6611158140134005
0.6611158140134005
0.6611392913056872
0.6612289164879557
0.6611916881139762
0.6655974199169445
0.6611257968148079
0.6612254253704121
0.6655303648770403
0.6611966629015902
0.6612650659114881
0.6611158140134005
0.6612159236797021
0.6611158140134005
0.6613778904037731
0.6612844746464507
0.6612631607690835
0.6635412190712991
0.661140863465872
0.6611184653699035
0.6630452366248634
0.6619099227066748
0.6611742752037667
