5.882352941176470507e-02
2.941176470588235253e-02
5.714285714285714107e-02
3.030303030303030387e-02
2.051282051282051211e-01
2.941176470588235253e-02
5.714285714285714107e-02
1.111111111111111049e-01
2.941176470588235253e-02
3.030303030303030387e-02
0.000000000000000000e+00
8.571428571428571508e-02
5.714285714285714107e-02
0.000000000000000000e+00
1.351351351351351426e-01
2.941176470588235253e-02
1.351351351351351426e-01
8.571428571428571508e-02
5.714285714285714107e-02
2.941176470588235253e-02
1.142857142857142821e-01
8.571428571428571508e-02
5.714285714285714107e-02
1.111111111111111049e-01
6.060606060606060774e-02
5.714285714285714107e-02
8.571428571428571508e-02
0.000000000000000000e+00
0.000000000000000000e+00
5.714285714285714107e-02
