0.7977592514224128
0.7977592514224128
0.7974254951369875
0.7977592514224128
0.7977332157314008
0.7872989583513104
0.7977592514224128
0.7977592514224128
0.7977592514224128
0.7977592514224128
0.7977592514224128
0.7977332157314008
0.7977592514224128
0.7977592514224128
0.7977592514224128
0.7977264587011828
0.7974515308279995
0.7977592514224128
0.7977592514224128
0.7977592514224128
0.7977592514224128
0.7977592514224128
0.7977592514224128
0.7837003691298905
0.7977592514224128
0.7977592514224128
0.7872989583513104
0.7977592514224128
0.7977332157314008
0.7912466538927205
