0.8453004693148407
0.8453004693148407
0.8453004693148407
0.8453004693148407
0.8453004693148407
0.8453004693148407
0.8453004693148407
0.8453004693148407
0.8453004693148407
0.8453004693148407
0.8453004693148407
0.8453004693148407
0.8453004693148407
0.8453004693148407
0.8453004693148407
0.8453004693148407
0.8453004693148407
0.8453004693148407
0.8453004693148407
0.8453004693148407
0.8453004693148407
0.8453004693148407
0.8453004693148407
0.8453004693148407
0.8453004693148407
0.8345699787909324
0.8453004693148407
0.8453004693148407
0.8453004693148407
0.8453004693148407
