0.6233936612358232
0.6233936612358232
0.6233936612358232
0.6233936612358232
0.6233936612358232
0.5877468818652685
0.6233936612358232
0.6233936612358232
0.6234178986535415
0.6233936612358232
0.6233936612358232
0.6233372907920737
0.6088994181954887
0.5877468818652685
0.6233936612358232
0.6233936612358232
0.6233936612358232
0.6233936612358232
0.6231169229732372
0.6232004959101269
0.5613714708514504
0.6233936612358232
0.6233936612358232
0.6086226799329026
0.5877468818652685
0.6231169229732372
0.6233936612358232
0.6233936612358232
0.6231169229732372
0.6233936612358232
