0.7463786232250744
0.7287322822931261
0.7508956282665545
0.7545079859538563
0.7713552117592148
0.7285363936706274
0.7560112197186422
0.7276380494558817
0.7280297453753365
0.7311573947818086
0.7558858062421653
0.7270171603380671
0.7282757572434378
0.7352100085767775
0.7277412189968676
0.753749337680065
0.729014708511671
0.7437526587965376
0.7730266457870225
0.77260210601766
0.7444864268465511
0.7288680649416355
0.7288655746271684
0.7297313565341624
0.7298584340243455
0.7660701918592013
0.7546793089584659
0.7664444897330043
0.7301920500368527
0.7648966265104107
