0.738303803942313
0.7676999570577263
0.7482662640202354
0.7394613411147348
0.7471583618433683
0.758274860610899
0.7524070148785681
0.7570636455904806
0.7549109597542831
0.7473385883506813
0.7469165903118701
0.7653122157306095
0.7472909701462599
0.7615749724386549
0.7523935995400074
0.7687211956833977
0.7402594576817968
0.7473370665762421
0.7495726307154603
0.7471957533482153
0.7473447748048659
0.7571008872557068
0.7581906536402667
0.7462653944147539
0.738303803942313
0.7409259938239248
0.7476526978545464
0.7515018139961738
0.7610289536843788
0.7461596571339967
