0.7380018916708969
0.7380018916708969
0.7380018916708969
0.7380411374079429
0.7380411374079429
0.7380018916708969
0.7380018916708969
0.7380768325531774
0.7380768325531774
0.7380768325531774
0.7380018916708969
0.7380018916708969
0.7380018916708969
0.7380760152203036
0.7380018916708969
0.7380768325531774
0.7380762938964015
0.7380768325531774
0.7380018916708969
0.7380760152203036
0.7380018916708969
0.7380768325531774
0.7380018916708969
0.7380018916708969
0.7380018916708969
0.7380018916708969
0.7380762938964015
0.7380018916708969
0.7380762938964015
0.7380762938964015
