0.8552912490125738
0.853212031314141
0.853212031314141
0.8414026232370394
0.8497621296189656
0.8421728505647744
0.8602569716273304
0.8414026232370394
0.8570936933149679
0.8436355014136807
0.8414026232370394
0.8414026232370394
0.8687548316934646
0.8500865914994619
0.8598383543812833
0.8414026232370394
0.8417956068455078
0.8635311453646084
0.8576068940534721
0.8414026232370394
0.8417975304579187
0.8424468816562901
0.8570936933149679
0.8632347739809643
0.8414026232370394
0.853212031314141
0.8586333353489182
0.8422007085212383
0.8570936933149679
0.8414026232370394
