0.8266747010244558
0.8368103850370618
0.8341239881315715
0.8329921343979635
0.8323225899501779
0.8263362682393445
0.830094758978328
0.8315781017919599
0.8279349125962228
0.8315877672515952
0.8303098808145536
0.8318480155970588
0.8232536384722899
0.8339510886438795
0.8313220894493165
0.8305048075400553
0.8375282656782934
0.8281757999793663
0.8309761238177237
0.8324991888596375
0.8328516831495026
0.8312121042279742
0.8307203060730468
0.8344417165473645
0.8263667853312174
0.8284864622349583
0.8287749130300623
0.8276707943234521
0.8224857345077864
0.8331859794330089
