0.3808603818933215
0.3808603818933215
0.3808603818933215
0.3808603818933215
0.3808603818933215
0.3808603818933215
0.3808603818933215
0.3808603818933215
0.3808603818933215
0.3808603818933215
0.3808603818933215
0.3808603818933215
0.3808603818933215
0.3808603818933215
0.3808603818933215
0.3808603818933215
0.3808603818933215
0.3808603818933215
0.3808603818933215
0.5337160798767221
0.3808603818933215
0.3808603818933215
0.3808603818933215
0.3808603818933215
0.3808603818933215
0.3808603818933215
0.3808603818933215
0.3808603818933215
0.3808603818933215
0.3808603818933215
