0.7282315944052729
0.7391995991473506
0.7248283054648393
0.737443932118213
0.7237612000464663
0.7156249701039243
0.7426552428194194
0.7203667979990404
0.7293597960276844
0.730458217972329
0.7313946782051415
0.7246581202691547
0.7205314323494313
0.7278627162796397
0.7228413191839141
0.7263169559066949
0.725608576000946
0.7329964055341911
0.7295402474639269
0.7239876303424871
0.7253681754829866
0.7346972775196379
0.7238249682254
0.7319734316407345
0.7218283898807714
0.7225343899233369
0.7239538759841064
0.7180166245293594
0.7264397713235825
0.7096560414428129
