0.8124876637817119
0.8118518104839479
0.8117966497427739
0.803519144312337
0.808577402876627
0.8172526934330882
0.8110035012331372
0.8082952609661129
0.806778483162086
0.7856860933768232
0.8136676053779343
0.8109750175451262
0.8088790883531576
0.80666042513589
0.8077995388295099
0.8093300209659854
0.8097726724875647
0.8087258954610642
0.8118047877197453
0.8080510490566793
0.8116944463136245
0.8065591992315781
0.8073414142199278
0.8057638281670289
0.8115008076818979
0.8103623347466772
0.786965088054115
0.8136997549305081
0.8124504354560376
0.8064225230388643
