0.7194855418960279
0.7194855418960279
0.7194855418960279
0.7194855418960279
0.7194855418960279
0.7194855418960279
0.7194855418960279
0.7194855418960279
0.7194855418960279
0.7194855418960279
0.7194855418960279
0.7194855418960279
0.7194855418960279
0.7194855418960279
0.7194855418960279
0.7194855418960279
0.7194855418960279
0.7194855418960279
0.7194855418960279
0.7194855418960279
0.7194855418960279
0.7194855418960279
0.7194855418960279
0.7194855418960279
0.7194855418960279
0.7194855418960279
0.7194855418960279
0.7194855418960279
0.7194855418960279
0.7194855418960279
