0.4179480673967566
0.4179480673967566
0.4179480673967566
0.4179480673967566
0.4179480673967566
0.4179480673967566
0.4179480673967566
0.4179480673967566
0.4179480673967566
0.4179480673967566
0.4179480673967566
0.4179480673967566
0.4179480673967566
0.4179480673967566
0.4179480673967566
0.4179480673967566
0.4179480673967566
0.4179480673967566
0.4179480673967566
0.4179480673967566
0.4179480673967566
0.4179480673967566
0.4179480673967566
0.4179480673967566
0.4179480673967566
0.4179480673967566
0.4179480673967566
0.4179480673967566
0.4179480673967566
0.4179480673967566
