0.5061148221190751
0.5061148221190751
0.46316532680362177
0.46316532680362177
0.46316532680362177
0.5061148221190751
0.5061148221190751
0.46316532680362177
0.5061148221190751
0.46316532680362177
0.46316532680362177
0.5061148221190751
0.46316532680362177
0.46316532680362177
0.46316532680362177
0.5061148221190751
0.46316532680362177
0.5061148221190751
0.46316532680362177
0.5061148221190751
0.5061148221190751
0.5061148221190751
0.46316532680362177
0.5061148221190751
0.5061148221190751
0.5061148221190751
0.46316532680362177
0.4539889869547617
0.5061148221190751
0.46316532680362177
