0.24886117608671893
0.2669187894798098
0.32111108720852144
0.3904015933314867
0.3904015933314867
0.2926169014504081
0.2926169014504081
0.31854668915888207
0.3904015933314867
0.2926169014504081
0.2926169014504081
0.2102458895119414
0.2669187894798098
0.2994212611244046
0.12265626602312085
0.2928485771882837
0.12265626602312085
0.24886117608671893
0.2669187894798098
0.3205040361855051
0.31854668915888207
0.2926169014504081
0.3128617234003235
0.2926169014504081
0.2102458895119414
0.2669187894798098
0.2994212611244046
0.33310129217066653
0.31580786026044044
0.2669187894798098
