0.7728385805274639
0.7724774771658882
0.7650539169966097
0.770452899729496
0.7601420412970623
0.7701491686097645
0.7701150188634016
0.7708221415289584
0.7687542601911443
0.7697545546575743
0.7674424583379783
0.772255421134583
0.7712300437863915
0.7703648432378507
0.7723208554796328
0.7664768179865629
0.769299050202112
0.769064881890383
0.7698118096132669
0.7622444419019666
0.7680397432530014
0.7716713933837666
0.7711915893942598
0.7712466877442846
0.7705412766095834
0.7698302948898775
0.7697256357472952
0.7685375638155377
0.7699032384725022
0.7709800577576128
