0.9409505497277533
0.9409505497277533
0.9409505497277533
0.9442366202173813
0.9409505497277533
0.9409505497277533
0.9395469765527094
0.931033232384738
0.9295898396740861
0.9409505497277533
0.9409536800977673
0.931033232384738
0.9409505497277533
0.9409505778479069
0.9409505497277533
0.9409510995595282
0.9409505497277533
0.9409505798333351
0.9409505497277533
0.9409505497277533
0.9409505497277533
0.9409505497277533
0.9409662110510904
0.9409521540607909
0.940950989683514
0.9409505497277533
0.940954989584892
0.9409505497277533
0.9409509548779872
0.9409505497277533
