0.000000000000000000e+00
0.000000000000000000e+00
1.694915254237288130e-02
1.724137931034482735e-02
0.000000000000000000e+00
1.666666666666666644e-02
0.000000000000000000e+00
3.278688524590164105e-02
0.000000000000000000e+00
1.666666666666666644e-02
0.000000000000000000e+00
0.000000000000000000e+00
0.000000000000000000e+00
0.000000000000000000e+00
0.000000000000000000e+00
4.918032786885245811e-02
4.918032786885245811e-02
3.278688524590164105e-02
0.000000000000000000e+00
1.694915254237288130e-02
0.000000000000000000e+00
1.666666666666666644e-02
0.000000000000000000e+00
3.174603174603174427e-02
0.000000000000000000e+00
0.000000000000000000e+00
0.000000000000000000e+00
1.724137931034482735e-02
1.754385964912280604e-02
0.000000000000000000e+00
