0.5936750471691049
0.5936750471691049
0.5936750471691049
0.6144436795620797
0.5936750471691049
0.5936750471691049
0.5936750471691049
0.5936750471691049
0.5936750471691049
0.5936750471691049
0.5936750471691049
0.5683681458903658
0.5936750471691049
0.6428056483843537
0.5936750471691049
0.5936750471691049
0.5801799277569921
0.5936750471691049
0.6282826890607047
0.5936750471691049
0.6080637040052419
0.5936750471691049
0.5801799277569921
0.43582916725546067
0.5936750471691049
0.6080637040052419
0.6080637040052419
0.5936750471691049
0.5936750471691049
0.5936750471691049
