0.8207823751365334
0.834014308919378
0.8289046267238073
0.8211708237543639
0.823557407272697
0.8241087669006597
0.816309189067299
0.8393499767774778
0.8336266505549315
0.8228278311167011
0.8449650323752097
0.8276313283243667
0.8357045910629715
0.8112204898664994
0.8226015248010043
0.8335866883394593
0.8211123927618857
0.818425253743488
0.8416215761844024
0.8312585845697795
0.8254872206245244
0.8187526987518333
0.8397145635433798
0.8342622195073063
0.8355375394966402
0.8341027749409896
0.8318424420948316
0.8402082577041836
0.8416215761844024
0.8225029709261743
