0.8278169768306752
0.8278169768306752
0.8235698801707619
0.811761097362962
0.8278169768306752
0.8278169768306752
0.8278169768306752
0.8278169768306752
0.8278169768306752
0.8278169768306752
0.6795851329620718
0.8278169768306752
0.8278169768306752
0.8278169768306752
0.8278169768306752
0.8274444854315973
0.8274444854315973
0.8235698801707619
0.8126651101135226
0.8278169768306752
0.8278169768306752
0.8233907610982234
0.8278169768306752
0.8278169768306752
0.8278169768306752
0.8278175440671693
0.8278169768306752
0.8278169768306752
0.8278169768306752
0.8278169768306752
