0.803381115689296
0.803381115689296
0.803381115689296
0.803381115689296
0.8029242584710119
0.803381115689296
0.803381115689296
0.8032572036962267
0.803381115689296
0.8033812735678267
0.803381115689296
0.8032584908562389
0.803381115689296
0.803381115689296
0.803381115689296
0.7990875733065914
0.803381115689296
0.8033827916479962
0.803381115689296
0.8032690971298754
0.8031709550712285
0.803381115689296
0.8031176313257468
0.8024486017659833
0.803381115689296
0.803381115689296
0.8033812871884362
0.803381115689296
0.803381115689296
0.8022165072220547
