0.000000000000000000e+00
2.399999999999999911e-01
0.000000000000000000e+00
2.608695652173912971e-01
0.000000000000000000e+00
0.000000000000000000e+00
0.000000000000000000e+00
0.000000000000000000e+00
0.000000000000000000e+00
2.500000000000000000e-01
0.000000000000000000e+00
0.000000000000000000e+00
0.000000000000000000e+00
0.000000000000000000e+00
0.000000000000000000e+00
0.000000000000000000e+00
0.000000000000000000e+00
0.000000000000000000e+00
0.000000000000000000e+00
1.428571428571428492e-01
0.000000000000000000e+00
0.000000000000000000e+00
0.000000000000000000e+00
0.000000000000000000e+00
2.173913043478260809e-01
0.000000000000000000e+00
3.870967741935483764e-01
2.608695652173912971e-01
3.793103448275861878e-01
2.692307692307692180e-01
