0.3975155986947473
0.4024139065937607
0.41204594546671314
0.40484863804600885
0.4024139065937607
0.4114388944436968
0.3963913814074661
0.36023871644500877
0.4024139065937607
0.40144469027025714
0.39699843243048244
0.3963913814074661
0.416420409781556
0.4114388944436968
0.4167747843692803
0.3770067760941608
0.3834993144685619
0.4019772929098471
0.41204594546671314
0.3963913814074661
0.39568950384332846
0.40180685557074436
0.3834993144685619
0.408536928514908
0.41615868011486296
0.4219217196881488
0.40484863804600885
0.38242666103479506
0.3963913814074661
0.3834993144685619
