0.6611669280055935
0.6611669280055935
0.6611669280055935
0.6611669280055935
0.6611669280055935
0.6611669280055935
0.6611669280055935
0.6611669280055935
0.6611669280055935
0.6611669280055935
0.6611669280055935
0.6611669280055935
0.6611669280055935
0.6611669280055935
0.6611669280055935
0.6611669280055935
0.6611669280055935
0.6611669280055935
0.6611669280055935
0.6611669280055935
0.6611669280055935
0.6611857197859162
0.6611669280055935
0.6611669280055935
0.6611669280055935
0.6611669280055935
0.6611669280055935
0.6611669280055935
0.6626869505554858
0.6611669280055935
