0.8155816857306472
0.8155816857306472
0.8155816857306472
0.8155816857306472
0.8155816857306472
0.8155816857306472
0.8155816857306472
0.8155816857306472
0.8155816857306472
0.8156054477834219
0.8155816857306472
0.8155816857306472
0.8156054477834219
0.8162197950185317
0.8155816857306472
0.8155816857306472
0.8156054477834219
0.8155816857306472
0.8155816857306472
0.8155816857306472
0.8155816857306472
0.8155816857306472
0.8155816857306472
0.8155816857306472
0.8155816857306472
0.8155816857306472
0.8156054477834219
0.8450165864785827
0.8155816857306472
0.8155816857306472
