0.8064024523856403
0.8076072385730106
0.808595087696343
0.808221796244519
0.8098199353788541
0.8069534645369424
0.8128088395732282
0.8118621723139577
0.8117599925233521
0.8063503935178036
0.8085238613791318
0.8071722575217146
0.8122137399769411
0.8072222422091159
0.8099020491738138
0.8079237929793174
0.8055610775884874
0.8077519992515225
0.8067086277648177
0.8058569818345631
0.8078383122112871
0.806655155853895
0.8067476227440672
0.8075459207028153
0.8063340761995589
0.8059393203375941
0.8070305869001647
0.8054965537148407
0.8075432343800146
0.8071183788852718
