0.7889771438572496
0.7889771438572496
0.7889771438572496
0.7889771438572496
0.7889771438572496
0.7889771438572496
0.7889771438572496
0.7889771438572496
0.7889771438572496
0.7889771438572496
0.7889771438572496
0.7889771438572496
0.7889771438572496
0.7889771438572496
0.7889771438572496
0.7889771438572496
0.7889771438572496
0.7889771438572496
0.7889771438572496
0.7889771438572496
0.7889771438572496
0.7889771438572496
0.788955519555813
0.7889771438572496
0.7889771438572496
0.7889771438572496
0.7889771438572496
0.7889771438572496
0.7889771438572496
0.7889771438572496
