0.8414026232370394
0.8536071358569037
0.853212031314141
0.8410928781194033
0.8414026232370394
0.8136926904336661
0.8136926904336661
0.8028509570026399
0.8414026232370394
0.8414026232370394
0.8369441318985993
0.8414026232370394
0.8414026232370394
0.8429884253941771
0.8467739569548288
0.8343929306846458
0.8136926904336661
0.8390416505436652
0.8073761554362193
0.8028509570026399
0.8414026232370394
0.8414026232370394
0.8414026232370394
0.8414026232370394
0.8414026232370394
0.8414026232370394
0.8414026232370394
0.8414026232370394
0.8414026232370394
0.841370957960629
