0.7794456475528674
0.7807962437408363
0.7818750304176264
0.7822291326338928
0.7824029338370332
0.7818986534251086
0.7820920111137304
0.7815675490748866
0.7818274534883005
0.7817887903508585
0.7837512933854381
0.7794698215999136
0.7823025623955184
0.7735505543548604
0.7790868254428754
0.7704410746252478
0.7795532880965134
0.782838767892199
0.7758742215315434
0.7824430718895773
0.780804086779746
0.7816117828213128
0.7754099901194893
0.7753691727859255
0.7785657085753167
0.7780895964759026
0.7703485977133684
0.7822473580514622
0.784618885649548
0.782437358934408
