0.8002621851381747
0.7854640256678044
0.7863345803766766
0.7900378618396071
0.7854640256678044
0.787179487796382
0.7856281579189949
0.7873369206445912
0.7854640256678044
0.7854640256678044
0.7856281579189949
0.7854640256678044
0.7854640256678044
0.7854640256678044
0.7854640256678044
0.7856281579189949
0.7854640256678044
0.7926085926889702
0.7854640256678044
0.7854640256678044
0.7874440246766987
0.7854640256678044
0.7983262671513818
0.7834748698574728
0.7918325629413159
0.798329448325478
0.8008934659733582
0.786301953402319
0.7983262671513818
0.7968924133902336
