0.8895800912616054
0.8902825271207315
0.8887134349569693
0.8642666510013938
0.8839259964040875
0.888308262339312
0.8832615690036059
0.8902468257669958
0.8842945073567811
0.8874766389210901
0.8850205515770235
0.8928838627795908
0.888823096113865
0.8844781803996656
0.8929992809589754
0.8892642537491079
0.8874752587596617
0.8872846671914514
0.8791325599040957
0.8893458390085854
0.8847378690273433
0.8850556032698272
0.8943648304179839
0.8911518729690309
0.8878124167027671
0.8825679204862816
0.884061708636205
0.888084352770798
0.8887548707633484
0.8813015198974342
