0.7996060862582519
0.7996060862582519
0.7996060862582519
0.7996060862582519
0.7996060862582519
0.7996060862582519
0.7996060862582519
0.7996100234166537
0.7996060862582519
0.7992789657458296
0.7996100234166537
0.7996060862582519
0.7996060862582519
0.7996060862582519
0.7996060862582519
0.7996060862582519
0.7996060862582519
0.7996060862582519
0.7880376784095021
0.7996060862582519
0.7996060862582519
0.7996060862582519
0.7996060862582519
0.7996060862582519
0.7996100234166537
0.7996060862582519
0.7996060862582519
0.7996060862582519
0.7996060862582519
0.7996060862582519
