0.948003744384664
0.9480035062178811
0.921709030026093
0.9210723965460571
0.9426480110886413
0.9447486429679519
0.9480035062178811
0.9480079460750198
0.9480035062178811
0.9398164784389756
0.9454588495008152
0.9396024637922961
0.9480035062178811
0.9480035062178811
0.9269005419348824
0.9480035062178811
0.9480035062178811
0.9218532122187117
0.9480035062178811
0.9209818937824317
0.9424178521140147
0.945612050508476
0.942009833482798
0.9480035062178811
0.9217659763095636
0.9480046849477058
0.948004945376697
0.9480035062178811
0.9480035062178811
0.9432797051296301
