1.515151515151515194e-02
0.000000000000000000e+00
0.000000000000000000e+00
0.000000000000000000e+00
0.000000000000000000e+00
0.000000000000000000e+00
0.000000000000000000e+00
0.000000000000000000e+00
0.000000000000000000e+00
0.000000000000000000e+00
0.000000000000000000e+00
0.000000000000000000e+00
1.851851851851851749e-02
1.754385964912280604e-02
3.389830508474576259e-02
1.694915254237288130e-02
0.000000000000000000e+00
0.000000000000000000e+00
1.538461538461538547e-02
1.515151515151515194e-02
0.000000000000000000e+00
0.000000000000000000e+00
0.000000000000000000e+00
1.886792452830188607e-02
0.000000000000000000e+00
3.571428571428571230e-02
0.000000000000000000e+00
1.538461538461538547e-02
0.000000000000000000e+00
0.000000000000000000e+00
