2277.671558666224 693.4523809523818 
2294.5244600653054 663.5329365079365 
2309.7487533665103 621.7007936507938 
2330.858781602251 526.1976190476188 
2346.460148485552 515.2464285714286 
2361.423473371936 501.23730158730166 
2378.147858183909 487.9392857142857 
2392.7137392425248 471.3396825396823 
2410.4902876711367 459.0257936507935 
2428.4604152181087 448.5428571428569 
2446.1565334343873 435.6031746031742 
2464.84912198007 418.7623015873011 
2478.6751904013995 413.90714285714233 
2497.325211489918 395.9976190476185 
2517.215494971888 382.8392857142854 
2536.9388616407928 373.66309523809474 
2556.282263026622 363.72658730158673 
2576.011453575359 353.8444444444439 
2596.1116629877592 336.7575396825391 
2614.390283640509 321.95277777777716 
2632.2796272403098 307.16349206349133 
2652.75034625566 292.67460317460245 
2670.91971594043 280.09087301587226 
2685.166292005042 278.86111111111023 
2690.741511248994 269.65793650793563 
2707.3952396239542 262.37936507936433 
2725.5752979440017 245.3686507936501 
2741.6957243049633 236.9992063492057 
2744.4931536113345 233.5634920634914 
2764.3149489199004 223.13055555555496 
2785.576241516304 213.83452380952326 
2785.8536633067515 212.66865079365027 
2792.1038489827392 211.5702380952376 
2806.4302152050914 202.05595238095185 
2807.690671130162 198.72420634920593 
2808.771181358248 195.3174603174599 
2813.428842371489 194.10436507936467 
2827.487231548295 189.83690476190432 
2830.3098957450966 184.85555555555518 
2833.609114884638 180.73690476190444 
2836.476663070365 179.26388888888852 
2848.954930507284 175.34920634920604 
2852.651698569587 172.15277777777743 
2853.526041920471 167.07777777777758 
2870.7348172216234 164.31349206349176 
2872.448695736811 158.21349206349194 
2875.749616060263 158.11666666666642 
2888.190745191988 148.43769841269835 
2889.807052235799 145.9984126984126 
2889.9913443216137 143.64404761904754 
2904.4315363474884 139.66349206349204 
2906.2287579901836 138.71904761904761 
2907.739015049795 136.42619047619044 
2926.623014307263 132.0380952380952 
3065.955215764928 126.8373015873016 
3105.0743348221436 126.60674603174607 
3222.6315115250773 125.43373015873017 
3225.014597485778 119.56547619047623 
3374.099569529274 115.59682539682542 
3540.776357054408 114.20833333333334 
3592.059416725491 112.37103174603179 
3710.0664930201406 109.92777777777782 
3712.899701713771 104.51865079365083 
3747.9537695143167 101.70238095238092 
3905.792800220076 99.78809523809527 
4286.787372857697 92.92182539682543 
4415.26184000554 91.58452380952384 
4591.946265191577 83.09960317460325 
4769.675133324152 79.15992063492072 
5001.012426971857 78.02539682539691 
5373.540207873393 74.8678571428572 
5551.269076005964 70.92817460317465 
5851.12185653706 66.7964285714286 
6538.580419477363 53.244841269841295 
6872.906761140419 46.64682539682539 
7238.157922498951 45.28174603174603 
2799.0809328206055 211.45079365079306 
2889.2777942471653 147.9341269841269 
2900.173229272841 142.9261904761904 
2925.613944520791 135.4611111111111 
4226.110963095427 95.97817460317462 
6193.41048883984 60.53492063492067 
2833.1239958074702 184.65595238095202 
2871.5631280354914 164.09920634920604 
2925.18706660592 136.2269841269841 

2277.671558666224 693.4523809523818 
2294.5244600653054 663.5329365079365 
2309.7487533665103 621.7007936507938 
2330.858781602251 526.1976190476188 
2346.460148485552 515.2464285714286 
2361.423473371936 501.23730158730166 
2378.147858183909 487.9392857142857 
2392.7137392425248 471.3396825396823 
2410.4902876711367 459.0257936507935 
2428.4604152181087 448.5428571428569 
2446.1565334343873 435.6031746031742 
2464.84912198007 418.7623015873011 
2478.6751904013995 413.90714285714233 
2497.325211489918 395.9976190476185 
2517.215494971888 382.8392857142854 
2536.9388616407928 373.66309523809474 
2556.282263026622 363.72658730158673 
2576.011453575359 353.8444444444439 
2596.1116629877592 336.7575396825391 
2614.390283640509 321.95277777777716 
2632.2796272403098 307.16349206349133 
2652.75034625566 292.67460317460245 
2670.91971594043 280.09087301587226 
2685.7467275384215 277.53055555555466 
2690.741511248994 269.65793650793563 
2707.3952396239542 262.37936507936433 
2725.5752979440017 245.3686507936501 
2741.6957243049633 236.9992063492057 
2747.425012171601 234.90992063491998 
2764.3149489199004 223.13055555555496 
2785.8536633067515 212.66865079365027 
2791.0369427552037 206.00277777777734 
2804.9057507111906 196.92976190476156 
2819.0251861960505 186.07023809523776 
2830.3098957450966 184.85555555555518 
2837.190702923438 179.52142857142846 
2839.4923066393194 177.12380952380937 
2850.984484611253 172.92182539682506 
2858.318661508628 165.63015873015857 
2862.101123510926 164.77142857142823 
2869.949769865445 154.7726190476189 
2877.059518957896 149.4845238095237 
2880.170020068571 143.97222222222217 
2892.765852166067 141.27380952380943 
2893.6356804885186 133.90198412698413 
2893.9653457574445 129.9027777777778 
2896.8482198357915 125.36507936507941 
3064.989537797757 123.45873015873018 
3210.076178968489 114.75158730158735 
3412.5151652241198 107.22341269841273 
3561.5911731701367 104.67341269841275 
3598.7109657780657 103.30595238095245 
3747.9537695143167 101.70238095238092 
3932.230948913865 97.50039682539688 
4226.110963095427 95.97817460317462 
4372.5090624004215 88.57976190476197 
4591.946265191577 83.09960317460325 
4991.677124348066 76.7130952380953 
5547.328173014599 67.78015873015877 
5980.540866770772 58.719444444444456 
6872.906761140419 46.64682539682539 
7969.477945124358 39.89841269841269 
2852.651698569587 172.15277777777743 
2866.079744379705 163.47341269841237 
2877.25223261246 146.51309523809508 
2893.8416373262203 133.69920634920632 
2894.4145363305083 127.05595238095238 
3393.2221573351776 110.0496031746032 
4275.29542986655 89.53293650793657 
4550.2789519101525 84.5269841269842 
5512.320526482471 69.20992063492068 
2857.580246375493 170.70039682539652 
2866.981267670423 160.68452380952374 
2875.907353056955 154.3595238095237 
6537.580645351281 53.509920634920654 
2835.882181795735 184.22976190476155 
2850.1953949306585 175.55833333333297 
2875.9816819543835 150.51507936507926 
2896.805829529458 126.45793650793654 
4244.34125422216 94.11230158730162 
4769.675133324152 79.15992063492072 
6583.782880721131 52.93174603174606 

2277.671558666224 693.4523809523818 
2294.5244600653054 663.5329365079365 
2309.7487533665103 621.7007936507938 
2330.858781602251 526.1976190476188 
2346.460148485552 515.2464285714286 
2361.423473371936 501.23730158730166 
2378.147858183909 487.9392857142857 
2392.7137392425248 471.3396825396823 
2410.4902876711367 459.0257936507935 
2428.4604152181087 448.5428571428569 
2446.1565334343873 435.6031746031742 
2464.84912198007 418.7623015873011 
2478.6751904013995 413.90714285714233 
2497.325211489918 395.9976190476185 
2517.215494971888 382.8392857142854 
2536.9388616407928 373.66309523809474 
2556.282263026622 363.72658730158673 
2576.011453575359 353.8444444444439 
2596.1116629877592 336.7575396825391 
2614.390283640509 321.95277777777716 
2632.2796272403098 307.16349206349133 
2652.75034625566 292.67460317460245 
2670.91971594043 280.09087301587226 
2690.741511248994 269.65793650793563 
2707.3952396239542 262.37936507936433 
2725.5752979440017 245.3686507936501 
2741.6957243049633 236.9992063492057 
2747.6612205449383 230.40912698412637 
2764.3149489199004 223.13055555555496 
2785.8536633067515 212.66865079365027 
2795.731989273642 211.4015873015868 
2808.172369173808 200.48134920634877 
2814.2125663415663 192.70952380952335 
2830.3098957450966 184.85555555555518 
2834.2088424544545 181.9134920634917 
2850.58514903897 175.8007936507933 
2852.651698569587 172.15277777777743 
2858.5225301633604 167.29920634920612 
2859.6291896993 166.4861111111108 
2875.749616060263 158.11666666666642 
2876.472041704601 155.85317460317435 
2876.5674970716796 150.60277777777765 
2889.807052235799 145.9984126984126 
2891.5996718512624 139.4841269841269 
2892.059792483865 134.46984126984123 
3050.6708337871178 131.8523809523809 
3054.102502859957 124.44960317460318 
3251.4495065325464 124.12380952380951 
3374.099569529274 115.59682539682542 
3403.7845666750054 114.73134920634924 
3543.609565748039 108.79920634920637 
3747.9537695143167 101.70238095238092 
3755.5540482991264 100.39206349206353 
3937.3028772295565 97.2361111111111 
4307.8884371216855 89.85198412698416 
4591.946265191577 83.09960317460325 
4965.650596071889 76.78849206349214 
5554.367640083979 70.07222222222227 
6334.123433857119 55.25912698412699 
6872.906761140419 46.64682539682539 
8327.766589969251 37.93174603174603 
2830.332992702528 184.34007936507896 
2831.112984182737 182.61468253968215 
2891.8897338745683 137.9051587301587 
3540.114974002928 112.27698412698412 
4226.110963095427 95.97817460317462 
4769.675133324152 79.15992063492072 
5551.269076005964 70.92817460317465 
2846.4397756138746 180.07579365079334 
2853.430910193203 170.30396825396792 
2872.4251620302903 163.78095238095207 
2873.204373653907 161.9321428571426 
5549.027039082542 71.88015873015878 
4262.571743497454 93.0416666666667 
5431.489587157755 71.9317460317461 
6538.580419477363 53.244841269841295 
7238.157922498951 45.28174603174603 
5851.12185653706 66.7964285714286 
6196.29178717459 59.50634920634924 
6165.673454021663 60.1853174603175 

2277.671558666224 693.4523809523818 
2294.5244600653054 663.5329365079365 
2309.7487533665103 621.7007936507938 
2330.858781602251 526.1976190476188 
2346.460148485552 515.2464285714286 
2361.423473371936 501.23730158730166 
2378.147858183909 487.9392857142857 
2392.7137392425248 471.3396825396823 
2410.4902876711367 459.0257936507935 
2428.4604152181087 448.5428571428569 
2446.1565334343873 435.6031746031742 
2464.84912198007 418.7623015873011 
2478.6751904013995 413.90714285714233 
2497.325211489918 395.9976190476185 
2517.215494971888 382.8392857142854 
2536.9388616407928 373.66309523809474 
2556.282263026622 363.72658730158673 
2576.011453575359 353.8444444444439 
2596.1116629877592 336.7575396825391 
2614.390283640509 321.95277777777716 
2632.2796272403098 307.16349206349133 
2652.75034625566 292.67460317460245 
2670.91971594043 280.09087301587226 
2690.741511248994 269.65793650793563 
2707.3952396239542 262.37936507936433 
2725.5752979440017 245.3686507936501 
2741.6957243049633 236.9992063492057 
2764.3149489199004 223.13055555555496 
2766.834956435824 220.86071428571364 
2785.8536633067515 212.66865079365027 
2807.99118987804 197.04285714285672 
2813.9120475936884 194.39087301587256 
2825.359550629093 194.00317460317427 
2830.3098957450966 184.85555555555518 
2839.67381798906 175.2218253968251 
2841.35959034826 173.40952380952353 
2855.211550968261 165.08452380952357 
2873.204373653907 161.9321428571426 
2875.475631230576 148.2603174603173 
2875.5394913254377 141.57539682539672 
2895.035896283607 133.75793650793648 
2895.817497568912 128.06388888888887 
2897.628777853663 128.05396825396826 
2921.0414061055144 127.48650793650792 
3049.4680420278846 125.19285714285711 
3058.020087331898 120.3484126984127 
3250.729873843584 117.25912698412694 
3394.524593704543 112.76785714285717 
3555.2128468616506 106.3003968253968 
3758.1808741677683 101.31428571428572 
4064.8392171412083 96.118253968254 
4226.827099640528 87.36468253968256 
4591.946265191577 83.09960317460325 
4769.675133324152 79.15992063492072 
5527.3067728241185 66.29682539682544 
6172.3294839927485 54.87500000000003 
6538.580419477363 53.244841269841295 
7993.655713517497 44.04523809523811 
2844.8395369308455 172.75555555555516 
2852.651698569587 172.15277777777743 
2872.4251620302903 163.78095238095207 
2895.2570561842 132.4535714285714 
3046.724528393963 126.56031746031744 
3246.8226170698804 118.58373015873015 
3374.099569529274 115.59682539682542 
3747.9537695143167 101.70238095238092 
4226.668149869347 89.79801587301591 
5001.012426971857 78.02539682539691 
5252.304791896199 71.94365079365086 
7993.440248306196 44.52976190476192 
3057.0695849986 123.54325396825396 
3738.0512481487312 103.95238095238095 
3957.5751633237214 100.94761904761901 
2894.0192196294497 141.2119047619047 
2895.528557409663 131.5956349206349 
2895.7428331263613 131.22936507936504 
4053.0786055335084 100.59563492063495 
6872.906761140419 46.64682539682539 
2894.4894121298635 139.6615079365079 
4040.1580090874486 100.92857142857147 
8539.718980913687 43.7 

2277.671558666224 693.4523809523818 
2294.5244600653054 663.5329365079365 
2309.7487533665103 621.7007936507938 
2330.858781602251 526.1976190476188 
2346.460148485552 515.2464285714286 
2361.423473371936 501.23730158730166 
2378.147858183909 487.9392857142857 
2392.7137392425248 471.3396825396823 
2410.4902876711367 459.0257936507935 
2428.4604152181087 448.5428571428569 
2446.1565334343873 435.6031746031742 
2464.84912198007 418.7623015873011 
2478.6751904013995 413.90714285714233 
2497.325211489918 395.9976190476185 
2517.215494971888 382.8392857142854 
2536.9388616407928 373.66309523809474 
2556.282263026622 363.72658730158673 
2576.011453575359 353.8444444444439 
2596.1116629877592 336.7575396825391 
2614.390283640509 321.95277777777716 
2632.2796272403098 307.16349206349133 
2652.75034625566 292.67460317460245 
2670.91971594043 280.09087301587226 
2690.741511248994 269.65793650793563 
2707.3952396239542 262.37936507936433 
2714.606645533847 249.57619047618974 
2725.5752979440017 245.3686507936501 
2741.6957243049633 236.9992063492057 
2764.3149489199004 223.13055555555496 
2785.8536633067515 212.66865079365027 
2792.0519428128464 208.85079365079315 
2808.172369173808 200.48134920634877 
2821.601010074298 194.94246031746005 
2830.3098957450966 184.85555555555518 
2835.3003726807387 180.76190476190462 
2837.243356308268 174.0626984126981 
2838.1953546700033 172.31388888888864 
2855.2740682973367 167.55912698412686 
2857.11412578212 160.7710317460315 
2873.302518848042 148.2222222222222 
2889.7972684888923 137.25039682539676 
2890.3373015786747 132.62539682539682 
2890.9487829404834 125.23452380952384 
2892.01918126668 124.81071428571428 
3047.5322283572955 118.95476190476188 
3076.378765998827 117.36349206349206 
3364.329205945742 112.02738095238097 
3545.5651835899425 102.69126984126989 
3694.705814777892 98.33849206349208 
3916.1326239190785 95.69523809523811 
4031.5730845367593 95.05317460317464 
4320.2219325212 83.08730158730161 
4769.675133324152 79.15992063492072 
5349.577904691548 70.23650793650798 
6169.448185657998 55.90357142857146 
6538.580419477363 53.244841269841295 
6872.906761140419 46.64682539682539 
2827.487231548295 189.83690476190432 
2855.5162948670095 167.16865079365058 
2856.316077752768 164.1531746031744 
2873.7697601073587 145.9662698412698 
2889.964141602906 136.67460317460308 
2890.493830064648 129.984126984127 
3046.2078656274434 120.759126984127 
3054.717714953834 118.48412698412695 
3532.108602734386 108.10396825396826 
4270.284845737855 90.4480158730159 
5347.344463855635 73.05833333333338 
2890.021647008646 133.60912698412693 
2890.792102851192 129.55595238095236 
5280.62998554091 76.90396825396834 
2852.651698569587 172.15277777777743 
5827.159553355221 62.1650793650794 
3043.1016499729467 123.64960317460314 
5001.012426971857 78.02539682539691 
8607.812522162862 41.09285714285714 

2277.671558666224 693.4523809523818 
2294.5244600653054 663.5329365079365 
2309.7487533665103 621.7007936507938 
2330.858781602251 526.1976190476188 
2346.460148485552 515.2464285714286 
2361.423473371936 501.23730158730166 
2378.147858183909 487.9392857142857 
2392.7137392425248 471.3396825396823 
2410.4902876711367 459.0257936507935 
2428.4604152181087 448.5428571428569 
2446.1565334343873 435.6031746031742 
2464.84912198007 418.7623015873011 
2478.6751904013995 413.90714285714233 
2497.325211489918 395.9976190476185 
2517.215494971888 382.8392857142854 
2536.9388616407928 373.66309523809474 
2556.282263026622 363.72658730158673 
2576.011453575359 353.8444444444439 
2596.1116629877592 336.7575396825391 
2614.390283640509 321.95277777777716 
2632.2796272403098 307.16349206349133 
2652.75034625566 292.67460317460245 
2670.91971594043 280.09087301587226 
2690.741511248994 269.65793650793563 
2707.3952396239542 262.37936507936433 
2725.5752979440017 245.3686507936501 
2741.6957243049633 236.9992063492057 
2764.3149489199004 223.13055555555496 
2784.528994640973 211.2869047619042 
2792.0519428128464 208.85079365079315 
2803.570011684157 196.30476190476148 
2821.6747398414395 193.21031746031719 
2823.3262534493647 183.37301587301573 
2843.0471491802687 179.9900793650791 
2849.357179181843 176.28373015872978 
2855.1237474987943 162.25277777777757 
2862.8352580724722 162.09722222222203 
2875.854564507079 147.85436507936504 
2882.191241098496 145.65396825396815 
2892.523159202409 142.71587301587294 
2896.025917500994 132.39841269841264 
2896.249277456286 130.81547619047615 
2899.7664180407087 128.68968253968256 
3062.557617761126 128.32777777777775 
3063.3235858453118 124.6730158730159 
3228.0371178663454 119.79642857142858 
3269.203840254206 117.57738095238098 
3374.099569529274 115.59682539682542 
3582.1693696409775 109.60396825396832 
3747.9537695143167 101.70238095238092 
4053.0786055335084 100.59563492063495 
4415.26184000554 91.58452380952384 
4591.946265191577 83.09960317460325 
4769.675133324152 79.15992063492072 
5275.1449651459525 65.18571428571433 
6196.29178717459 59.50634920634924 
6538.580419477363 53.244841269841295 
7238.157922498951 45.28174603174603 
2787.9189726133945 209.9615079365075 
2843.5405061885226 176.88174603174585 
2851.5007136256363 175.24246031746 
2894.4455579751702 140.5765873015872 
2898.7864539915217 130.02619047619044 
3231.9971811727264 119.23373015873018 
3561.8291848122735 112.9809523809524 
4226.110963095427 95.97817460317462 
4525.6876549799545 87.45595238095244 
5001.012426971857 78.02539682539691 
5253.533706070418 71.3146825396826 
6193.41048883984 60.53492063492067 
6872.906761140419 46.64682539682539 
2842.022927564234 180.56111111111073 
2870.4686531097204 159.87103174603155 
2881.7538317042263 147.70595238095228 
2894.701777439693 140.0829365079365 
3217.181649381899 124.07619047619046 
3222.0466640085165 121.91269841269842 
3540.776357054408 114.20833333333334 
2852.651698569587 172.15277777777743 
2881.746257344054 147.7499999999999 
2895.2549011393403 138.63373015873012 
4467.427608050721 89.51706349206347 
6043.5730679292865 62.65357142857147 
8755.274134909385 44.45833333333335 
2895.8360366565603 138.5694444444444 
5113.315017834347 77.77896825396834 

2277.671558666224 693.4523809523818 
2294.5244600653054 663.5329365079365 
2309.7487533665103 621.7007936507938 
2330.858781602251 526.1976190476188 
2346.460148485552 515.2464285714286 
2361.423473371936 501.23730158730166 
2378.147858183909 487.9392857142857 
2392.7137392425248 471.3396825396823 
2410.4902876711367 459.0257936507935 
2428.4604152181087 448.5428571428569 
2446.1565334343873 435.6031746031742 
2464.84912198007 418.7623015873011 
2478.6751904013995 413.90714285714233 
2497.325211489918 395.9976190476185 
2517.215494971888 382.8392857142854 
2536.9388616407928 373.66309523809474 
2556.282263026622 363.72658730158673 
2576.011453575359 353.8444444444439 
2596.1116629877592 336.7575396825391 
2614.390283640509 321.95277777777716 
2632.2796272403098 307.16349206349133 
2652.75034625566 292.67460317460245 
2670.91971594043 280.09087301587226 
2686.9352092438817 272.44126984126893 
2690.741511248994 269.65793650793563 
2707.3952396239542 262.37936507936433 
2725.5752979440017 245.3686507936501 
2730.5719668980532 245.31071428571354 
2741.6957243049633 236.9992063492057 
2764.3149489199004 223.13055555555496 
2785.2056760616 216.7853174603169 
2785.8536633067515 212.66865079365027 
2794.0902522851234 204.823809523809 
2801.524633459384 195.9452380952376 
2812.5479955176966 188.50158730158682 
2816.125416304275 183.3404761904758 
2828.095536434677 181.6202380952377 
2833.62848186539 180.45357142857105 
2845.4618176818058 171.27738095238058 
2851.149892131336 165.85317460317427 
2867.803620506297 158.57460317460288 
2874.0019000123957 154.7567460317458 
2889.3893182778 148.5218253968252 
2889.807052235799 145.9984126984126 
2927.4409427224136 137.62658730158722 
2928.1739508179708 135.49206349206344 
3070.329055358483 128.51587301587298 
3071.9365777959674 126.45277777777777 
3218.840720063078 125.02579365079364 
3268.4985722442325 124.35039682539677 
3373.602360450677 116.67817460317463 
3374.099569529274 115.59682539682542 
3563.3440433671194 113.58611111111112 
3747.9537695143167 101.70238095238092 
3898.2597871618873 99.71706349206353 
4226.110963095427 95.97817460317462 
4415.26184000554 91.58452380952384 
4591.946265191577 83.09960317460325 
4769.675133324152 79.15992063492072 
5001.012426971857 78.02539682539691 
5551.269076005964 70.92817460317465 
6193.41048883984 60.53492063492067 
6872.906761140419 46.64682539682539 
7238.157922498951 45.28174603174603 
2790.1018462782404 211.83214285714234 
2806.81812294973 195.2591269841265 
2850.264688601954 168.13571428571396 
2866.770093662863 162.39047619047582 
3540.776357054408 114.20833333333334 
3710.0664930201406 109.92777777777782 
5718.710138510917 67.57777777777784 
5874.83446487949 65.68650793650797 
6538.580419477363 53.244841269841295 
5422.948899213133 76.05873015873023 

2294.5244600653054 663.5329365079365 
2277.671558666224 693.4523809523818 
2309.7487533665103 621.7007936507938 
2330.858781602251 526.1976190476188 
2346.460148485552 515.2464285714286 
2361.423473371936 501.23730158730166 
2378.147858183909 487.9392857142857 
2392.7137392425248 471.3396825396823 
2410.4902876711367 459.0257936507935 
2428.4604152181087 448.5428571428569 
2446.1565334343873 435.6031746031742 
2464.84912198007 418.7623015873011 
2478.6751904013995 413.90714285714233 
2497.325211489918 395.9976190476185 
2517.215494971888 382.8392857142854 
2536.9388616407928 373.66309523809474 
2556.282263026622 363.72658730158673 
2576.011453575359 353.8444444444439 
2596.1116629877592 336.7575396825391 
2614.390283640509 321.95277777777716 
2632.2796272403098 307.16349206349133 
2652.75034625566 292.67460317460245 
2670.91971594043 280.09087301587226 
2690.741511248994 269.65793650793563 
2707.3952396239542 262.37936507936433 
2725.5752979440017 245.3686507936501 
2741.6957243049633 236.9992063492057 
2764.3149489199004 223.13055555555496 
2785.8536633067515 212.66865079365027 
2791.2212808993627 204.6519841269836 
2801.708174148895 200.38452380952327 
2807.99118987804 197.04285714285672 
2813.840505514298 190.78333333333282 
2818.794566379566 189.77817460317416 
2830.3098957450966 184.85555555555518 
2830.380824065655 183.78611111111076 
2847.678579399538 178.43730158730128 
2849.4696667861617 170.15357142857107 
2853.3895447960854 167.9436507936505 
2866.4388176415755 159.80277777777755 
2868.4718213204687 157.6107142857141 
2876.7798950589627 156.01507936507917 
2882.5003032315562 149.47658730158722 
2887.67730352934 144.6003968253967 
2890.212735658082 144.40833333333322 
2891.8365343434853 144.32579365079354 
2914.7922320082835 141.44603174603176 
2920.055935683141 141.0174603174603 
2923.681043252851 136.43412698412695 
2925.1482214266393 134.18134920634918 
2926.11499034884 130.18134920634918 
3068.9979603092975 124.30158730158729 
3220.749559681777 119.52777777777781 
3374.099569529274 115.59682539682542 
3540.776357054408 114.20833333333334 
3710.0664930201406 109.92777777777782 
3737.593801959348 108.25952380952386 
3747.9537695143167 101.70238095238092 
3910.5749261038654 99.90873015873018 
4090.5063287983517 96.75793650793652 
4226.110963095427 95.97817460317462 
4415.26184000554 91.58452380952384 
4591.946265191577 83.09960317460325 
4769.675133324152 79.15992063492072 
5001.012426971857 78.02539682539691 
5133.657592640554 77.5424603174604 
5551.269076005964 70.92817460317465 
5851.12185653706 66.7964285714286 
6193.41048883984 60.53492063492067 
6538.580419477363 53.244841269841295 
6872.906761140419 46.64682539682539 
7238.157922498951 45.28174603174603 
8871.432165994203 37.93174603174603 
2812.7774661692374 197.0345238095233 
2826.819180949002 189.13730158730115 
2848.540613394338 178.1190476190473 
2923.2565082640303 140.42261904761904 
3068.871014904071 129.62142857142857 
2884.5172453180326 148.7079365079364 
2849.014831741114 176.89841269841236 
2875.0558605632973 156.92420634920614 

2277.671558666224 693.4523809523818 
2294.5244600653054 663.5329365079365 
2309.7487533665103 621.7007936507938 
2330.858781602251 526.1976190476188 
2346.460148485552 515.2464285714286 
2361.423473371936 501.23730158730166 
2378.147858183909 487.9392857142857 
2392.7137392425248 471.3396825396823 
2410.4902876711367 459.0257936507935 
2428.4604152181087 448.5428571428569 
2446.1565334343873 435.6031746031742 
2464.84912198007 418.7623015873011 
2478.6751904013995 413.90714285714233 
2497.325211489918 395.9976190476185 
2517.215494971888 382.8392857142854 
2536.9388616407928 373.66309523809474 
2556.282263026622 363.72658730158673 
2576.011453575359 353.8444444444439 
2596.1116629877592 336.7575396825391 
2614.390283640509 321.95277777777716 
2632.2796272403098 307.16349206349133 
2652.75034625566 292.67460317460245 
2670.91971594043 280.09087301587226 
2690.741511248994 269.65793650793563 
2707.3952396239542 262.37936507936433 
2725.5752979440017 245.3686507936501 
2741.6957243049633 236.9992063492057 
2744.215731820887 234.72936507936438 
2764.3149489199004 223.13055555555496 
2785.8536633067515 212.66865079365027 
2794.269248789357 205.95912698412664 
2807.99118987804 197.04285714285672 
2823.086649135457 184.06706349206314 
2843.963934618028 160.79563492063474 
2873.0478072669866 152.55317460317448 
2875.835566875127 148.28333333333325 
2889.807052235799 145.9984126984126 
2890.6568680480673 141.96150793650787 
2891.287098516173 134.10833333333332 
2891.308946173032 131.52182539682536 
2893.5644408183025 128.2686507936508 
3052.8421441044648 120.90198412698413 
3054.5084484696554 119.54841269841272 
3054.9943316576823 118.05753968253971 
3208.100588843223 114.10595238095239 
3222.0229254680066 114.07976190476191 
3402.2428901948774 110.16428571428574 
3527.3818195932427 105.743253968254 
3562.559986606337 95.62063492063497 
4046.690372165067 89.25912698412705 
4224.302423328249 87.21626984126985 
4459.9465442872115 81.64206349206357 
4769.675133324152 79.15992063492072 
5074.590982282338 77.33373015873023 
5551.269076005964 70.92817460317465 
6193.41048883984 60.53492063492067 
6872.906761140419 46.64682539682539 
8327.766589969251 37.93174603174603 
2890.26966789029 142.78769841269835 
2890.9866278320756 138.31309523809514 
4087.104028380391 88.60198412698415 
5001.012426971857 78.02539682539691 
6359.851777218707 57.4496031746032 
6538.580419477363 53.244841269841295 
7752.1048511791505 45.28174603174603 
3527.1544964485524 108.90753968253969 
4046.0070338901423 90.86904761904769 
4976.26233827058 78.08928571428581 
5575.852129912168 66.7964285714286 
5485.741168005458 70.99047619047623 
5719.153927874184 66.2837301587302 

2277.671558666224 693.4523809523818 
2294.5244600653054 663.5329365079365 
2309.7487533665103 621.7007936507938 
2330.858781602251 526.1976190476188 
2346.460148485552 515.2464285714286 
2361.423473371936 501.23730158730166 
2378.147858183909 487.9392857142857 
2392.7137392425248 471.3396825396823 
2410.4902876711367 459.0257936507935 
2428.4604152181087 448.5428571428569 
2446.1565334343873 435.6031746031742 
2464.84912198007 418.7623015873011 
2478.6751904013995 413.90714285714233 
2497.325211489918 395.9976190476185 
2517.215494971888 382.8392857142854 
2536.9388616407928 373.66309523809474 
2556.282263026622 363.72658730158673 
2576.011453575359 353.8444444444439 
2596.1116629877592 336.7575396825391 
2614.390283640509 321.95277777777716 
2632.2796272403098 307.16349206349133 
2652.75034625566 292.67460317460245 
2670.91971594043 280.09087301587226 
2690.741511248994 269.65793650793563 
2707.3952396239542 262.37936507936433 
2725.5752979440017 245.3686507936501 
2848.241346130104 204.88809523809485 
2848.899240626809 182.06309523809495 
2852.651698569587 172.15277777777743 
2868.4209758389975 166.67936507936494 
2874.5521191305934 161.96230158730143 
2885.4843064487986 155.0194444444443 
2886.4061173113137 151.5547619047618 
2889.807052235799 145.9984126984126 
2909.6243040118593 139.03769841269838 
2933.5747039655807 138.84960317460312 
3060.3167984928427 133.00595238095238 
3071.879406154607 128.17380952380952 
3225.014597485778 119.56547619047623 
3374.099569529274 115.59682539682542 
3613.9257830835036 107.88174603174605 
3747.9537695143167 101.70238095238092 
4073.4208665873443 97.43531746031748 
4279.055225202287 89.9634920634921 
4591.946265191577 83.09960317460325 
4891.471387178141 71.64087301587307 
5102.214991006208 68.01190476190482 
5902.67892628937 54.133730158730195 
7238.157922498951 45.28174603174603 
2868.7330651910906 164.00555555555542 
2874.7792343416504 160.44880952380922 
2888.414742788371 150.8555555555554 
3222.6315115250773 125.43373015873017 
3540.776357054408 114.20833333333334 
4053.0786055335084 100.59563492063495 
4273.1811752749545 90.14523809523816 
4536.002455593093 88.62500000000003 
4769.675133324152 79.15992063492072 
6872.906761140419 46.64682539682539 
2866.731231054487 169.87103174603138 
2867.9915367244757 168.61230158730126 
2872.4251620302903 163.78095238095207 
2888.869697497107 149.4190476190475 
2908.5617142037186 141.3321428571428 
2910.458009120614 138.9273809523809 
4265.103735985173 93.86746031746036 
4501.097885504649 88.88095238095242 
2912.9198610276253 138.91865079365076 
3068.955209769056 130.93531746031744 
4241.759723710939 94.11904761904763 
3070.7316628794943 130.0924603174603 
4226.110963095427 95.97817460317462 
5597.489781052437 66.10396825396829 

2277.671558666224 693.4523809523818 
2294.5244600653054 663.5329365079365 
2309.7487533665103 621.7007936507938 
2330.858781602251 526.1976190476188 
2346.460148485552 515.2464285714286 
2361.423473371936 501.23730158730166 
2378.147858183909 487.9392857142857 
2392.7137392425248 471.3396825396823 
2410.4902876711367 459.0257936507935 
2428.4604152181087 448.5428571428569 
2446.1565334343873 435.6031746031742 
2464.84912198007 418.7623015873011 
2478.6751904013995 413.90714285714233 
2497.325211489918 395.9976190476185 
2517.215494971888 382.8392857142854 
2536.9388616407928 373.66309523809474 
2556.282263026622 363.72658730158673 
2576.011453575359 353.8444444444439 
2596.1116629877592 336.7575396825391 
2614.390283640509 321.95277777777716 
2632.2796272403098 307.16349206349133 
2652.75034625566 292.67460317460245 
2670.91971594043 280.09087301587226 
2690.741511248994 269.65793650793563 
2707.3952396239542 262.37936507936433 
2725.5752979440017 245.3686507936501 
2741.6957243049633 236.9992063492057 
2764.3149489199004 223.13055555555496 
2774.4267761742576 215.012301587301 
2785.8536633067515 212.66865079365027 
2796.4881039398265 210.06825396825346 
2796.7685789987454 202.30952380952326 
2808.469882753778 196.87539682539642 
2818.307293385595 191.8476190476186 
2830.3098957450966 184.85555555555518 
2831.0891073687126 183.00674603174568 
2836.476663070365 179.26388888888852 
2839.807394390734 176.9190476190472 
2852.651698569587 172.15277777777743 
2853.1232177809275 168.20714285714274 
2860.5610527389485 161.15714285714265 
2873.984365134116 160.20674603174575 
2878.031897011279 152.8071428571427 
2881.6520849452677 146.9468253968252 
2891.0160951424587 132.33531746031744 
2893.060486766097 128.60119047619045 
2921.7198363069588 127.91468253968254 
3054.586081055401 119.06984126984128 
3374.099569529274 115.59682539682542 
3535.9333359644843 110.46309523809526 
3543.1620688889006 106.56746031746032 
3732.3129457990153 102.17380952380954 
3747.9537695143167 101.70238095238092 
3898.98973332415 100.78531746031747 
4056.1822248630992 98.92103174603176 
4226.110963095427 95.97817460317462 
4415.26184000554 91.58452380952384 
4591.946265191577 83.09960317460325 
4769.675133324152 79.15992063492072 
5001.012426971857 78.02539682539691 
5551.269076005964 70.92817460317465 
6385.394384562638 55.409920634920674 
6872.906761140419 46.64682539682539 
8135.071258932395 38.90198412698412 
2789.544398402824 210.79246031745976 
2808.172369173808 200.48134920634877 
2827.9689295919407 191.59404761904716 
2833.30859613676 182.41825396825362 
3529.060329514361 113.67896825396825 
4196.498610974699 97.31031746031746 
6530.6181288376465 52.90833333333337 
4053.0786055335084 100.59563492063495 
2889.807052235799 145.9984126984126 

2277.671558666224 693.4523809523818 
2294.5244600653054 663.5329365079365 
2309.7487533665103 621.7007936507938 
2330.858781602251 526.1976190476188 
2346.460148485552 515.2464285714286 
2360.2862169068812 510.39126984126995 
2361.423473371936 501.23730158730166 
2378.147858183909 487.9392857142857 
2392.7137392425248 471.3396825396823 
2410.4902876711367 459.0257936507935 
2428.4604152181087 448.5428571428569 
2446.1565334343873 435.6031746031742 
2464.84912198007 418.7623015873011 
2478.6751904013995 413.90714285714233 
2497.325211489918 395.9976190476185 
2517.215494971888 382.8392857142854 
2536.9388616407928 373.66309523809474 
2556.282263026622 363.72658730158673 
2576.011453575359 353.8444444444439 
2596.1116629877592 336.7575396825391 
2614.390283640509 321.95277777777716 
2632.2796272403098 307.16349206349133 
2652.75034625566 292.67460317460245 
2670.91971594043 280.09087301587226 
2690.741511248994 269.65793650793563 
2707.3952396239542 262.37936507936433 
2725.5752979440017 245.3686507936501 
2741.6957243049633 236.9992063492057 
2754.3173666983953 231.9353174603169 
2764.3149489199004 223.13055555555496 
2768.4823479442193 217.98769841269785 
2785.8536633067515 212.66865079365027 
2801.165711038877 207.26865079365035 
2808.172369173808 200.48134920634877 
2808.1954661312393 199.96587301587252 
2828.2910256381265 187.27023809523774 
2830.3098957450966 184.85555555555518 
2834.7660212824776 182.61230158730123 
2850.58514903897 175.8007936507933 
2852.651698569587 172.15277777777743 
2857.8639387731537 168.57619047619013 
2872.4251620302903 163.78095238095207 
2875.749616060263 158.11666666666642 
2889.807052235799 145.9984126984126 
2912.8784600998415 144.9603174603174 
2913.5210777836155 139.66150793650792 
2933.5747039655807 138.84960317460312 
3064.768463421802 135.98095238095232 
3071.4019979370196 130.94325396825394 
3073.5465394815774 129.40238095238095 
3223.6783451442016 121.10436507936512 
3225.014597485778 119.56547619047623 
3374.099569529274 115.59682539682542 
3393.9948905971123 113.55555555555559 
3543.609565748039 108.79920634920637 
3723.8214036836935 101.23849206349213 
3890.3350022338427 99.89325396825402 
4047.124737643743 95.13571428571433 
4147.282207562602 93.8960317460318 
4483.249131053469 88.2269841269842 
4591.946265191577 83.09960317460325 
5105.321630851352 76.48730158730164 
5597.489781052437 66.10396825396829 
6537.580645351281 53.509920634920654 
6872.906761140419 46.64682539682539 
7238.157922498951 45.28174603174603 
2796.516613970912 210.65436507936465 
2853.407813235771 170.81944444444412 
2854.210901673411 168.5785714285711 
2879.402653160005 158.1142857142855 
3065.285593933493 132.4392857142857 
3905.768203501598 99.83134920634922 
3932.520751345765 97.1154761904762 
4445.3676949959645 90.33373015873022 
4769.675133324152 79.15992063492072 
4809.624927583108 77.29404761904769 
2853.430910193203 170.30396825396792 
2872.903854906031 163.61349206349172 
3065.8152970409255 131.65158730158728 
3071.93170104445 130.15555555555554 
3543.0798626406076 109.58690476190479 
3905.792800220076 99.78809523809527 
4439.417264020152 90.63095238095244 
2873.181276696475 162.44761904761876 
3063.432211080226 137.5198412698412 
3222.6315115250773 125.43373015873017 
3541.7436102990323 111.12579365079368 
3709.067330447981 108.23650793650792 
5362.316292118447 70.00595238095241 
6247.103703503138 57.186904761904785 
5238.244711510005 70.17817460317465 
5223.639027374186 76.17738095238101 
4415.26184000554 91.58452380952384 
3911.323758059809 98.76746031746032 
3711.5634493721955 106.05753968253971 

2277.671558666224 693.4523809523818 
2294.5244600653054 663.5329365079365 
2309.7487533665103 621.7007936507938 
2330.858781602251 526.1976190476188 
2346.460148485552 515.2464285714286 
2361.423473371936 501.23730158730166 
2378.147858183909 487.9392857142857 
2392.7137392425248 471.3396825396823 
2410.4902876711367 459.0257936507935 
2428.4604152181087 448.5428571428569 
2446.1565334343873 435.6031746031742 
2464.84912198007 418.7623015873011 
2478.6751904013995 413.90714285714233 
2497.325211489918 395.9976190476185 
2517.215494971888 382.8392857142854 
2536.9388616407928 373.66309523809474 
2556.282263026622 363.72658730158673 
2576.011453575359 353.8444444444439 
2596.1116629877592 336.7575396825391 
2614.390283640509 321.95277777777716 
2632.2796272403098 307.16349206349133 
2652.75034625566 292.67460317460245 
2670.91971594043 280.09087301587226 
2690.741511248994 269.65793650793563 
2707.3952396239542 262.37936507936433 
2725.5752979440017 245.3686507936501 
2741.6957243049633 236.9992063492057 
2747.6612205449383 230.40912698412637 
2764.3149489199004 223.13055555555496 
2785.8536633067515 212.66865079365027 
2808.172369173808 200.48134920634877 
2830.3098957450966 184.85555555555518 
2849.805937415354 177.64960317460285 
2852.651698569587 172.15277777777743 
2855.9278207516963 168.54960317460282 
2872.739417276148 144.179365079365 
2889.337681353809 140.6880952380952 
2893.5475746161273 131.35396825396828 
2895.6453235043423 129.7607142857143 
3073.5465394815774 129.40238095238095 
3211.4744962645514 124.54166666666667 
3374.099569529274 115.59682539682542 
3569.0038929971297 109.5357142857143 
3747.9537695143167 101.70238095238092 
4089.9043482921766 94.35714285714288 
4259.194484257905 90.07658730158735 
4591.946265191577 83.09960317460325 
4856.3670800017635 76.06349206349213 
5383.105215217295 63.04087301587307 
6172.3294839927485 54.87500000000003 
6580.016497122949 51.380158730158755 
7969.477945124358 39.89841269841269 
2497.089162816996 411.9388888888886 
2872.4251620302903 163.78095238095207 
3540.776357054408 114.20833333333334 
4036.103696947427 99.83095238095238 
4967.318418656844 70.93650793650801 
6537.580645351281 53.509920634920654 
8327.766589969251 37.93174603174603 
2889.8094118314552 138.12380952380948 
4769.675133324152 79.15992063492072 
6167.724383833378 58.37579365079369 
6157.465695774811 59.00674603174607 
6872.906761140419 46.64682539682539 

2277.671558666224 693.4523809523818 
2294.5244600653054 663.5329365079365 
2309.7487533665103 621.7007936507938 
2330.858781602251 526.1976190476188 
2346.460148485552 515.2464285714286 
2361.423473371936 501.23730158730166 
2378.147858183909 487.9392857142857 
2392.7137392425248 471.3396825396823 
2410.4902876711367 459.0257936507935 
2428.4604152181087 448.5428571428569 
2446.1565334343873 435.6031746031742 
2464.84912198007 418.7623015873011 
2478.6751904013995 413.90714285714233 
2497.325211489918 395.9976190476185 
2517.215494971888 382.8392857142854 
2536.9388616407928 373.66309523809474 
2556.282263026622 363.72658730158673 
2576.011453575359 353.8444444444439 
2596.1116629877592 336.7575396825391 
2614.390283640509 321.95277777777716 
2631.8249875670654 311.43928571428506 
2632.2796272403098 307.16349206349133 
2652.75034625566 292.67460317460245 
2670.91971594043 280.09087301587226 
2686.9352092438817 272.44126984126893 
2687.132747061218 271.17063492063414 
2690.741511248994 269.65793650793563 
2707.3952396239542 262.37936507936433 
2708.2672248136005 254.18650793650727 
2715.2157126841344 254.0539682539675 
2725.5752979440017 245.3686507936501 
2741.6957243049633 236.9992063492057 
2764.3149489199004 223.13055555555496 
2785.8536633067515 212.66865079365027 
2799.8673266943856 211.7527777777774 
2807.99118987804 197.04285714285672 
2813.6792643275694 191.61865079365032 
2829.5281326957647 188.01984126984087 
2831.0891073687126 183.00674603174568 
2834.785048634114 179.73650793650756 
2850.083359205799 176.48373015872983 
2853.430910193203 170.30396825396792 
2862.7489247850426 165.39285714285688 
2871.433293830405 161.28373015872987 
2874.6356825131134 149.99365079365066 
2889.807052235799 145.9984126984126 
2928.7477354756593 140.05317460317454 
2930.13596150459 137.78690476190476 
2931.7315762409594 137.7460317460317 
3058.2723924583106 136.34087301587297 
3070.9181226182977 128.78412698412697 
3071.6109111846745 128.3019841269841 
3225.014597485778 119.56547619047623 
3374.099569529274 115.59682539682542 
3583.675470614657 108.37420634920637 
3747.9537695143167 101.70238095238092 
3903.245093908292 100.80357142857149 
4146.805379341247 98.61507936507942 
4241.759723710939 94.11904761904763 
4591.946265191577 83.09960317460325 
4769.675133324152 79.15992063492072 
5346.182357609385 70.73531746031752 
6239.6311938863155 55.71071428571432 
6538.580419477363 53.244841269841295 
8140.106993922572 42.56309523809524 
2830.3098957450966 184.85555555555518 
2830.332992702528 184.34007936507896 
2868.62268419032 164.74484126984095 
2873.498223286955 157.66984126984107 
2906.470649078183 145.83492063492054 
2931.639075668676 137.7492063492063 
3071.5950883064997 128.31309523809523 
3374.00706895699 115.60000000000002 
3546.801448958912 111.15238095238098 
4226.110963095427 95.97817460317462 
5001.012426971857 78.02539682539691 
6218.749440289764 59.27579365079368 
6872.906761140419 46.64682539682539 
8327.766589969251 37.93174603174603 
3221.479985869128 124.81468253968254 
4073.290635268873 99.19166666666669 
4415.26184000554 91.58452380952384 
6206.011052862865 59.50634920634924 
4053.0786055335084 100.59563492063495 
4495.874410839119 90.51865079365085 
5646.035138140482 66.60357142857147 
3540.776357054408 114.20833333333334 

2277.671558666224 693.4523809523818 
2294.5244600653054 663.5329365079365 
2309.7487533665103 621.7007936507938 
2330.858781602251 526.1976190476188 
2346.460148485552 515.2464285714286 
2361.423473371936 501.23730158730166 
2378.147858183909 487.9392857142857 
2392.7137392425248 471.3396825396823 
2410.4902876711367 459.0257936507935 
2428.4604152181087 448.5428571428569 
2446.1565334343873 435.6031746031742 
2464.84912198007 418.7623015873011 
2478.6751904013995 413.90714285714233 
2497.325211489918 395.9976190476185 
2517.215494971888 382.8392857142854 
2536.9388616407928 373.66309523809474 
2556.282263026622 363.72658730158673 
2576.011453575359 353.8444444444439 
2596.1116629877592 336.7575396825391 
2614.390283640509 321.95277777777716 
2632.2796272403098 307.16349206349133 
2652.75034625566 292.67460317460245 
2670.91971594043 280.09087301587226 
2690.741511248994 269.65793650793563 
2707.3952396239542 262.37936507936433 
2725.5752979440017 245.3686507936501 
2741.6957243049633 236.9992063492057 
2764.3149489199004 223.13055555555496 
2778.873392022958 222.12738095238043 
2785.8536633067515 212.66865079365027 
2797.3018810127433 203.4003968253963 
2808.172369173808 200.48134920634877 
2812.140526060327 197.43928571428526 
2819.479830414177 195.93809523809486 
2830.3098957450966 184.85555555555518 
2833.9629328448364 184.8531746031742 
2850.083359205799 176.48373015872983 
2850.106456163231 175.96825396825366 
2853.407813235771 170.81944444444412 
2872.4251620302903 163.78095238095207 
2873.984365134116 160.20674603174575 
2875.749616060263 158.11666666666642 
2889.807052235799 145.9984126984126 
2920.655741230764 139.6912698412698 
2922.0007220806365 139.13373015873012 
2936.6764261929175 136.5662698412698 
3070.3621429904615 126.28333333333332 
3072.0129927448656 125.15396825396823 
3222.0306594232366 120.82380952380952 
3224.0152593620805 118.21547619047621 
3372.445074959821 112.05714285714285 
3391.1612338376003 108.37301587301587 
3592.6776814399223 105.13968253968252 
3766.225434643488 101.34563492063491 
3877.6658843288265 98.80873015873017 
4079.2949165146774 97.25357142857145 
4260.771480908535 92.8496031746032 
4414.746444363898 90.76111111111113 
4591.946265191577 83.09960317460325 
4782.858659512233 78.42261904761914 
5098.2704812485 74.8678571428572 
5597.489781052437 66.10396825396829 
6872.906761140419 46.64682539682539 
2850.58514903897 175.8007936507933 
2875.7012842124013 160.17777777777746 
3578.270083561146 105.67063492063492 
3747.9537695143167 101.70238095238092 
4059.4341755702967 97.36666666666667 
4324.292385366694 91.1916666666667 
4771.289236073047 78.76507936507947 
5551.269076005964 70.92817460317465 
5575.852129912168 66.7964285714286 
2853.130391445325 171.9853174603171 
3541.440969113213 106.85079365079365 
4242.6732718068915 94.90793650793653 
4583.0983508246145 85.71269841269849 
4769.675133324152 79.15992063492072 
6163.992208928017 58.68571428571432 
6538.580419477363 53.244841269841295 
2852.651698569587 172.15277777777743 
2936.228778945728 138.60674603174596 
3220.1382607860487 122.09722222222219 
4530.78563682965 88.50317460317463 
5074.590982282338 77.33373015873023 
4241.025089996243 95.3829365079365 

2277.671558666224 693.4523809523818 
2294.5244600653054 663.5329365079365 
2309.7487533665103 621.7007936507938 
2330.858781602251 526.1976190476188 
2346.460148485552 515.2464285714286 
2361.423473371936 501.23730158730166 
2378.147858183909 487.9392857142857 
2392.7137392425248 471.3396825396823 
2409.353031206083 468.1797619047616 
2410.4902876711367 459.0257936507935 
2428.4604152181087 448.5428571428569 
2446.1565334343873 435.6031746031742 
2464.84912198007 418.7623015873011 
2478.6751904013995 413.90714285714233 
2484.8149320082666 410.3968253968252 
2497.325211489918 395.9976190476185 
2517.215494971888 382.8392857142854 
2536.9388616407928 373.66309523809474 
2556.282263026622 363.72658730158673 
2576.011453575359 353.8444444444439 
2596.1116629877592 336.7575396825391 
2614.390283640509 321.95277777777716 
2632.2796272403098 307.16349206349133 
2652.75034625566 292.67460317460245 
2670.91971594043 280.09087301587226 
2690.741511248994 269.65793650793563 
2707.3952396239542 262.37936507936433 
2725.5752979440017 245.3686507936501 
2741.6957243049633 236.9992063492057 
2764.3149489199004 223.13055555555496 
2785.8536633067515 212.66865079365027 
2807.8949473833613 201.64722222222176 
2808.172369173808 200.48134920634877 
2816.0059440550144 193.7527777777774 
2830.3098957450966 184.85555555555518 
2844.85958118524 180.1821428571424 
2850.083359205799 176.48373015872983 
2852.651698569587 172.15277777777743 
2859.6291896993 166.4861111111108 
2872.4251620302903 163.78095238095207 
2873.984365134116 160.20674603174575 
2889.807052235799 145.9984126984126 
2933.299274939288 141.91230158730153 
2933.5747039655807 138.84960317460312 
3070.728787566777 131.9496031746031 
3073.5465394815774 129.40238095238095 
3225.014597485778 119.56547619047623 
3374.099569529274 115.59682539682542 
3394.524593704543 112.76785714285717 
3583.675470614657 108.37420634920637 
3747.9537695143167 101.70238095238092 
3906.7063483160264 100.57698412698416 
4056.8208271297 100.25873015873016 
4242.6732718068915 94.90793650793653 
4415.26184000554 91.58452380952384 
4591.946265191577 83.09960317460325 
5001.012426971857 78.02539682539691 
5597.489781052437 66.10396825396829 
6537.580645351281 53.509920634920654 
6872.906761140419 46.64682539682539 
7113.242384141383 46.15992063492065 
2814.9828393556236 197.51190476190428 
2827.487231548295 189.83690476190432 
2834.482328884818 184.7365079365075 
2837.6020639705594 183.64325396825353 
2850.106456163231 175.96825396825366 
2855.9278207516963 168.54960317460282 
2879.402653160005 158.1142857142855 
3222.6315115250773 125.43373015873017 
4226.110963095427 95.97817460317462 
4758.442154134359 81.00912698412708 
4769.675133324152 79.15992063492072 
6538.580419477363 53.244841269841295 
2851.365140519178 174.07539682539652 
3710.286353273174 107.41071428571429 
4318.606658261633 94.24960317460321 
5695.191624692346 61.65238095238099 
6530.924615380195 58.82023809523812 
4133.387872271582 98.99047619047623 

2277.671558666224 693.4523809523818 
2294.5244600653054 663.5329365079365 
2309.7487533665103 621.7007936507938 
2330.858781602251 526.1976190476188 
2346.460148485552 515.2464285714286 
2361.423473371936 501.23730158730166 
2378.147858183909 487.9392857142857 
2392.7137392425248 471.3396825396823 
2410.4902876711367 459.0257936507935 
2428.4604152181087 448.5428571428569 
2446.1565334343873 435.6031746031742 
2464.84912198007 418.7623015873011 
2478.6751904013995 413.90714285714233 
2497.325211489918 395.9976190476185 
2517.215494971888 382.8392857142854 
2536.9388616407928 373.66309523809474 
2556.282263026622 363.72658730158673 
2576.011453575359 353.8444444444439 
2596.1116629877592 336.7575396825391 
2614.390283640509 321.95277777777716 
2632.2796272403098 307.16349206349133 
2652.75034625566 292.67460317460245 
2670.91971594043 280.09087301587226 
2685.166292005042 278.86111111111023 
2690.741511248994 269.65793650793563 
2707.3952396239542 262.37936507936433 
2725.5752979440017 245.3686507936501 
2741.6957243049633 236.9992063492057 
2764.3149489199004 223.13055555555496 
2785.8536633067515 212.66865079365027 
2792.6507549972866 203.6869047619043 
2806.704631827631 198.96547619047578 
2814.9925578217744 190.98412698412653 
2830.3098957450966 184.85555555555518 
2830.332992702528 184.34007936507896 
2834.7660212824776 182.61230158730123 
2847.4363095653403 176.676587301587 
2852.651698569587 172.15277777777743 
2859.071290966823 165.43849206349174 
2869.3598751426584 159.38849206349187 
2875.7250193417863 158.15992063492044 
2880.60299438488 149.54365079365067 
2889.807052235799 145.9984126984126 
2894.501721555249 143.71825396825392 
2900.9256518091506 134.98968253968243 
2906.240466359213 134.12142857142854 
2911.412195526683 133.51349206349204 
3060.9087659704724 126.57499999999997 
3069.545696958948 124.76190476190476 
3217.577746504374 119.99761904761901 
3219.5177502817082 114.20555555555558 
3368.416755486517 110.05833333333335 
3539.3380850370313 106.7916666666667 
3573.969621889493 106.22222222222224 
3710.942599659053 103.77817460317459 
3874.0266687848402 102.8746031746032 
4112.929973429882 98.1674603174604 
4220.442507611958 93.46547619047624 
4591.946265191577 83.09960317460325 
4769.675133324152 79.15992063492072 
5486.506486423217 71.25634920634927 
6172.3294839927485 54.87500000000003 
6538.580419477363 53.244841269841295 
8327.245892956546 37.10833333333334 
2850.562052081538 176.31626984126947 
2859.095887685301 165.39523809523774 
2866.59261111546 163.10119047619028 
2875.749616060263 158.11666666666642 
2895.193097632936 141.3896825396825 
2910.7666198483366 134.0928571428571 
3060.145277123627 129.82936507936503 
4069.8410265705343 98.29920634920634 
4510.202724184962 87.56349206349206 
5551.269076005964 70.92817460317465 
3058.648789939654 130.11031746031745 
5001.012426971857 78.02539682539691 
6872.906761140419 46.64682539682539 
2866.0548510697267 163.16865079365064 
2876.519716494644 157.87023809523797 
2891.87320920604 145.4214285714285 
3069.0116050055294 125.35595238095237 
3531.9282026568176 109.70039682539682 
3703.654582443187 105.3646825396826 
4429.24853102259 91.65317460317463 
4488.947583557597 91.62896825396824 
2876.867393463299 156.57023809523798 
5078.311077824426 77.44841269841275 
5157.079207691004 72.81349206349213 
5921.304864765375 66.60357142857147 
4068.7177939480353 98.53373015873015 
5712.45341352052 69.53968253968259 
5851.12185653706 66.7964285714286 
7235.271845766255 45.76269841269842 
7238.157922498951 45.28174603174603 

2277.671558666224 693.4523809523818 
2294.5244600653054 663.5329365079365 
2309.7487533665103 621.7007936507938 
2330.858781602251 526.1976190476188 
2346.460148485552 515.2464285714286 
2361.423473371936 501.23730158730166 
2378.147858183909 487.9392857142857 
2392.7137392425248 471.3396825396823 
2410.4902876711367 459.0257936507935 
2428.4604152181087 448.5428571428569 
2446.1565334343873 435.6031746031742 
2464.84912198007 418.7623015873011 
2478.6751904013995 413.90714285714233 
2497.325211489918 395.9976190476185 
2517.215494971888 382.8392857142854 
2536.9388616407928 373.66309523809474 
2556.282263026622 363.72658730158673 
2576.011453575359 353.8444444444439 
2596.1116629877592 336.7575396825391 
2614.390283640509 321.95277777777716 
2632.2796272403098 307.16349206349133 
2652.75034625566 292.67460317460245 
2670.91971594043 280.09087301587226 
2690.741511248994 269.65793650793563 
2707.3952396239542 262.37936507936433 
2725.5752979440017 245.3686507936501 
2741.6957243049633 236.9992063492057 
2764.3149489199004 223.13055555555496 
2769.432718197912 222.7194444444439 
2785.8536633067515 212.66865079365027 
2804.4701946222835 202.72460317460275 
2807.99118987804 197.04285714285672 
2810.8014003956255 196.26904761904723 
2814.2125663415663 192.70952380952335 
2827.7646533387406 188.67103174603142 
2830.3098957450966 184.85555555555518 
2833.9860298022695 184.33769841269805 
2848.377821435802 177.57103174603154 
2850.333031197728 170.68373015872993 
2857.447202780054 159.63888888888874 
2872.227369327005 157.05079365079337 
2876.975249674654 144.79722222222216 
2883.48784779442 139.28333333333327 
2894.9845115916455 126.72103174603173 
2898.1910183066348 125.07261904761903 
3046.8443813511785 123.29523809523808 
3055.840321244379 119.55079365079365 
3204.4265534909678 117.91111111111107 
3206.1246778918726 116.60714285714282 
3374.099569529274 115.59682539682542 
3452.0968755607632 110.56587301587302 
3587.215600710849 105.5373015873016 
3726.9342691893744 101.49365079365083 
4053.0786055335084 100.59563492063495 
4115.91390248876 86.63849206349208 
4581.678228400455 85.40793650793654 
4819.499220593692 74.88293650793658 
5289.647964220675 69.85912698412703 
5705.648512711384 62.28849206349211 
6538.580419477363 53.244841269841295 
6872.906761140419 46.64682539682539 
8327.766589969251 37.93174603174603 
2830.332992702528 184.34007936507896 
2869.7529995979557 158.81904761904744 
4591.946265191577 83.09960317460325 
4769.675133324152 79.15992063492072 
5906.150528286821 61.39682539682543 
7238.157922498951 45.28174603174603 
7962.51542861072 39.29682539682539 
2849.6684312820134 176.3174603174601 
2897.6208921946386 125.95436507936506 
2850.106456163231 175.96825396825366 
2896.840580044818 126.36547619047617 
3045.3716089627746 125.06666666666665 

2277.671558666224 693.4523809523818 
2294.5244600653054 663.5329365079365 
2309.7487533665103 621.7007936507938 
2330.858781602251 526.1976190476188 
2346.460148485552 515.2464285714286 
2361.423473371936 501.23730158730166 
2378.147858183909 487.9392857142857 
2392.7137392425248 471.3396825396823 
2410.4902876711367 459.0257936507935 
2428.4604152181087 448.5428571428569 
2446.1565334343873 435.6031746031742 
2464.84912198007 418.7623015873011 
2478.6751904013995 413.90714285714233 
2497.325211489918 395.9976190476185 
2517.215494971888 382.8392857142854 
2536.9388616407928 373.66309523809474 
2556.282263026622 363.72658730158673 
2576.011453575359 353.8444444444439 
2596.1116629877592 336.7575396825391 
2614.390283640509 321.95277777777716 
2632.2796272403098 307.16349206349133 
2652.75034625566 292.67460317460245 
2670.91971594043 280.09087301587226 
2683.1245893283 276.72579365079287 
2686.9352092438817 272.44126984126893 
2690.741511248994 269.65793650793563 
2707.3952396239542 262.37936507936433 
2725.5752979440017 245.3686507936501 
2741.6957243049633 236.9992063492057 
2749.9081375163155 229.21746031745974 
2764.3149489199004 223.13055555555496 
2785.8536633067515 212.66865079365027 
2790.0880615005995 209.27261904761855 
2807.1652679259923 202.08928571428532 
2807.690671130162 198.72420634920593 
2825.0532049803173 195.51626984126932 
2827.970291441496 186.75119047619012 
2832.992047949416 184.34246031745985 
2845.220244301683 180.63373015872975 
2847.4681533420535 178.72460317460283 
2850.2889973085535 174.56388888888853 
2851.940629257801 169.90992063492027 
2868.805384114787 162.54007936507904 
2874.259335124861 157.72261904761876 
2877.379070210604 156.62936507936485 
2889.708006558442 154.67777777777758 
2889.807052235799 145.9984126984126 
2928.314949199638 141.18611111111102 
2932.0844230301786 138.45555555555546 
3068.3675584622492 131.73571428571424 
3072.056258546176 129.00833333333333 
3221.141230589675 125.03968253968254 
3225.014597485778 119.56547619047623 
3372.528514847257 115.2059523809524 
3394.524593704543 112.76785714285717 
3567.8068497461095 112.75039682539686 
3710.286353273174 107.41071428571429 
3726.8863927308194 104.58730158730162 
3752.2159892190202 101.84206349206352 
3919.8290367502937 100.78174603174605 
4215.503184405046 99.17658730158735 
4258.064885703903 92.41944444444445 
4424.741673229037 91.0309523809524 
4883.095490833121 79.72182539682548 
5191.611605565427 77.19325396825406 
5527.3067728241185 66.29682539682544 
6237.727864820179 57.64166666666669 
6872.906761140419 46.64682539682539 
2830.3098957450966 184.85555555555518 
2850.0296521845235 178.05952380952348 
2851.161417634185 171.75873015872978 
3392.9170712670584 114.8309523809524 
4234.549695262273 96.31904761904764 
5001.012426971857 78.02539682539691 
6193.41048883984 60.53492063492067 
6530.6181288376465 52.90833333333337 
2868.1569937081135 167.36865079365043 
2871.714092718506 161.53809523809494 
3070.4487361086917 131.07142857142853 
3071.9754847995605 129.0115079365079 
2867.2906170533947 167.43095238095205 
2873.0215124563715 159.78571428571394 
2928.3957229462526 141.1829365079364 
2929.9329924402023 141.12301587301576 

2277.671558666224 693.4523809523818 
2294.5244600653054 663.5329365079365 
2309.7487533665103 621.7007936507938 
2330.858781602251 526.1976190476188 
2346.460148485552 515.2464285714286 
2361.423473371936 501.23730158730166 
2378.147858183909 487.9392857142857 
2392.7137392425248 471.3396825396823 
2410.4902876711367 459.0257936507935 
2428.4604152181087 448.5428571428569 
2446.1565334343873 435.6031746031742 
2464.84912198007 418.7623015873011 
2478.6751904013995 413.90714285714233 
2497.325211489918 395.9976190476185 
2517.215494971888 382.8392857142854 
2536.9388616407928 373.66309523809474 
2556.282263026622 363.72658730158673 
2576.011453575359 353.8444444444439 
2596.1116629877592 336.7575396825391 
2614.390283640509 321.95277777777716 
2632.2796272403098 307.16349206349133 
2652.75034625566 292.67460317460245 
2670.91971594043 280.09087301587226 
2690.741511248994 269.65793650793563 
2707.3952396239542 262.37936507936433 
2725.5752979440017 245.3686507936501 
2741.6957243049633 236.9992063492057 
2764.3149489199004 223.13055555555496 
2785.8536633067515 212.66865079365027 
2792.5306356885835 208.68333333333283 
2808.172369173808 200.48134920634877 
2828.7250442581253 190.26071428571393 
2829.6402041361507 184.82222222222182 
2836.041531988642 181.16230158730124 
2849.9760038785 173.1984126984124 
2852.651698569587 172.15277777777743 
2865.834628441354 167.84960317460286 
2868.1436404043698 162.27023809523783 
2875.0045326040427 156.6170634920633 
2888.968442893032 152.33373015873 
2889.807052235799 145.9984126984126 
2927.0200673376444 141.438492063492 
2932.8050237908833 137.39325396825393 
2932.82962050936 137.34999999999997 
3072.1086674589806 128.3849206349206 
3072.8014560253578 127.90277777777777 
3222.6315115250773 125.43373015873017 
3225.014597485778 119.56547619047623 
3374.099569529274 115.59682539682542 
3397.3018715914804 113.44841269841272 
3607.1958924881387 108.81190476190478 
3747.9537695143167 101.70238095238092 
3767.42096047126 101.27698412698415 
3952.3712307091737 96.12857142857148 
4211.086928272401 93.62261904761908 
4513.622872279523 86.15595238095244 
4769.675133324152 79.15992063492072 
5444.167005464979 73.38095238095245 
6185.448198200118 60.19841269841274 
6538.580419477363 53.244841269841295 
7238.157922498951 45.28174603174603 
2844.796719199069 179.84603174603146 
2850.668792444878 172.7162698412695 
2866.649737025971 164.52103174603144 
3072.77685930688 127.94603174603174 
3563.250446439388 111.20317460317465 
3582.2622036369826 109.93373015873017 
4591.946265191577 83.09960317460325 
5533.594700162102 70.62341269841276 
6060.442786050879 60.28730158730161 
2866.6708603577845 164.47777777777748 
3944.4454381090186 100.92261904761907 
4099.725803013979 95.51507936507937 
4415.26184000554 91.58452380952384 
5233.741919631003 74.75515873015881 
5938.549715459291 61.531349206349255 
6872.906761140419 46.64682539682539 
2867.3636489241617 163.9956349206346 
2888.9895662248455 152.29047619047603 
5001.012426971857 78.02539682539691 
5035.672944784964 74.89682539682546 
5827.159553355221 62.1650793650794 
3221.9387229587 125.91587301587303 
2889.444536409995 149.84603174603163 

2277.671558666224 693.4523809523818 
2294.5244600653054 663.5329365079365 
2309.7487533665103 621.7007936507938 
2330.858781602251 526.1976190476188 
2346.460148485552 515.2464285714286 
2361.423473371936 501.23730158730166 
2378.147858183909 487.9392857142857 
2392.7137392425248 471.3396825396823 
2410.4902876711367 459.0257936507935 
2428.4604152181087 448.5428571428569 
2446.1565334343873 435.6031746031742 
2464.84912198007 418.7623015873011 
2478.6751904013995 413.90714285714233 
2497.325211489918 395.9976190476185 
2517.215494971888 382.8392857142854 
2536.9388616407928 373.66309523809474 
2556.282263026622 363.72658730158673 
2576.011453575359 353.8444444444439 
2596.1116629877592 336.7575396825391 
2614.390283640509 321.95277777777716 
2632.2796272403098 307.16349206349133 
2650.164648065485 290.5011904761896 
2670.91971594043 280.09087301587226 
2690.741511248994 269.65793650793563 
2703.6214088438073 262.4714285714281 
2707.3952396239542 262.37936507936433 
2725.5752979440017 245.3686507936501 
2741.6957243049633 236.9992063492057 
2764.3149489199004 223.13055555555496 
2785.576241516304 213.83452380952326 
2785.8536633067515 212.66865079365027 
2790.0989357368553 208.4896825396819 
2808.172369173808 200.48134920634877 
2811.863104269881 198.60515873015825 
2825.793852156 193.8880952380948 
2827.013225543881 187.78888888888847 
2833.707543524298 179.4801587301584 
2837.3104838322406 178.6734126984123 
2849.02452268065 169.22103174603157 
2859.6291896993 166.4861111111108 
2871.676829131169 162.3186507936506 
2878.2898050962167 156.47063492063472 
2880.2459179006955 144.71547619047607 
2894.7069684935336 136.4424603174603 
2908.953326773675 135.14642857142852 
3071.31046278957 129.94841269841268 
3073.5465394815774 129.40238095238095 
3219.0918491522625 126.06626984126986 
3255.9672517870654 120.20555555555555 
3374.099569529274 115.59682539682542 
3543.389705495005 111.31626984126989 
3594.065042139121 107.99484126984127 
3747.9537695143167 101.70238095238092 
4053.0786055335084 100.59563492063495 
4273.227919308579 92.98055555555558 
4591.946265191577 83.09960317460325 
4769.675133324152 79.15992063492072 
5293.07212105032 71.37936507936513 
6196.29178717459 59.50634920634924 
6530.6181288376465 52.90833333333337 
8327.354005262248 39.53373015873015 
2824.692236466991 197.8563492063487 
2830.3098957450966 184.85555555555518 
2847.9023495429965 176.23690476190444 
2873.591322050538 160.50873015872997 
3222.6315115250773 125.43373015873017 
3371.1393482428557 117.19880952380956 
3710.286353273174 107.41071428571429 
3741.2442807505704 103.85317460317464 
4415.26184000554 91.58452380952384 
5001.012426971857 78.02539682539691 
6196.086114312035 61.56944444444448 
2869.464940743872 165.38293650793617 
2870.244152367489 163.5341269841267 
2893.696650621749 144.2992063492063 
3732.540582405118 106.9226190476191 
4215.723044658076 96.65952380952382 
4510.172658596955 91.34603174603181 
5551.269076005964 70.92817460317465 
2830.332992702528 184.34007936507896 
3540.776357054408 114.20833333333334 
4226.110963095427 95.97817460317462 
3071.2998916482566 132.231746031746 
6872.906761140419 46.64682539682539 

2277.671558666224 693.4523809523818 
2294.5244600653054 663.5329365079365 
2309.7487533665103 621.7007936507938 
2330.858781602251 526.1976190476188 
2346.460148485552 515.2464285714286 
2361.423473371936 501.23730158730166 
2378.147858183909 487.9392857142857 
2392.7137392425248 471.3396825396823 
2410.4902876711367 459.0257936507935 
2428.4604152181087 448.5428571428569 
2446.1565334343873 435.6031746031742 
2464.84912198007 418.7623015873011 
2478.6751904013995 413.90714285714233 
2497.325211489918 395.9976190476185 
2517.215494971888 382.8392857142854 
2536.9388616407928 373.66309523809474 
2556.282263026622 363.72658730158673 
2576.011453575359 353.8444444444439 
2596.1116629877592 336.7575396825391 
2614.390283640509 321.95277777777716 
2632.2796272403098 307.16349206349133 
2652.75034625566 292.67460317460245 
2670.91971594043 280.09087301587226 
2690.741511248994 269.65793650793563 
2707.3952396239542 262.37936507936433 
2712.631779950689 255.48769841269763 
2725.5752979440017 245.3686507936501 
2741.6957243049633 236.9992063492057 
2764.3149489199004 223.13055555555496 
2785.8536633067515 212.66865079365027 
2808.172369173808 200.48134920634877 
2812.140526060327 197.43928571428526 
2830.3098957450966 184.85555555555518 
2831.8690988489207 181.28134920634886 
2833.684446566865 179.9956349206346 
2849.805937415354 177.64960317460285 
2852.651698569587 172.15277777777743 
2861.8431495313175 168.12182539682513 
2862.7489247850426 165.39285714285688 
2875.749616060263 158.11666666666642 
2883.3190260748834 152.96190476190466 
2886.0993000291564 147.9003968253967 
2889.807052235799 145.9984126984126 
2893.7909827827025 135.74999999999997 
3068.5718002203234 133.72499999999994 
3073.5465394815774 129.40238095238095 
3222.421213426848 125.63809523809523 
3224.804299387549 119.7698412698413 
3374.099569529274 115.59682539682542 
3394.524593704543 112.76785714285717 
3578.270083561146 105.67063492063492 
3747.9537695143167 101.70238095238092 
4075.9964842817576 96.2964285714286 
4234.465764019624 91.42539682539682 
4415.705629368814 90.29047619047624 
4591.946265191577 83.09960317460325 
4769.675133324152 79.15992063492072 
4925.222107805416 73.04563492063498 
5527.3067728241185 66.29682539682544 
6297.254240755173 57.478571428571456 
6872.906761140419 46.64682539682539 
8327.766589969251 37.93174603174603 
2497.089162816996 411.9388888888886 
2862.2991855244136 166.51071428571404 
3069.444134907576 131.5880952380952 
3222.6315115250773 125.43373015873017 
3560.9910831314505 111.58373015873019 
4075.5526949184873 97.59047619047622 
4226.110963095427 95.97817460317462 
6359.851777218707 57.4496031746032 
7969.477945124358 39.89841269841269 
2884.1021361699536 151.9888888888888 
2886.153593207765 147.44960317460308 
4073.172837742933 99.39285714285718 
5586.833148759112 66.1337301587302 
6216.373017895592 65.43134920634924 
2872.4251620302903 163.78095238095207 
3073.3362413833493 129.606746031746 
4053.0786055335084 100.59563492063495 
4212.7699227113835 96.20595238095241 
6538.580419477363 53.244841269841295 
2885.6524710971503 151.35912698412687 
2872.903854906031 163.61349206349172 
2853.407813235771 170.81944444444412 

2277.671558666224 693.4523809523818 
2294.5244600653054 663.5329365079365 
2309.7487533665103 621.7007936507938 
2330.858781602251 526.1976190476188 
2346.460148485552 515.2464285714286 
2361.423473371936 501.23730158730166 
2378.147858183909 487.9392857142857 
2392.7137392425248 471.3396825396823 
2410.4902876711367 459.0257936507935 
2428.4604152181087 448.5428571428569 
2446.1565334343873 435.6031746031742 
2464.84912198007 418.7623015873011 
2478.6751904013995 413.90714285714233 
2497.325211489918 395.9976190476185 
2517.215494971888 382.8392857142854 
2536.9388616407928 373.66309523809474 
2556.282263026622 363.72658730158673 
2576.011453575359 353.8444444444439 
2596.1116629877592 336.7575396825391 
2614.390283640509 321.95277777777716 
2632.2796272403098 307.16349206349133 
2652.75034625566 292.67460317460245 
2670.91971594043 280.09087301587226 
2690.741511248994 269.65793650793563 
2707.3952396239542 262.37936507936433 
2717.2931838819186 261.3214285714281 
2725.5752979440017 245.3686507936501 
2741.6957243049633 236.9992063492057 
2764.3149489199004 223.13055555555496 
2785.8536633067515 212.66865079365027 
2793.3225616676887 207.22857142857094 
2806.225938951893 199.13293650793608 
2807.99118987804 197.04285714285672 
2813.656167370138 192.13412698412657 
2830.193075723828 189.6420634920632 
2830.3098957450966 184.85555555555518 
2850.083359205799 176.48373015872983 
2853.430910193203 170.30396825396792 
2859.580857851438 168.54722222222185 
2870.076879677058 159.10396825396793 
2871.5944119682963 158.98253968253943 
2886.93100931711 151.7484126984126 
2889.807052235799 145.9984126984126 
2896.9395588013863 141.9035714285714 
2903.390097708013 138.93452380952377 
2908.93807860986 136.42976190476185 
2931.96474227997 135.89999999999995 
3071.9365777959674 126.45277777777777 
3221.2840854599626 119.71746031746034 
3374.099569529274 115.59682539682542 
3543.609565748039 108.79920634920637 
3747.9537695143167 101.70238095238092 
4073.383135841161 99.18849206349209 
4226.110963095427 95.97817460317462 
4591.946265191577 83.09960317460325 
4769.675133324152 79.15992063492072 
5346.182357609385 70.73531746031752 
6193.41048883984 60.53492063492067 
6538.580419477363 53.244841269841295 
8140.106993922572 42.56309523809524 
2788.82896778798 210.41785714285663 
2827.5361456097603 190.66865079365044 
2888.98182835199 150.18452380952374 
2897.9597396112367 141.3063492063492 
2906.0550148854363 138.31944444444437 
3217.2174420577107 121.00357142857142 
3710.286353273174 107.41071428571429 
4053.0786055335084 100.59563492063495 
5001.012426971857 78.02539682539691 
5132.548070064912 71.98849206349212 
5897.342561583538 61.97222222222226 
6872.906761140419 46.64682539682539 
8327.766589969251 37.93174603174603 
2852.651698569587 172.15277777777743 
2898.297394442437 141.0162698412698 
2907.3475941951665 138.0666666666666 
3540.776357054408 114.20833333333334 
4415.26184000554 91.58452380952384 
5074.590982282338 77.33373015873023 

2277.671558666224 693.4523809523818 
2294.5244600653054 663.5329365079365 
2309.7487533665103 621.7007936507938 
2330.858781602251 526.1976190476188 
2346.460148485552 515.2464285714286 
2361.423473371936 501.23730158730166 
2378.147858183909 487.9392857142857 
2392.7137392425248 471.3396825396823 
2410.4902876711367 459.0257936507935 
2428.4604152181087 448.5428571428569 
2446.1565334343873 435.6031746031742 
2464.84912198007 418.7623015873011 
2478.6751904013995 413.90714285714233 
2497.325211489918 395.9976190476185 
2517.215494971888 382.8392857142854 
2536.9388616407928 373.66309523809474 
2556.282263026622 363.72658730158673 
2576.011453575359 353.8444444444439 
2596.1116629877592 336.7575396825391 
2614.390283640509 321.95277777777716 
2632.2796272403098 307.16349206349133 
2652.75034625566 292.67460317460245 
2670.91971594043 280.09087301587226 
2685.7467275384215 277.53055555555466 
2690.741511248994 269.65793650793563 
2707.3952396239542 262.37936507936433 
2725.5752979440017 245.3686507936501 
2741.6957243049633 236.9992063492057 
2764.3149489199004 223.13055555555496 
2785.8536633067515 212.66865079365027 
2792.5987568367327 210.07777777777727 
2808.172369173808 200.48134920634877 
2810.630801988156 195.5420634920632 
2813.085502489774 194.8626984126981 
2830.3098957450966 184.85555555555518 
2830.811685578267 184.17261904761867 
2844.693656741507 174.61785714285676 
2853.317149197802 167.45277777777756 
2853.5072145990875 158.01785714285694 
2871.9547661504275 151.6242063492062 
2872.49648258867 147.2059523809522 
2891.4432783244447 139.66468253968247 
2891.7644884537035 137.68373015873013 
2894.5432349156636 131.17341269841268 
2894.7584850274693 125.6234126984127 
3062.2283427122784 120.30634920634922 
3211.7915941974975 115.76230158730161 
3258.8665589612037 115.18452380952377 
3415.682431515151 115.00714285714285 
3554.801743884452 107.62936507936512 
3736.1067455313937 99.24603174603172 
3927.2464467630903 96.40039682539684 
4436.0082951603545 90.46031746031753 
4769.675133324152 79.15992063492072 
5252.319850414913 73.39404761904768 
5884.205377699537 60.89484126984131 
6530.6181288376465 52.90833333333337 
7752.1048511791505 45.28174603174603 
2867.513828563143 157.38214285714258 
2893.340774080125 135.3210317460317 
3054.8186565517735 124.16150793650802 
3396.9130639440996 115.14563492063492 
3540.776357054408 114.20833333333334 
4479.868350853291 85.31626984126984 
4591.946265191577 83.09960317460325 
5275.99934938107 70.92817460317465 
6872.906761140419 46.64682539682539 
2884.3464941081147 146.30634920634907 
2893.4782725368386 135.0242063492063 
4225.176968652227 92.94087301587305 
5398.123261779596 70.73611111111117 
2852.651698569587 172.15277777777743 
2893.600889251821 134.2361111111111 
3726.2201982753286 105.80357142857144 
3734.7078805720344 105.70833333333334 
4415.26184000554 91.58452380952384 
5074.590982282338 77.33373015873023 
5001.012426971857 78.02539682539691 
6196.29178717459 59.50634920634924 
8327.766589969251 37.93174603174603 
2889.0054064384876 145.81587301587288 

2277.671558666224 693.4523809523818 
2294.5244600653054 663.5329365079365 
2309.7487533665103 621.7007936507938 
2330.858781602251 526.1976190476188 
2346.460148485552 515.2464285714286 
2361.423473371936 501.23730158730166 
2378.147858183909 487.9392857142857 
2392.7137392425248 471.3396825396823 
2410.4902876711367 459.0257936507935 
2428.4604152181087 448.5428571428569 
2446.1565334343873 435.6031746031742 
2464.84912198007 418.7623015873011 
2478.6751904013995 413.90714285714233 
2497.325211489918 395.9976190476185 
2517.215494971888 382.8392857142854 
2536.9388616407928 373.66309523809474 
2556.282263026622 363.72658730158673 
2576.011453575359 353.8444444444439 
2596.1116629877592 336.7575396825391 
2614.390283640509 321.95277777777716 
2632.2796272403098 307.16349206349133 
2652.75034625566 292.67460317460245 
2670.91971594043 280.09087301587226 
2687.132747061218 271.17063492063414 
2690.741511248994 269.65793650793563 
2707.3952396239542 262.37936507936433 
2725.5752979440017 245.3686507936501 
2741.6957243049633 236.9992063492057 
2764.3149489199004 223.13055555555496 
2785.8536633067515 212.66865079365027 
2808.172369173808 200.48134920634877 
2830.3098957450966 184.85555555555518 
2834.3906044841106 163.98452380952358 
2859.6520583982583 157.30674603174577 
2876.656224829982 146.68928571428555 
2876.9709194504467 141.41785714285703 
2877.748956613682 138.5107142857142 
2921.0487607301147 134.0746031746031 
3072.6756815717717 127.9234126984127 
3242.836675447311 125.12182539682541 
3256.42117142838 120.82619047619048 
3374.099569529274 115.59682539682542 
3413.2946164860846 113.69285714285718 
3548.045475187145 111.768253968254 
3563.8147296702755 108.48730158730163 
3736.8470872321977 103.86984126984132 
3747.9537695143167 101.70238095238092 
3921.7937501957213 96.62023809523811 
4109.989018346792 95.46706349206355 
4396.536160497263 90.2714285714286 
4591.946265191577 83.09960317460325 
5001.012426971857 78.02539682539691 
5407.067518399136 67.67222222222229 
6538.580419477363 53.244841269841295 
7962.51542861072 39.29682539682539 
2830.332992702528 184.34007936507896 
2876.8003878393874 145.31706349206334 
2877.349226761708 138.59603174603163 
3222.6315115250773 125.43373015873017 
3394.3047334515095 115.28492063492067 
4303.922021140701 91.19404761904768 
4769.675133324152 79.15992063492072 
5584.352597168437 65.02658730158736 
3563.250446439388 111.20317460317465 
2829.178858275897 199.29682539682486 
6196.29178717459 59.50634920634924 
7167.231691481794 50.17579365079369 
5252.319850414913 73.39404761904768 

2277.671558666224 693.4523809523818 
2294.5244600653054 663.5329365079365 
2309.7487533665103 621.7007936507938 
2330.858781602251 526.1976190476188 
2346.460148485552 515.2464285714286 
2361.423473371936 501.23730158730166 
2378.147858183909 487.9392857142857 
2392.7137392425248 471.3396825396823 
2410.4902876711367 459.0257936507935 
2428.4604152181087 448.5428571428569 
2446.1565334343873 435.6031746031742 
2464.84912198007 418.7623015873011 
2478.6751904013995 413.90714285714233 
2497.325211489918 395.9976190476185 
2517.215494971888 382.8392857142854 
2536.9388616407928 373.66309523809474 
2556.282263026622 363.72658730158673 
2576.011453575359 353.8444444444439 
2596.1116629877592 336.7575396825391 
2614.390283640509 321.95277777777716 
2632.2796272403098 307.16349206349133 
2652.75034625566 292.67460317460245 
2670.91971594043 280.09087301587226 
2690.741511248994 269.65793650793563 
2707.3952396239542 262.37936507936433 
2709.919386108114 259.37658730158677 
2725.5752979440017 245.3686507936501 
2741.6957243049633 236.9992063492057 
2764.3149489199004 223.13055555555496 
2785.8536633067515 212.66865079365027 
2807.99118987804 197.04285714285672 
2808.7942783156786 194.80198412698365 
2830.3098957450966 184.85555555555518 
2830.332992702528 184.34007936507896 
2837.55717329845 175.85714285714252 
2852.651698569587 172.15277777777743 
2870.995232300953 167.87579365079336 
2871.961727244973 160.99722222222195 
2873.984365134116 160.20674603174575 
2889.807052235799 145.9984126984126 
2898.6955295225157 141.72539682539676 
2914.664320169053 139.03134920634915 
2932.355154514079 137.3992063492063 
3072.3269900300766 127.95198412698412 
3223.9106025875917 124.66269841269843 
3374.099569529274 115.59682539682542 
3426.802025556952 115.50753968253967 
3608.520396029993 105.1781746031746 
3747.9537695143167 101.70238095238092 
4099.500080436912 96.94166666666672 
4226.110963095427 95.97817460317462 
4415.26184000554 91.58452380952384 
4591.946265191577 83.09960317460325 
5001.012426971857 78.02539682539691 
5552.172630946009 69.26230158730162 
6538.580419477363 53.244841269841295 
6872.906761140419 46.64682539682539 
2827.4641345908635 190.3523809523806 
2834.7421444684524 183.00436507936467 
2875.749616060263 158.11666666666642 
2895.9732704012863 145.15555555555545 
2897.144738896685 143.76706349206341 
3222.6315115250773 125.43373015873017 
3560.9815209766443 113.8964285714286 
4093.144510400126 100.17063492063495 
4291.263524153487 94.2666666666667 
4769.675133324152 79.15992063492072 
5478.550282443135 70.00119047619053 
2870.393845028934 172.1214285714284 
2871.9848242024054 160.48174603174576 
3540.776357054408 114.20833333333334 
4053.0786055335084 100.59563492063495 
5300.865207502954 73.89365079365085 
5851.12185653706 66.7964285714286 

2277.671558666224 693.4523809523818 
2294.5244600653054 663.5329365079365 
2309.7487533665103 621.7007936507938 
2330.858781602251 526.1976190476188 
2346.460148485552 515.2464285714286 
2361.423473371936 501.23730158730166 
2378.147858183909 487.9392857142857 
2392.7137392425248 471.3396825396823 
2410.4902876711367 459.0257936507935 
2428.4604152181087 448.5428571428569 
2446.1565334343873 435.6031746031742 
2464.84912198007 418.7623015873011 
2478.6751904013995 413.90714285714233 
2497.325211489918 395.9976190476185 
2517.215494971888 382.8392857142854 
2536.9388616407928 373.66309523809474 
2556.282263026622 363.72658730158673 
2576.011453575359 353.8444444444439 
2594.506033132931 342.873809523809 
2596.1116629877592 336.7575396825391 
2614.390283640509 321.95277777777716 
2632.2796272403098 307.16349206349133 
2652.75034625566 292.67460317460245 
2670.91971594043 280.09087301587226 
2690.741511248994 269.65793650793563 
2707.3952396239542 262.37936507936433 
2725.5752979440017 245.3686507936501 
2741.6957243049633 236.9992063492057 
2764.3149489199004 223.13055555555496 
2785.8536633067515 212.66865079365027 
2786.151956743314 209.18611111111062 
2786.4524754911918 207.5047619047614 
2807.690671130162 198.72420634920593 
2809.2498742339862 195.1499999999996 
2816.83856648841 192.80198412698377 
2827.7646533387406 188.67103174603142 
2830.3098957450966 184.85555555555518 
2845.0390865954973 180.39642857142846 
2852.651698569587 172.15277777777743 
2862.932401533913 167.4607142857141 
2871.3618070394878 159.19841269841243 
2873.7601467038876 148.85873015873003 
2880.748089548503 141.88531746031734 
2898.8756262277875 134.9551587301587 
2900.0176154005535 129.9023809523809 
2901.0069962906346 127.67499999999994 
3213.514202324116 126.25753968253969 
3258.8560826279554 123.66309523809527 
3363.7386286461665 117.15833333333333 
3387.7970920897496 111.12857142857142 
3578.270083561146 105.67063492063492 
3747.9537695143167 101.70238095238092 
4091.3435096834933 86.784126984127 
4448.345361168021 85.68293650793659 
4897.813979467569 65.29246031746037 
6172.700135141919 54.051587301587325 
6535.773895663026 52.09126984126985 
7238.157922498951 45.28174603174603 
2830.032473954651 186.02142857142817 
2849.805937415354 177.64960317460285 
2865.904993838938 164.9103174603172 
2900.0470728725 129.79682539682537 
3222.6315115250773 125.43373015873017 
3374.099569529274 115.59682539682542 
4053.0786055335084 100.59563492063495 
4591.946265191577 83.09960317460325 
4769.675133324152 79.15992063492072 
5428.476657221742 63.22579365079368 
2898.425256433013 138.5003968253968 
4720.116419424064 79.55634920634931 
5868.651850226584 60.10952380952385 
6872.906761140419 46.64682539682539 
6880.239928803223 46.425 
5726.1457223567095 61.076984126984165 

2294.5244600653054 663.5329365079365 
2277.671558666224 693.4523809523818 
2309.7487533665103 621.7007936507938 
2330.858781602251 526.1976190476188 
2346.460148485552 515.2464285714286 
2361.423473371936 501.23730158730166 
2378.147858183909 487.9392857142857 
2392.7137392425248 471.3396825396823 
2410.4902876711367 459.0257936507935 
2428.4604152181087 448.5428571428569 
2446.1565334343873 435.6031746031742 
2464.84912198007 418.7623015873011 
2478.6751904013995 413.90714285714233 
2497.325211489918 395.9976190476185 
2517.215494971888 382.8392857142854 
2536.9388616407928 373.66309523809474 
2556.282263026622 363.72658730158673 
2576.011453575359 353.8444444444439 
2596.1116629877592 336.7575396825391 
2614.390283640509 321.95277777777716 
2632.2796272403098 307.16349206349133 
2652.75034625566 292.67460317460245 
2670.91971594043 280.09087301587226 
2690.741511248994 269.65793650793563 
2707.3952396239542 262.37936507936433 
2725.5752979440017 245.3686507936501 
2741.6957243049633 236.9992063492057 
2764.3149489199004 223.13055555555496 
2766.834956435824 220.86071428571364 
2785.8536633067515 212.66865079365027 
2797.54337927748 208.2071428571423 
2807.99118987804 197.04285714285672 
2810.5807051963593 194.73769841269808 
2830.3098957450966 184.85555555555518 
2831.820767001059 183.34246031745997 
2852.651698569587 172.15277777777743 
2853.430910193203 170.30396825396792 
2863.9168930399173 163.12420634920613 
2866.9270306523704 159.63730158730132 
2875.749616060263 158.11666666666642 
2878.5528588782695 151.12738095238086 
2878.88086887641 149.9297619047618 
2889.807052235799 145.9984126984126 
2893.2852057252917 145.05833333333328 
2896.2204265502287 139.73015873015868 
2897.3955910066584 138.76388888888886 
2898.055392375082 136.5603174603174 
2934.510009699604 135.78769841269838 
3069.224208119425 134.15714285714282 
3071.0801991587473 128.62142857142854 
3217.0150957057313 127.65634920634919 
3222.6315115250773 125.43373015873017 
3370.9515794833133 111.08690476190478 
3540.7815899745733 110.04087301587302 
3716.422063056927 106.69880952380957 
3717.111682042641 106.26468253968255 
3747.9537695143167 101.70238095238092 
4053.0786055335084 100.59563492063495 
4226.110963095427 95.97817460317462 
4240.527347232613 92.52738095238095 
4448.345361168021 85.68293650793659 
4591.946265191577 83.09960317460325 
4769.675133324152 79.15992063492072 
5132.080595989931 74.76944444444452 
5551.269076005964 70.92817460317465 
5718.710138510917 67.57777777777784 
5994.60061586017 58.81468253968257 
6538.580419477363 53.244841269841295 
6872.906761140419 46.64682539682539 
7752.1048511791505 45.28174603174603 
8327.766589969251 37.93174603174603 
2830.332992702528 184.34007936507896 
2894.231803175879 142.20952380952377 
3739.70721760686 103.743253968254 
4415.26184000554 91.58452380952384 
5001.012426971857 78.02539682539691 
5851.12185653706 66.7964285714286 
3710.0664930201406 109.92777777777782 
5673.392988404489 70.73611111111117 

2277.671558666224 693.4523809523818 
2294.5244600653054 663.5329365079365 
2309.7487533665103 621.7007936507938 
2330.858781602251 526.1976190476188 
2346.460148485552 515.2464285714286 
2361.423473371936 501.23730158730166 
2378.147858183909 487.9392857142857 
2392.7137392425248 471.3396825396823 
2410.4902876711367 459.0257936507935 
2428.4604152181087 448.5428571428569 
2446.1565334343873 435.6031746031742 
2464.84912198007 418.7623015873011 
2478.6751904013995 413.90714285714233 
2497.325211489918 395.9976190476185 
2517.215494971888 382.8392857142854 
2536.9388616407928 373.66309523809474 
2556.282263026622 363.72658730158673 
2576.011453575359 353.8444444444439 
2596.1116629877592 336.7575396825391 
2614.390283640509 321.95277777777716 
2632.2796272403098 307.16349206349133 
2652.75034625566 292.67460317460245 
2670.91971594043 280.09087301587226 
2690.741511248994 269.65793650793563 
2707.3952396239542 262.37936507936433 
2724.6515666641594 256.53650793650723 
2725.5752979440017 245.3686507936501 
2741.6957243049633 236.9992063492057 
2764.3149489199004 223.13055555555496 
2785.8536633067515 212.66865079365027 
2792.14054994072 202.080555555555 
2807.99118987804 197.04285714285672 
2830.3098957450966 184.85555555555518 
2831.112984182737 182.61468253968215 
2848.8145947702064 177.47936507936478 
2850.6473067309685 169.71349206349174 
2852.6858267369826 168.80436507936477 
2868.672041882474 165.47182539682518 
2875.749616060263 158.11666666666642 
2882.3848747157926 153.75396825396814 
2889.807052235799 145.9984126984126 
2890.742407784131 145.41031746031732 
2905.358110126293 139.756746031746 
2910.9751168833272 135.48809523809516 
2932.373101753509 135.1182539682539 
3062.7575683664973 130.27460317460313 
3071.819795156327 126.45873015873015 
3222.6315115250773 125.43373015873017 
3254.552758188548 122.21507936507939 
3374.099569529274 115.59682539682542 
3425.6004233448803 111.77619047619045 
3543.609565748039 108.79920634920637 
3747.9537695143167 101.70238095238092 
3988.5641810272527 98.22103174603173 
4166.234950788367 94.99603174603176 
4505.653811225837 89.39047619047625 
4769.675133324152 79.15992063492072 
5221.724531841658 69.30158730158736 
5872.981461944598 56.03293650793654 
6172.3294839927485 54.87500000000003 
7238.157922498951 45.28174603174603 
2849.903339607637 175.98452380952355 
2871.1230378561113 161.9714285714283 
2875.120554095398 160.2416666666664 
2908.8958833178217 139.620238095238 
2910.6702235961866 135.68095238095233 
3071.641436381262 128.84722222222223 
3222.3644992953846 125.91190476190478 
4415.26184000554 91.58452380952384 
4970.417108398608 73.93293650793659 
2886.4866342410232 152.93571428571414 
2909.3058972134136 135.88928571428565 
3373.2440847806474 119.13650793650797 
3737.3168459648764 105.95277777777781 
4373.218278798199 93.12698412698415 
2850.106456163231 175.96825396825366 
4555.146136386095 83.31230158730166 
4591.946265191577 83.09960317460325 
6872.906761140419 46.64682539682539 

2277.671558666224 693.4523809523818 
2294.5244600653054 663.5329365079365 
2309.7487533665103 621.7007936507938 
2330.858781602251 526.1976190476188 
2346.460148485552 515.2464285714286 
2361.423473371936 501.23730158730166 
2378.147858183909 487.9392857142857 
2392.7137392425248 471.3396825396823 
2410.4902876711367 459.0257936507935 
2428.4604152181087 448.5428571428569 
2446.1565334343873 435.6031746031742 
2464.84912198007 418.7623015873011 
2478.6751904013995 413.90714285714233 
2497.325211489918 395.9976190476185 
2517.215494971888 382.8392857142854 
2536.9388616407928 373.66309523809474 
2556.282263026622 363.72658730158673 
2576.011453575359 353.8444444444439 
2596.1116629877592 336.7575396825391 
2614.390283640509 321.95277777777716 
2632.2796272403098 307.16349206349133 
2652.75034625566 292.67460317460245 
2670.91971594043 280.09087301587226 
2690.741511248994 269.65793650793563 
2707.3952396239542 262.37936507936433 
2725.5752979440017 245.3686507936501 
2741.6957243049633 236.9992063492057 
2764.3149489199004 223.13055555555496 
2785.8536633067515 212.66865079365027 
2805.326608019575 205.97817460317418 
2808.172369173808 200.48134920634877 
2809.741464636808 193.9658730158727 
2827.9458326345093 192.1095238095234 
2830.032473954651 186.02142857142817 
2830.3098957450966 184.85555555555518 
2847.8314807758916 172.18571428571397 
2858.615382763391 164.63412698412662 
2865.524948094969 160.41349206349176 
2867.1489055049096 155.5555555555553 
2876.863044132008 152.59087301587294 
2883.113241353142 150.96150793650776 
2887.7062840086987 145.48611111111094 
2904.3527334734117 139.2607142857142 
2908.2886422866404 135.16666666666657 
3063.1485316195567 132.90793650793643 
3066.014564569179 127.47460317460317 
3071.327651906384 126.6019841269841 
3225.014597485778 119.56547619047623 
3374.099569529274 115.59682539682542 
3547.601685823875 113.06230158730162 
3568.0267099991447 110.23333333333335 
3735.8868971604456 102.7825396825397 
3751.302441123069 101.05317460317461 
3933.7609964946982 100.67976190476193 
4068.7273661490212 98.73650793650798 
4175.068064256044 95.42301587301594 
4415.26184000554 91.58452380952384 
4591.946265191577 83.09960317460325 
4769.675133324152 79.15992063492072 
5001.012426971857 78.02539682539691 
5335.997388543884 69.99682539682544 
6172.3294839927485 54.87500000000003 
6872.906761140419 46.64682539682539 
8327.766589969251 37.93174603174603 
2805.6157751735554 203.3781746031741 
2852.651698569587 172.15277777777743 
2882.2736037363993 150.9698412698411 
2893.822248431272 145.15793650793643 
3065.0460827984502 128.20198412698412 
3222.184014665939 123.2019841269841 
3540.776357054408 114.20833333333334 
3710.0664930201406 109.92777777777782 
3747.9537695143167 101.70238095238092 
4053.0786055335084 100.59563492063495 
5884.205377699537 60.89484126984131 
2886.574941204983 146.77579365079347 
2906.9357313045707 137.51269841269834 
3567.1884024276824 111.11507936507938 
6514.618116295521 48.61349206349207 
2907.0640682555777 137.38253968253966 
7874.771485143106 42.54920634920637 

