2277.671558666224 693.4523809523818 
27685.253941926396 0.0 
24627.4773581653 2.195634920634921 
18460.990498945328 3.3662698412698413 
2309.7487533665103 621.7007936507938 
2330.858781602251 526.1976190476188 
24858.361395866064 0.8222222222222223 
2294.5244600653054 663.5329365079365 
15725.286645497452 8.623809523809523 
11222.679282838424 22.522222222222226 
17123.463111746405 4.166269841269841 
8975.242524481358 32.25674603174604 
13507.579191292285 14.01468253968254 
10461.16799575645 30.79603174603175 
12714.794418082995 14.936507936507933 
14407.444652938584 11.36468253968254 
5551.269076005964 70.92817460317465 
2596.1116629877592 336.7575396825391 
2497.325211489918 395.9976190476185 
2446.1565334343873 435.6031746031742 
2378.147858183909 487.9392857142857 
2614.390283640509 321.95277777777716 
2632.2796272403098 307.16349206349133 
2392.7137392425248 471.3396825396823 
5001.012426971857 78.02539682539691 
2361.423473371936 501.23730158730166 
2652.75034625566 292.67460317460245 
2576.011453575359 353.8444444444439 
6872.906761140419 46.64682539682539 
8327.766589969251 37.93174603174603 
16640.650878749835 5.5396825396825395 
2725.5752979440017 245.3686507936501 
2346.460148485552 515.2464285714286 
2889.807052235799 145.9984126984126 
2428.4604152181087 448.5428571428569 
2670.91971594043 280.09087301587226 
2785.8536633067515 212.66865079365027 
2410.4902876711367 459.0257936507935 
2478.6751904013995 413.90714285714233 
2517.215494971888 382.8392857142854 
2741.6957243049633 236.9992063492057 
2464.84912198007 418.7623015873011 
11046.744785173574 24.937698412698417 
4591.946265191577 83.09960317460325 
2556.282263026622 363.72658730158673 
8874.311049931584 37.821825396825396 
2536.9388616407928 373.66309523809474 
6530.6181288376465 52.90833333333337 
7754.983735116528 45.1718253968254 
2690.741511248994 269.65793650793563 
2707.3952396239542 262.37936507936433 
3747.9537695143167 101.70238095238092 
5851.12185653706 66.7964285714286 
4769.675133324152 79.15992063492072 
2808.1954661312393 199.96587301587252 
2830.3098957450966 184.85555555555518 
4226.110963095427 95.97817460317462 
2873.204373653907 161.9321428571426 
3374.099569529274 115.59682539682542 
7238.157922498951 45.28174603174603 
10697.130592040623 30.558730158730153 
7969.477945124358 39.89841269841269 
2852.651698569587 172.15277777777743 
2764.3149489199004 223.13055555555496 
3222.6315115250773 125.43373015873017 
4415.26184000554 91.58452380952384 
3073.5465394815774 129.40238095238095 
2808.172369173808 200.48134920634877 
6193.41048883984 60.53492063492067 
2830.332992702528 184.34007936507896 
4053.0786055335084 100.59563492063495 
6500.265418528296 56.00952380952384 
5896.439006643488 63.63809523809528 
2933.5747039655807 138.84960317460312 
3710.0664930201406 109.92777777777782 
4072.469587745211 98.39960317460319 
3745.9602237596973 109.34841269841274 
6196.89636179695 59.39642857142861 
3540.776357054408 114.20833333333334 
2854.210901673411 168.5785714285711 
10696.443320493683 30.66865079365079 
3414.1654743958907 115.17182539682544 
2872.4251620302903 163.78095238095207 
2853.430910193203 170.30396825396792 
6196.29178717459 59.50634920634924 

2277.671558666224 693.4523809523818 
27685.253941926396 0.0 
24858.361395866064 0.8222222222222223 
18460.990498945328 3.3662698412698413 
2309.7487533665103 621.7007936507938 
2330.858781602251 526.1976190476188 
11205.885825132598 28.767460317460312 
8756.520395665859 33.269047619047626 
2294.5244600653054 663.5329365079365 
13247.398072794163 15.886904761904757 
14369.54673948995 14.223412698412696 
16640.650878749835 5.5396825396825395 
12022.602544065048 17.83253968253968 
18060.507750730492 4.166269841269841 
2596.1116629877592 336.7575396825391 
2497.325211489918 395.9976190476185 
2446.1565334343873 435.6031746031742 
2378.147858183909 487.9392857142857 
2614.390283640509 321.95277777777716 
2632.2796272403098 307.16349206349133 
16639.586914187974 9.087698412698414 
2392.7137392425248 471.3396825396823 
7238.157922498951 45.28174603174603 
8264.808286878271 34.57658730158731 
2652.75034625566 292.67460317460245 
2576.011453575359 353.8444444444439 
6872.906761140419 46.64682539682539 
2725.5752979440017 245.3686507936501 
15721.172471546526 10.569444444444445 
2707.3952396239542 262.37936507936433 
6538.580419477363 53.244841269841295 
2428.4604152181087 448.5428571428569 
2670.91971594043 280.09087301587226 
2785.8536633067515 212.66865079365027 
2410.4902876711367 459.0257936507935 
2478.6751904013995 413.90714285714233 
2517.215494971888 382.8392857142854 
2741.6957243049633 236.9992063492057 
2361.423473371936 501.23730158730166 
4415.26184000554 91.58452380952384 
2464.84912198007 418.7623015873011 
4591.946265191577 83.09960317460325 
5551.269076005964 70.92817460317465 
2556.282263026622 363.72658730158673 
2536.9388616407928 373.66309523809474 
2889.807052235799 145.9984126984126 
4226.110963095427 95.97817460317462 
4053.0786055335084 100.59563492063495 
2690.741511248994 269.65793650793563 
2346.460148485552 515.2464285714286 
4769.675133324152 79.15992063492072 
2808.1954661312393 199.96587301587252 
2830.3098957450966 184.85555555555518 
3747.9537695143167 101.70238095238092 
11758.233361242483 25.367460317460317 
14750.72837405566 13.077380952380953 
15286.460901220009 11.338888888888889 
11994.266136845978 24.567460317460316 
2764.3149489199004 223.13055555555496 
2360.2862169068812 510.39126984126995 
3257.292029338186 122.30515873015872 
6193.41048883984 60.53492063492067 
3073.5465394815774 129.40238095238095 
5168.453489476816 74.67500000000007 
2808.172369173808 200.48134920634877 
3374.099569529274 115.59682539682542 
2888.3760428089477 157.1158730158729 
5715.828840176163 68.60634920634925 
3540.776357054408 114.20833333333334 
5001.012426971857 78.02539682539691 
3710.0664930201406 109.92777777777782 
2933.5747039655807 138.84960317460312 
5892.557934182653 64.93174603174606 
3710.286353273174 107.41071428571429 
5851.12185653706 66.7964285714286 
2852.651698569587 172.15277777777743 
6355.696920217865 57.30912698412701 
2872.4251620302903 163.78095238095207 
5133.657592640554 77.5424603174604 
2850.287635459 179.40674603174566 
3222.6315115250773 125.43373015873017 
2830.332992702528 184.34007936507896 
3457.0523380257973 115.01507936507933 
6196.29178717459 59.50634920634924 
2875.749616060263 158.11666666666642 
2873.204373653907 161.9321428571426 

2277.671558666224 693.4523809523818 
27685.253941926396 0.0 
2309.7487533665103 621.7007936507938 
24627.4773581653 2.195634920634921 
20590.818059821395 2.5440476190476193 
2330.858781602251 526.1976190476188 
13245.54263850247 17.81587301587301 
24858.361395866064 0.8222222222222223 
8871.432165994203 37.93174603174603 
2294.5244600653054 663.5329365079365 
10578.442476089122 35.167857142857144 
11651.98547691861 21.874206349206347 
16639.586914187974 9.087698412698414 
18460.990498945328 3.3662698412698413 
14564.248001009551 13.049603174603174 
8237.41388970238 44.21706349206351 
17123.463111746405 4.166269841269841 
11133.72391600285 28.951587301587303 
14369.54673948995 14.223412698412696 
7238.157922498951 45.28174603174603 
5551.269076005964 70.92817460317465 
2596.1116629877592 336.7575396825391 
6538.580419477363 53.244841269841295 
2497.325211489918 395.9976190476185 
2446.1565334343873 435.6031746031742 
2378.147858183909 487.9392857142857 
2614.390283640509 321.95277777777716 
2632.2796272403098 307.16349206349133 
2392.7137392425248 471.3396825396823 
5001.012426971857 78.02539682539691 
2652.75034625566 292.67460317460245 
2576.011453575359 353.8444444444439 
6193.41048883984 60.53492063492067 
6872.906761140419 46.64682539682539 
2830.3098957450966 184.85555555555518 
2725.5752979440017 245.3686507936501 
2707.3952396239542 262.37936507936433 
2428.4604152181087 448.5428571428569 
2670.91971594043 280.09087301587226 
2785.8536633067515 212.66865079365027 
2410.4902876711367 459.0257936507935 
2478.6751904013995 413.90714285714233 
2517.215494971888 382.8392857142854 
2741.6957243049633 236.9992063492057 
2361.423473371936 501.23730158730166 
4415.26184000554 91.58452380952384 
2464.84912198007 418.7623015873011 
4591.946265191577 83.09960317460325 
2556.282263026622 363.72658730158673 
2889.807052235799 145.9984126984126 
2536.9388616407928 373.66309523809474 
3374.099569529274 115.59682539682542 
4226.110963095427 95.97817460317462 
4053.0786055335084 100.59563492063495 
2690.741511248994 269.65793650793563 
3747.9537695143167 101.70238095238092 
3710.0664930201406 109.92777777777782 
16640.650878749835 5.5396825396825395 
2346.460148485552 515.2464285714286 
4769.675133324152 79.15992063492072 
2808.172369173808 200.48134920634877 
3540.776357054408 114.20833333333334 
2764.3149489199004 223.13055555555496 
2360.2862169068812 510.39126984126995 
3222.6315115250773 125.43373015873017 
3073.5465394815774 129.40238095238095 
2850.862570829415 174.6349206349203 
2875.749616060263 158.11666666666642 
5851.12185653706 66.7964285714286 
5896.439006643488 63.63809523809528 
2933.5747039655807 138.84960317460312 
2852.651698569587 172.15277777777743 
2872.4251620302903 163.78095238095207 
2873.204373653907 161.9321428571426 
2873.181276696475 162.44761904761876 

2277.671558666224 693.4523809523818 
27685.253941926396 0.0 
23954.0247898014 2.9873015873015873 
18460.990498945328 3.3662698412698413 
2309.7487533665103 621.7007936507938 
2330.858781602251 526.1976190476188 
16640.650878749835 5.5396825396825395 
14839.968275975896 8.168650793650794 
24858.361395866064 0.8222222222222223 
9085.10112299899 27.22658730158731 
2294.5244600653054 663.5329365079365 
11308.375180177129 21.722222222222225 
13673.505382281905 12.088888888888889 
12880.791873353133 13.462301587301587 
7940.868121832899 43.79603174603175 
8327.766589969251 37.93174603174603 
2596.1116629877592 336.7575396825391 
2497.325211489918 395.9976190476185 
8907.249163056042 34.464285714285715 
2446.1565334343873 435.6031746031742 
2378.147858183909 487.9392857142857 
2614.390283640509 321.95277777777716 
2632.2796272403098 307.16349206349133 
2392.7137392425248 471.3396825396823 
5001.012426971857 78.02539682539691 
2652.75034625566 292.67460317460245 
2576.011453575359 353.8444444444439 
5851.12185653706 66.7964285714286 
12022.602544065048 17.83253968253968 
6872.906761140419 46.64682539682539 
2725.5752979440017 245.3686507936501 
2707.3952396239542 262.37936507936433 
2428.4604152181087 448.5428571428569 
2670.91971594043 280.09087301587226 
2785.8536633067515 212.66865079365027 
2410.4902876711367 459.0257936507935 
2478.6751904013995 413.90714285714233 
2517.215494971888 382.8392857142854 
2741.6957243049633 236.9992063492057 
2361.423473371936 501.23730158730166 
2464.84912198007 418.7623015873011 
2830.3098957450966 184.85555555555518 
2556.282263026622 363.72658730158673 
2889.807052235799 145.9984126984126 
7238.157922498951 45.28174603174603 
4591.946265191577 83.09960317460325 
2536.9388616407928 373.66309523809474 
3374.099569529274 115.59682539682542 
24627.4773581653 2.195634920634921 
5551.269076005964 70.92817460317465 
4226.110963095427 95.97817460317462 
2690.741511248994 269.65793650793563 
6193.41048883984 60.53492063492067 
2346.460148485552 515.2464285714286 
4769.675133324152 79.15992063492072 
2819.8009507836737 195.3337301587298 
6527.736830502896 53.93690476190479 
3747.9537695143167 101.70238095238092 
2764.3149489199004 223.13055555555496 
2360.2862169068812 510.39126984126995 
3710.0664930201406 109.92777777777782 
3222.6315115250773 125.43373015873017 
3073.5465394815774 129.40238095238095 
4053.0786055335084 100.59563492063495 
4461.100324367238 90.9761904761905 
2808.172369173808 200.48134920634877 
2875.749616060263 158.11666666666642 
4415.26184000554 91.58452380952384 
2933.5747039655807 138.84960317460312 
6530.6181288376465 52.90833333333337 
2850.862570829415 174.6349206349203 
6196.29178717459 59.50634920634924 
3540.776357054408 114.20833333333334 
2853.430910193203 170.30396825396792 
3617.3720741940933 112.35714285714288 
2872.4251620302903 163.78095238095207 
3930.2099444711807 101.22222222222226 
2873.204373653907 161.9321428571426 
2852.651698569587 172.15277777777743 
2873.181276696475 162.44761904761876 

2277.671558666224 693.4523809523818 
27685.253941926396 0.0 
20590.818059821395 2.5440476190476193 
2309.7487533665103 621.7007936507938 
24858.361395866064 0.8222222222222223 
2330.858781602251 526.1976190476188 
16640.650878749835 5.5396825396825395 
9520.408858426474 23.59761904761905 
11388.857141113709 20.82619047619047 
2294.5244600653054 663.5329365079365 
14839.968275975896 8.168650793650794 
7238.157922498951 45.28174603174603 
18460.990498945328 3.3662698412698413 
8871.432165994203 37.93174603174603 
14369.54673948995 14.223412698412696 
17978.17826594874 4.73968253968254 
2596.1116629877592 336.7575396825391 
2497.325211489918 395.9976190476185 
6538.580419477363 53.244841269841295 
13231.644001826187 15.673015873015872 
2446.1565334343873 435.6031746031742 
2378.147858183909 487.9392857142857 
2614.390283640509 321.95277777777716 
2632.2796272403098 307.16349206349133 
2392.7137392425248 471.3396825396823 
2808.172369173808 200.48134920634877 
2361.423473371936 501.23730158730166 
2652.75034625566 292.67460317460245 
2576.011453575359 353.8444444444439 
6872.906761140419 46.64682539682539 
2830.3098957450966 184.85555555555518 
2725.5752979440017 245.3686507936501 
2346.460148485552 515.2464285714286 
2428.4604152181087 448.5428571428569 
2670.91971594043 280.09087301587226 
5466.593894334131 67.50912698412704 
2785.8536633067515 212.66865079365027 
12022.602544065048 17.83253968253968 
2410.4902876711367 459.0257936507935 
2478.6751904013995 413.90714285714233 
2517.215494971888 382.8392857142854 
2741.6957243049633 236.9992063492057 
5314.552335976269 76.00158730158738 
4415.26184000554 91.58452380952384 
2464.84912198007 418.7623015873011 
4591.946265191577 83.09960317460325 
12784.978018035443 16.969841269841268 
2556.282263026622 363.72658730158673 
2889.807052235799 145.9984126984126 
3747.9537695143167 101.70238095238092 
2536.9388616407928 373.66309523809474 
4226.110963095427 95.97817460317462 
4053.0786055335084 100.59563492063495 
2690.741511248994 269.65793650793563 
5001.012426971857 78.02539682539691 
2707.3952396239542 262.37936507936433 
5851.12185653706 66.7964285714286 
6193.41048883984 60.53492063492067 
4769.675133324152 79.15992063492072 
2764.3149489199004 223.13055555555496 
3073.5465394815774 129.40238095238095 
13224.523920361276 15.782936507936506 
3583.675470614657 108.37420634920637 
2875.749616060263 158.11666666666642 
18060.507750730492 4.166269841269841 
2933.5747039655807 138.84960317460312 
3374.099569529274 115.59682539682542 
6196.29178717459 59.50634920634924 
2850.862570829415 174.6349206349203 
3262.6974163916934 125.00873015873016 
3540.776357054408 114.20833333333334 
3543.609565748039 108.79920634920637 
2853.430910193203 170.30396825396792 
2872.4251620302903 163.78095238095207 
3426.802025556952 115.50753968253967 
3222.6315115250773 125.43373015873017 
2873.204373653907 161.9321428571426 
2851.642562309624 172.9095238095235 
2852.651698569587 172.15277777777743 
2873.181276696475 162.44761904761876 
3256.8233664643612 125.1904761904762 

2277.671558666224 693.4523809523818 
27685.253941926396 0.0 
18460.990498945328 3.3662698412698413 
24331.285426091745 2.7567460317460317 
2309.7487533665103 621.7007936507938 
2330.858781602251 526.1976190476188 
24858.361395866064 0.8222222222222223 
2294.5244600653054 663.5329365079365 
13684.67480699945 10.679365079365079 
17123.463111746405 4.166269841269841 
15418.794342326952 10.629365079365078 
8314.058595568926 36.55833333333334 
11308.375180177129 21.722222222222225 
9085.10112299899 27.22658730158731 
13131.230976530223 17.15912698412698 
12022.602544065048 17.83253968253968 
2596.1116629877592 336.7575396825391 
10233.623640648804 24.71587301587302 
2497.325211489918 395.9976190476185 
2446.1565334343873 435.6031746031742 
2378.147858183909 487.9392857142857 
2614.390283640509 321.95277777777716 
2632.2796272403098 307.16349206349133 
2392.7137392425248 471.3396825396823 
2830.3098957450966 184.85555555555518 
2361.423473371936 501.23730158730166 
2652.75034625566 292.67460317460245 
2576.011453575359 353.8444444444439 
6872.906761140419 46.64682539682539 
15725.286645497452 8.623809523809523 
16640.650878749835 5.5396825396825395 
2725.5752979440017 245.3686507936501 
5695.191624692346 61.65238095238099 
2346.460148485552 515.2464285714286 
2428.4604152181087 448.5428571428569 
2670.91971594043 280.09087301587226 
2785.8536633067515 212.66865079365027 
2410.4902876711367 459.0257936507935 
2478.6751904013995 413.90714285714233 
2517.215494971888 382.8392857142854 
2741.6957243049633 236.9992063492057 
7738.396856778823 43.90833333333334 
7813.819661289054 37.93174603174603 
4415.26184000554 91.58452380952384 
2464.84912198007 418.7623015873011 
4591.946265191577 83.09960317460325 
5087.329369709237 77.10317460317468 
2556.282263026622 363.72658730158673 
5551.269076005964 70.92817460317465 
2536.9388616407928 373.66309523809474 
2889.807052235799 145.9984126984126 
4226.110963095427 95.97817460317462 
2690.741511248994 269.65793650793563 
3747.9537695143167 101.70238095238092 
3710.0664930201406 109.92777777777782 
2707.3952396239542 262.37936507936433 
10733.86257492869 23.34246031746032 
6237.727864820179 57.64166666666669 
24627.4773581653 2.195634920634921 
4769.675133324152 79.15992063492072 
2808.1954661312393 199.96587301587252 
3374.099569529274 115.59682539682542 
7238.157922498951 45.28174603174603 
6192.410714713754 60.800000000000026 
13640.512560519055 14.51349206349206 
2764.3149489199004 223.13055555555496 
3222.6315115250773 125.43373015873017 
3073.5465394815774 129.40238095238095 
2808.172369173808 200.48134920634877 
3540.776357054408 114.20833333333334 
2852.651698569587 172.15277777777743 
5552.172630946009 69.26230158730162 
4053.0786055335084 100.59563492063495 
2888.1516260494795 156.93373015872996 
13247.398072794163 15.886904761904757 
2933.5747039655807 138.84960317460312 
15721.172471546526 10.569444444444445 
6538.580419477363 53.244841269841295 
6537.580645351281 53.509920634920654 
2872.4251620302903 163.78095238095207 
5001.012426971857 78.02539682539691 
3418.947600279682 115.29246031746034 
6193.41048883984 60.53492063492067 
2875.749616060263 158.11666666666642 
2873.204373653907 161.9321428571426 
5013.750814398757 77.79484126984136 

2277.671558666224 693.4523809523818 
27685.253941926396 0.0 
21304.996205080508 3.0317460317460316 
2309.7487533665103 621.7007936507938 
2330.858781602251 526.1976190476188 
10013.461760771532 24.232936507936504 
24627.4773581653 2.195634920634921 
14916.555901141097 11.942857142857143 
24858.361395866064 0.8222222222222223 
18460.990498945328 3.3662698412698413 
2294.5244600653054 663.5329365079365 
12880.791873353133 13.462301587301587 
8828.005524249127 36.55833333333334 
12022.602544065048 17.83253968253968 
16640.650878749835 5.5396825396825395 
18060.507750730492 4.166269841269841 
2596.1116629877592 336.7575396825391 
2497.325211489918 395.9976190476185 
8327.766589969251 37.93174603174603 
7238.157922498951 45.28174603174603 
2446.1565334343873 435.6031746031742 
2378.147858183909 487.9392857142857 
2614.390283640509 321.95277777777716 
2632.2796272403098 307.16349206349133 
2392.7137392425248 471.3396825396823 
2808.172369173808 200.48134920634877 
2361.423473371936 501.23730158730166 
2652.75034625566 292.67460317460245 
2576.011453575359 353.8444444444439 
6872.906761140419 46.64682539682539 
2725.5752979440017 245.3686507936501 
5551.269076005964 70.92817460317465 
2346.460148485552 515.2464285714286 
2707.3952396239542 262.37936507936433 
15721.172471546526 10.569444444444445 
2428.4604152181087 448.5428571428569 
2830.3098957450966 184.85555555555518 
2670.91971594043 280.09087301587226 
2785.8536633067515 212.66865079365027 
2410.4902876711367 459.0257936507935 
2478.6751904013995 413.90714285714233 
2517.215494971888 382.8392857142854 
2741.6957243049633 236.9992063492057 
2464.84912198007 418.7623015873011 
5206.020505961212 75.04007936507941 
4591.946265191577 83.09960317460325 
2556.282263026622 363.72658730158673 
2889.807052235799 145.9984126984126 
2536.9388616407928 373.66309523809474 
16040.180369573674 7.72420634920635 
2690.741511248994 269.65793650793563 
4769.675133324152 79.15992063492072 
5001.012426971857 78.02539682539691 
6538.580419477363 53.244841269841295 
6193.41048883984 60.53492063492067 
2764.3149489199004 223.13055555555496 
4415.26184000554 91.58452380952384 
2875.749616060263 158.11666666666642 
3747.9537695143167 101.70238095238092 
2933.5747039655807 138.84960317460312 
3374.099569529274 115.59682539682542 
6196.29178717459 59.50634920634924 
3225.014597485778 119.56547619047623 
3073.5465394815774 129.40238095238095 
3222.6315115250773 125.43373015873017 
4248.585052480406 92.97301587301591 
3975.92924680579 100.74920634920636 
3737.3168459648764 105.95277777777781 
3710.0664930201406 109.92777777777782 
5851.12185653706 66.7964285714286 
5921.304864765375 66.60357142857147 
2851.066847082616 177.55793650793618 
3540.776357054408 114.20833333333334 
2853.430910193203 170.30396825396792 
2872.4251620302903 163.78095238095207 
3454.3130668761596 114.92500000000003 
4226.110963095427 95.97817460317462 
2851.642562309624 172.9095238095235 
3583.4556103616237 110.89126984126989 
4169.862249599691 96.4761904761905 
4079.2949165146774 97.25357142857145 
3563.250446439388 111.20317460317465 
3085.0427619697784 129.01269841269843 
4068.7273661490212 98.73650793650798 
4053.0786055335084 100.59563492063495 
4056.8208271297 100.25873015873016 
2873.984365134116 160.20674603174575 
2852.651698569587 172.15277777777743 
2873.181276696475 162.44761904761876 
2873.204373653907 161.9321428571426 

2277.671558666224 693.4523809523818 
27685.253941926396 0.0 
24627.4773581653 2.195634920634921 
18460.990498945328 3.3662698412698413 
2309.7487533665103 621.7007936507938 
2330.858781602251 526.1976190476188 
12090.874090860449 16.057539682539677 
24858.361395866064 0.8222222222222223 
14369.54673948995 14.223412698412696 
2294.5244600653054 663.5329365079365 
11668.559185324628 23.510317460317456 
10441.244901380514 26.444444444444446 
9744.975668984012 37.196428571428584 
8327.766589969251 37.93174603174603 
17123.463111746405 4.166269841269841 
7441.2330611983625 41.757936507936506 
15512.937234327019 6.900793650793652 
2596.1116629877592 336.7575396825391 
16640.650878749835 5.5396825396825395 
2497.325211489918 395.9976190476185 
2446.1565334343873 435.6031746031742 
2378.147858183909 487.9392857142857 
2614.390283640509 321.95277777777716 
2632.2796272403098 307.16349206349133 
14575.707647036565 9.845238095238097 
2392.7137392425248 471.3396825396823 
2807.99118987804 197.04285714285672 
2652.75034625566 292.67460317460245 
2576.011453575359 353.8444444444439 
5851.12185653706 66.7964285714286 
2785.8536633067515 212.66865079365027 
6872.906761140419 46.64682539682539 
5551.269076005964 70.92817460317465 
2725.5752979440017 245.3686507936501 
2707.3952396239542 262.37936507936433 
2428.4604152181087 448.5428571428569 
2670.91971594043 280.09087301587226 
2410.4902876711367 459.0257936507935 
2478.6751904013995 413.90714285714233 
2517.215494971888 382.8392857142854 
2741.6957243049633 236.9992063492057 
2361.423473371936 501.23730158730166 
4415.26184000554 91.58452380952384 
2464.84912198007 418.7623015873011 
4591.946265191577 83.09960317460325 
2556.282263026622 363.72658730158673 
2536.9388616407928 373.66309523809474 
3374.099569529274 115.59682539682542 
4226.110963095427 95.97817460317462 
10101.978401129563 27.776587301587313 
4053.0786055335084 100.59563492063495 
2690.741511248994 269.65793650793563 
3747.9537695143167 101.70238095238092 
2889.189761916583 159.27182539682528 
2889.807052235799 145.9984126984126 
6193.41048883984 60.53492063492067 
2346.460148485552 515.2464285714286 
4769.675133324152 79.15992063492072 
6538.580419477363 53.244841269841295 
6537.580645351281 53.509920634920654 
3710.0664930201406 109.92777777777782 
2764.3149489199004 223.13055555555496 
2360.2862169068812 510.39126984126995 
3242.836675447311 125.12182539682541 
3073.5465394815774 129.40238095238095 
7238.157922498951 45.28174603174603 
2830.3098957450966 184.85555555555518 
2852.651698569587 172.15277777777743 
5168.453489476816 74.67500000000007 
2933.5747039655807 138.84960317460312 
6196.29178717459 59.50634920634924 
5001.012426971857 78.02539682539691 
9915.726509273005 37.109523809523814 
3540.776357054408 114.20833333333334 
3631.7478610450376 113.43809523809523 
9959.992303402816 32.113888888888894 
2872.4251620302903 163.78095238095207 
2897.5142818422546 142.0666666666666 
5074.590982282338 77.33373015873023 
2885.9309027547833 163.41984126984116 
3222.6315115250773 125.43373015873017 

2277.671558666224 693.4523809523818 
27685.253941926396 0.0 
24627.4773581653 2.195634920634921 
19261.302474798635 3.0317460317460316 
2309.7487533665103 621.7007936507938 
2330.858781602251 526.1976190476188 
24858.361395866064 0.8222222222222223 
2294.5244600653054 663.5329365079365 
14431.981748941242 8.858730158730161 
9170.934194188885 31.86785714285715 
13434.894844517805 11.038888888888888 
10720.36678220449 26.482539682539688 
8327.766589969251 37.93174603174603 
11065.653105359674 19.101984126984128 
17123.463111746405 4.166269841269841 
7338.1303576375985 40.37579365079365 
12418.060820757642 11.838888888888889 
18460.990498945328 3.3662698412698413 
2596.1116629877592 336.7575396825391 
2497.325211489918 395.9976190476185 
15564.429936910215 8.409920634920635 
2446.1565334343873 435.6031746031742 
2378.147858183909 487.9392857142857 
2614.390283640509 321.95277777777716 
2632.2796272403098 307.16349206349133 
2392.7137392425248 471.3396825396823 
2830.3098957450966 184.85555555555518 
8784.298524338019 33.70753968253968 
12418.716168117546 11.728968253968254 
2652.75034625566 292.67460317460245 
2576.011453575359 353.8444444444439 
6872.906761140419 46.64682539682539 
2725.5752979440017 245.3686507936501 
2707.3952396239542 262.37936507936433 
2428.4604152181087 448.5428571428569 
2670.91971594043 280.09087301587226 
2785.8536633067515 212.66865079365027 
2410.4902876711367 459.0257936507935 
2478.6751904013995 413.90714285714233 
6237.727864820179 57.64166666666669 
2517.215494971888 382.8392857142854 
2741.6957243049633 236.9992063492057 
2361.423473371936 501.23730158730166 
2464.84912198007 418.7623015873011 
2556.282263026622 363.72658730158673 
2536.9388616407928 373.66309523809474 
5111.008868675397 74.63730158730164 
5872.47670346165 59.00674603174607 
2889.807052235799 145.9984126984126 
2690.741511248994 269.65793650793563 
4415.26184000554 91.58452380952384 
16640.650878749835 5.5396825396825395 
16047.2421699068 7.0365079365079355 
2346.460148485552 515.2464285714286 
4769.675133324152 79.15992063492072 
2808.172369173808 200.48134920634877 
7238.157922498951 45.28174603174603 
3747.9537695143167 101.70238095238092 
2764.3149489199004 223.13055555555496 
2360.2862169068812 510.39126984126995 
3374.099569529274 115.59682539682542 
3242.836675447311 125.12182539682541 
5001.012426971857 78.02539682539691 
3073.5465394815774 129.40238095238095 
4525.636085081979 84.51944444444452 
5851.12185653706 66.7964285714286 
2852.651698569587 172.15277777777743 
2889.461572998933 156.724603174603 
3710.0664930201406 109.92777777777782 
4591.946265191577 83.09960317460325 
5506.6414013655 71.88531746031751 
2933.5747039655807 138.84960317460312 
4226.110963095427 95.97817460317462 
4242.6732718068915 94.90793650793653 
3930.2099444711807 101.22222222222226 
6538.580419477363 53.244841269841295 
6537.580645351281 53.509920634920654 
2872.4251620302903 163.78095238095207 
4053.0786055335084 100.59563492063495 
5695.792278275619 67.49166666666672 
3567.3370910134317 110.66746031746035 
15789.476453101342 8.05873015873016 
3540.776357054408 114.20833333333334 
2875.749616060263 158.11666666666642 
5551.269076005964 70.92817460317465 
3222.6315115250773 125.43373015873017 
3564.723742572835 113.55952380952384 
2873.204373653907 161.9321428571426 

2277.671558666224 693.4523809523818 
27685.253941926396 0.0 
18460.990498945328 3.3662698412698413 
24627.4773581653 2.195634920634921 
2309.7487533665103 621.7007936507938 
2330.858781602251 526.1976190476188 
12872.862170859285 11.942857142857143 
24858.361395866064 0.8222222222222223 
2294.5244600653054 663.5329365079365 
15420.474909570908 10.739285714285714 
10101.516893301228 29.07817460317461 
11308.375180177129 21.722222222222225 
9175.017826771063 31.72579365079365 
12022.602544065048 17.83253968253968 
16640.650878749835 5.5396825396825395 
17983.432729056414 4.849603174603175 
5410.861649206494 70.5055555555556 
2596.1116629877592 336.7575396825391 
2497.325211489918 395.9976190476185 
2446.1565334343873 435.6031746031742 
2378.147858183909 487.9392857142857 
2614.390283640509 321.95277777777716 
2632.2796272403098 307.16349206349133 
2392.7137392425248 471.3396825396823 
2361.423473371936 501.23730158730166 
2652.75034625566 292.67460317460245 
2576.011453575359 353.8444444444439 
16639.586914187974 9.087698412698414 
2725.5752979440017 245.3686507936501 
5001.012426971857 78.02539682539691 
2346.460148485552 515.2464285714286 
2830.3098957450966 184.85555555555518 
8327.766589969251 37.93174603174603 
2428.4604152181087 448.5428571428569 
15781.566593417903 9.769444444444444 
2670.91971594043 280.09087301587226 
2785.8536633067515 212.66865079365027 
2410.4902876711367 459.0257936507935 
2478.6751904013995 413.90714285714233 
2517.215494971888 382.8392857142854 
2741.6957243049633 236.9992063492057 
4415.26184000554 91.58452380952384 
2464.84912198007 418.7623015873011 
4591.946265191577 83.09960317460325 
7238.157922498951 45.28174603174603 
2556.282263026622 363.72658730158673 
7969.477945124358 39.89841269841269 
2536.9388616407928 373.66309523809474 
3374.099569529274 115.59682539682542 
4226.110963095427 95.97817460317462 
4053.0786055335084 100.59563492063495 
5851.12185653706 66.7964285714286 
2690.741511248994 269.65793650793563 
3747.9537695143167 101.70238095238092 
3710.0664930201406 109.92777777777782 
2707.3952396239542 262.37936507936433 
2889.807052235799 145.9984126984126 
6872.906761140419 46.64682539682539 
4769.675133324152 79.15992063492072 
2808.1954661312393 199.96587301587252 
6538.580419477363 53.244841269841295 
3540.776357054408 114.20833333333334 
2764.3149489199004 223.13055555555496 
3222.6315115250773 125.43373015873017 
3073.5465394815774 129.40238095238095 
2808.172369173808 200.48134920634877 
6043.105752259863 61.671428571428606 
8325.398698946366 39.236111111111114 
2933.5747039655807 138.84960317460312 
6196.29178717459 59.50634920634924 
5892.557934182653 64.93174603174606 
2889.4763093586544 155.4166666666665 
15721.172471546526 10.569444444444445 
2853.407813235771 170.81944444444412 
2850.083359205799 176.48373015872983 
2897.479062942163 138.98174603174593 
2872.4251620302903 163.78095238095207 
6193.41048883984 60.53492063492067 
2875.749616060263 158.11666666666642 
2852.651698569587 172.15277777777743 
2889.1127813952758 155.6686507936506 

2277.671558666224 693.4523809523818 
27685.253941926396 0.0 
24858.361395866064 0.8222222222222223 
18460.990498945328 3.3662698412698413 
2309.7487533665103 621.7007936507938 
2330.858781602251 526.1976190476188 
8979.357320611927 33.4436507936508 
2294.5244600653054 663.5329365079365 
11326.416887083398 29.846428571428575 
13725.54405519877 28.32698412698413 
17123.463111746405 4.166269841269841 
15781.566593417903 9.769444444444444 
8327.766589969251 37.93174603174603 
14369.54673948995 14.223412698412696 
5551.269076005964 70.92817460317465 
2596.1116629877592 336.7575396825391 
2497.325211489918 395.9976190476185 
14033.95813220965 27.351587301587298 
6538.580419477363 53.244841269841295 
2446.1565334343873 435.6031746031742 
2378.147858183909 487.9392857142857 
2614.390283640509 321.95277777777716 
2632.2796272403098 307.16349206349133 
2392.7137392425248 471.3396825396823 
5001.012426971857 78.02539682539691 
2361.423473371936 501.23730158730166 
2652.75034625566 292.67460317460245 
2576.011453575359 353.8444444444439 
5851.12185653706 66.7964285714286 
16353.454189215225 8.401587301587302 
6872.906761140419 46.64682539682539 
2725.5752979440017 245.3686507936501 
2346.460148485552 515.2464285714286 
14912.4215166393 13.462301587301587 
2428.4604152181087 448.5428571428569 
2670.91971594043 280.09087301587226 
2785.8536633067515 212.66865079365027 
2410.4902876711367 459.0257936507935 
2478.6751904013995 413.90714285714233 
2517.215494971888 382.8392857142854 
2741.6957243049633 236.9992063492057 
2464.84912198007 418.7623015873011 
4591.946265191577 83.09960317460325 
7888.957111696612 44.72936507936508 
2808.172369173808 200.48134920634877 
3073.5465394815774 129.40238095238095 
2556.282263026622 363.72658730158673 
2889.807052235799 145.9984126984126 
2536.9388616407928 373.66309523809474 
7238.157922498951 45.28174603174603 
2690.741511248994 269.65793650793563 
2707.3952396239542 262.37936507936433 
6193.41048883984 60.53492063492067 
4415.26184000554 91.58452380952384 
4769.675133324152 79.15992063492072 
2822.351825525033 192.33015873015844 
16640.650878749835 5.5396825396825395 
4226.110963095427 95.97817460317462 
2764.3149489199004 223.13055555555496 
3225.014597485778 119.56547619047623 
4053.0786055335084 100.59563492063495 
3747.9537695143167 101.70238095238092 
2875.749616060263 158.11666666666642 
2933.5747039655807 138.84960317460312 
2831.0891073687126 183.00674603174568 
6196.29178717459 59.50634920634924 
3222.6315115250773 125.43373015873017 
7985.477957666483 44.19325396825399 
2830.3098957450966 184.85555555555518 
3930.2099444711807 101.22222222222226 
3720.634043385797 108.4448412698413 
3547.1319270911963 110.97936507936511 
3374.099569529274 115.59682539682542 
2850.862570829415 174.6349206349203 
3540.776357054408 114.20833333333334 
3710.0664930201406 109.92777777777782 
2854.210901673411 168.5785714285711 
4381.654944738262 94.0468253968254 
2872.4251620302903 163.78095238095207 
2873.204373653907 161.9321428571426 
2852.651698569587 172.15277777777743 
2853.430910193203 170.30396825396792 
2873.181276696475 162.44761904761876 

2277.671558666224 693.4523809523818 
27685.253941926396 0.0 
24858.361395866064 0.8222222222222223 
18460.990498945328 3.3662698412698413 
2309.7487533665103 621.7007936507938 
2330.858781602251 526.1976190476188 
2294.5244600653054 663.5329365079365 
15717.409864192696 9.746031746031747 
9863.700401369768 22.312301587301587 
13837.232572127605 9.894444444444444 
12367.878223670981 12.874603174603173 
12234.575035331123 14.113095238095237 
7237.63722548624 44.45833333333335 
10991.050939140396 17.270238095238092 
17978.17826594874 4.73968253968254 
16640.650878749835 5.5396825396825395 
8848.618316173726 30.820634920634934 
10792.961058089997 20.46706349206349 
6196.29178717459 59.50634920634924 
2596.1116629877592 336.7575396825391 
5551.269076005964 70.92817460317465 
2497.325211489918 395.9976190476185 
6538.580419477363 53.244841269841295 
2446.1565334343873 435.6031746031742 
2378.147858183909 487.9392857142857 
2614.390283640509 321.95277777777716 
2632.2796272403098 307.16349206349133 
2392.7137392425248 471.3396825396823 
4937.116195829108 75.80952380952388 
16284.268530800724 6.236507936507936 
5570.074247453844 60.15317460317463 
2807.99118987804 197.04285714285672 
2652.75034625566 292.67460317460245 
2576.011453575359 353.8444444444439 
6872.906761140419 46.64682539682539 
2785.8536633067515 212.66865079365027 
2725.5752979440017 245.3686507936501 
2830.3098957450966 184.85555555555518 
2707.3952396239542 262.37936507936433 
2889.807052235799 145.9984126984126 
2428.4604152181087 448.5428571428569 
2670.91971594043 280.09087301587226 
2410.4902876711367 459.0257936507935 
2478.6751904013995 413.90714285714233 
2517.215494971888 382.8392857142854 
2741.6957243049633 236.9992063492057 
2361.423473371936 501.23730158730166 
4415.26184000554 91.58452380952384 
2464.84912198007 418.7623015873011 
2852.651698569587 172.15277777777743 
4591.946265191577 83.09960317460325 
2556.282263026622 363.72658730158673 
2536.9388616407928 373.66309523809474 
3374.099569529274 115.59682539682542 
2690.741511248994 269.65793650793563 
3747.9537695143167 101.70238095238092 
2887.8608065794174 162.61746031746014 
4769.675133324152 79.15992063492072 
3710.0664930201406 109.92777777777782 
2346.460148485552 515.2464285714286 
2764.3149489199004 223.13055555555496 
2360.2862169068812 510.39126984126995 
3242.836675447311 125.12182539682541 
8848.247665024557 31.644047619047623 
3073.5465394815774 129.40238095238095 
4053.0786055335084 100.59563492063495 
2933.5747039655807 138.84960317460312 
8327.245892956546 37.10833333333334 
8519.658335034124 35.65476190476191 
3583.9021728190373 113.87182539682539 
2872.4251620302903 163.78095238095207 
10987.32486980235 18.093650793650788 
4226.110963095427 95.97817460317462 
3540.776357054408 114.20833333333334 
8519.287683884953 36.47817460317461 
4128.954444157411 98.63174603174602 
3222.6315115250773 125.43373015873017 
2885.9309027547833 163.41984126984116 
7754.888396928162 41.03809523809525 
2888.615690286919 161.70753968253953 

2277.671558666224 693.4523809523818 
27685.253941926396 0.0 
24098.91194821354 3.3218253968253975 
18460.990498945328 3.3662698412698413 
2309.7487533665103 621.7007936507938 
2330.858781602251 526.1976190476188 
14627.389682712519 7.485317460317462 
24858.361395866064 0.8222222222222223 
2294.5244600653054 663.5329365079365 
13515.560371263662 10.378174603174605 
12620.319079261892 13.885714285714283 
16640.650878749835 5.5396825396825395 
17123.463111746405 4.166269841269841 
8306.119283191429 42.430952380952384 
11487.705480987515 15.25912698412698 
5551.269076005964 70.92817460317465 
8327.766589969251 37.93174603174603 
2596.1116629877592 336.7575396825391 
9175.017826771063 31.72579365079365 
2497.325211489918 395.9976190476185 
10963.372702219389 21.148809523809526 
2446.1565334343873 435.6031746031742 
2378.147858183909 487.9392857142857 
2614.390283640509 321.95277777777716 
7238.157922498951 45.28174603174603 
2632.2796272403098 307.16349206349133 
2392.7137392425248 471.3396825396823 
5001.012426971857 78.02539682539691 
2652.75034625566 292.67460317460245 
2576.011453575359 353.8444444444439 
5851.12185653706 66.7964285714286 
10013.461760771532 24.232936507936504 
6872.906761140419 46.64682539682539 
9206.937127817006 25.51587301587302 
2725.5752979440017 245.3686507936501 
2707.3952396239542 262.37936507936433 
2428.4604152181087 448.5428571428569 
2670.91971594043 280.09087301587226 
2785.8536633067515 212.66865079365027 
2410.4902876711367 459.0257936507935 
2478.6751904013995 413.90714285714233 
2517.215494971888 382.8392857142854 
2741.6957243049633 236.9992063492057 
2361.423473371936 501.23730158730166 
4415.26184000554 91.58452380952384 
2464.84912198007 418.7623015873011 
2830.3098957450966 184.85555555555518 
4591.946265191577 83.09960317460325 
2556.282263026622 363.72658730158673 
2889.807052235799 145.9984126984126 
2536.9388616407928 373.66309523809474 
4226.110963095427 95.97817460317462 
2690.741511248994 269.65793650793563 
3710.0664930201406 109.92777777777782 
6193.41048883984 60.53492063492067 
2346.460148485552 515.2464285714286 
4769.675133324152 79.15992063492072 
2808.172369173808 200.48134920634877 
6538.580419477363 53.244841269841295 
24546.274986391032 2.2107142857142854 
3747.9537695143167 101.70238095238092 
2764.3149489199004 223.13055555555496 
2360.2862169068812 510.39126984126995 
3540.776357054408 114.20833333333334 
4053.0786055335084 100.59563492063495 
2875.749616060263 158.11666666666642 
2933.5747039655807 138.84960317460312 
6196.29178717459 59.50634920634924 
3225.014597485778 119.56547619047623 
3073.5465394815774 129.40238095238095 
3222.6315115250773 125.43373015873017 
3930.2099444711807 101.22222222222226 
2850.88644764344 174.24285714285685 
9182.583620642501 28.60000000000001 
2854.210901673411 168.5785714285711 
24627.4773581653 2.195634920634921 
3414.1654743958907 115.17182539682544 
2850.287635459 179.40674603174566 
3374.099569529274 115.59682539682542 
2872.4251620302903 163.78095238095207 
3085.0427619697784 129.01269841269843 
2852.651698569587 172.15277777777743 
2873.204373653907 161.9321428571426 
2853.430910193203 170.30396825396792 
2873.181276696475 162.44761904761876 

2277.671558666224 693.4523809523818 
27685.253941926396 0.0 
2309.7487533665103 621.7007936507938 
24858.361395866064 0.8222222222222223 
20590.818059821395 2.5440476190476193 
2330.858781602251 526.1976190476188 
13677.4787412647 10.569444444444445 
2294.5244600653054 663.5329365079365 
18460.990498945328 3.3662698412698413 
16640.650878749835 5.5396825396825395 
15584.454189247084 10.294841269841271 
18454.546603213625 4.885714285714286 
10630.50000351837 20.82619047619047 
6538.580419477363 53.244841269841295 
5729.646568727453 58.75119047619052 
12794.03260624665 12.751190476190475 
12443.01979350929 15.782936507936506 
2596.1116629877592 336.7575396825391 
11633.968203096327 20.803968253968254 
2497.325211489918 395.9976190476185 
9085.10112299899 27.22658730158731 
2446.1565334343873 435.6031746031742 
2378.147858183909 487.9392857142857 
2614.390283640509 321.95277777777716 
2632.2796272403098 307.16349206349133 
2392.7137392425248 471.3396825396823 
8674.778892491187 33.099206349206355 
5001.012426971857 78.02539682539691 
10013.461760771532 24.232936507936504 
2652.75034625566 292.67460317460245 
2576.011453575359 353.8444444444439 
2725.5752979440017 245.3686507936501 
2707.3952396239542 262.37936507936433 
11670.408137814058 16.969841269841268 
16124.671306472383 9.188888888888888 
2428.4604152181087 448.5428571428569 
2670.91971594043 280.09087301587226 
2785.8536633067515 212.66865079365027 
5551.269076005964 70.92817460317465 
2410.4902876711367 459.0257936507935 
2478.6751904013995 413.90714285714233 
2517.215494971888 382.8392857142854 
2741.6957243049633 236.9992063492057 
2361.423473371936 501.23730158730166 
4415.26184000554 91.58452380952384 
2464.84912198007 418.7623015873011 
4591.946265191577 83.09960317460325 
2556.282263026622 363.72658730158673 
2889.807052235799 145.9984126984126 
2536.9388616407928 373.66309523809474 
7764.5693525984 35.95000000000001 
3374.099569529274 115.59682539682542 
4226.110963095427 95.97817460317462 
4053.0786055335084 100.59563492063495 
2690.741511248994 269.65793650793563 
3747.9537695143167 101.70238095238092 
3710.0664930201406 109.92777777777782 
16639.586914187974 9.087698412698414 
5552.172630946009 69.26230158730162 
2346.460148485552 515.2464285714286 
6872.906761140419 46.64682539682539 
4769.675133324152 79.15992063492072 
2828.7250442581253 190.26071428571393 
7701.518391132932 45.20674603174602 
8264.808286878271 34.57658730158731 
2830.3098957450966 184.85555555555518 
3540.776357054408 114.20833333333334 
2764.3149489199004 223.13055555555496 
2360.2862169068812 510.39126984126995 
7238.157922498951 45.28174603174603 
3222.6315115250773 125.43373015873017 
3073.5465394815774 129.40238095238095 
2850.106456163231 175.96825396825366 
2808.172369173808 200.48134920634877 
2875.749616060263 158.11666666666642 
7708.397851268045 42.430952380952384 
2933.5747039655807 138.84960317460312 
2808.1954661312393 199.96587301587252 
15765.490282125786 9.884920634920634 
2852.651698569587 172.15277777777743 
2872.4251620302903 163.78095238095207 
2873.204373653907 161.9321428571426 
2873.181276696475 162.44761904761876 

2277.671558666224 693.4523809523818 
27685.253941926396 0.0 
2309.7487533665103 621.7007936507938 
24627.4773581653 2.195634920634921 
20590.818059821395 2.5440476190476193 
2330.858781602251 526.1976190476188 
24858.361395866064 0.8222222222222223 
2294.5244600653054 663.5329365079365 
13819.245603060572 8.035317460317462 
15979.883738277233 7.6718253968253975 
13815.801130347701 13.393253968253969 
16640.650878749835 5.5396825396825395 
12575.08699823639 15.25912698412698 
11234.969499400544 22.28730158730159 
18060.507750730492 4.166269841269841 
8300.035711299617 43.08968253968254 
19755.83012768801 3.344047619047619 
18460.990498945328 3.3662698412698413 
2596.1116629877592 336.7575396825391 
10086.070165425515 23.082142857142863 
2497.325211489918 395.9976190476185 
2446.1565334343873 435.6031746031742 
2378.147858183909 487.9392857142857 
2614.376958498236 319.76031746031686 
8835.997123410216 36.99761904761906 
7238.157922498951 45.28174603174603 
2392.7137392425248 471.3396825396823 
5001.012426971857 78.02539682539691 
12022.602544065048 17.83253968253968 
2830.3098957450966 184.85555555555518 
2361.423473371936 501.23730158730166 
2632.2796272403098 307.16349206349133 
2652.75034625566 292.67460317460245 
2576.011453575359 353.8444444444439 
6872.906761140419 46.64682539682539 
2725.5752979440017 245.3686507936501 
2346.460148485552 515.2464285714286 
2764.3149489199004 223.13055555555496 
2707.3952396239542 262.37936507936433 
2428.4604152181087 448.5428571428569 
2670.91971594043 280.09087301587226 
2785.8536633067515 212.66865079365027 
2410.4902876711367 459.0257936507935 
2478.6751904013995 413.90714285714233 
2517.215494971888 382.8392857142854 
2741.6957243049633 236.9992063492057 
2464.84912198007 418.7623015873011 
2556.282263026622 363.72658730158673 
8327.766589969251 37.93174603174603 
2536.9388616407928 373.66309523809474 
16592.374874523244 7.609920634920634 
9720.150061347029 27.48253968253969 
2690.741511248994 269.65793650793563 
5551.269076005964 70.92817460317465 
2888.2538328470537 154.89325396825382 
11430.846421589891 18.252777777777773 
4415.26184000554 91.58452380952384 
6193.41048883984 60.53492063492067 
4769.675133324152 79.15992063492072 
3747.9537695143167 101.70238095238092 
6538.580419477363 53.244841269841295 
3048.975951677195 133.49563492063484 
2808.1954661312393 199.96587301587252 
12481.084109409854 17.64126984126984 
3540.776357054408 114.20833333333334 
3904.7360822098467 97.9638888888889 
3374.099569529274 115.59682539682542 
4226.110963095427 95.97817460317462 
3225.014597485778 119.56547619047623 
2808.172369173808 200.48134920634877 
2852.651698569587 172.15277777777743 
2903.6126579064144 138.09880952380945 
3049.4916367756987 126.4388888888889 
9258.145870071197 32.865873015873014 
5794.102208895528 67.6555555555556 
4591.946265191577 83.09960317460325 
4099.500080436912 96.94166666666672 
10078.438706191924 25.51587301587302 
3222.6315115250773 125.43373015873017 
6196.29178717459 59.50634920634924 
5851.12185653706 66.7964285714286 
2889.807052235799 145.9984126984126 
2885.9309027547833 163.41984126984116 
3716.8918217896066 108.78174603174607 
2868.9596086329634 168.84563492063475 
9526.77964279464 30.13333333333334 
9258.639396388768 32.042460317460325 
2897.11889704674 142.376984126984 
4509.403424501744 86.73888888888897 
11424.240979384642 19.239285714285714 
9527.27316911221 29.309920634920644 
4591.245374892369 86.0583333333334 
3710.0664930201406 109.92777777777782 
2872.4251620302903 163.78095238095207 
2894.567276628901 145.20992063492045 
2866.062206684098 172.07738095238062 
10078.932232509507 24.692460317460327 

2277.671558666224 693.4523809523818 
27685.253941926396 0.0 
20590.818059821395 2.5440476190476193 
2309.7487533665103 621.7007936507938 
24858.361395866064 0.8222222222222223 
2330.858781602251 526.1976190476188 
2294.5244600653054 663.5329365079365 
15287.510279653878 11.338888888888889 
18460.990498945328 3.3662698412698413 
14369.54673948995 14.223412698412696 
16640.650878749835 5.5396825396825395 
18450.087400381566 5.531349206349207 
8253.90424352621 40.16507936507934 
7238.157922498951 45.28174603174603 
16639.586914187974 9.087698412698414 
13482.048891044371 16.300793650793647 
12811.050238157477 20.72539682539682 
2596.1116629877592 336.7575396825391 
2497.325211489918 395.9976190476185 
2446.1565334343873 435.6031746031742 
2378.147858183909 487.9392857142857 
2614.390283640509 321.95277777777716 
2632.2796272403098 307.16349206349133 
2392.7137392425248 471.3396825396823 
5001.012426971857 78.02539682539691 
2808.172369173808 200.48134920634877 
2361.423473371936 501.23730158730166 
2652.75034625566 292.67460317460245 
2576.011453575359 353.8444444444439 
6872.906761140419 46.64682539682539 
9951.629992681723 32.33968253968255 
10705.683935455098 27.304365079365073 
2725.5752979440017 245.3686507936501 
2346.460148485552 515.2464285714286 
2428.4604152181087 448.5428571428569 
2830.3098957450966 184.85555555555518 
2670.91971594043 280.09087301587226 
2785.8536633067515 212.66865079365027 
2410.4902876711367 459.0257936507935 
11994.266136845978 24.567460317460316 
2478.6751904013995 413.90714285714233 
2517.215494971888 382.8392857142854 
2741.6957243049633 236.9992063492057 
9160.28505493572 33.70476190476191 
11497.028873201089 25.939285714285713 
4415.26184000554 91.58452380952384 
2464.84912198007 418.7623015873011 
4591.946265191577 83.09960317460325 
2556.282263026622 363.72658730158673 
2536.9388616407928 373.66309523809474 
2889.807052235799 145.9984126984126 
5551.269076005964 70.92817460317465 
8660.046120655852 35.07817460317461 
2690.741511248994 269.65793650793563 
3583.675470614657 108.37420634920637 
2707.3952396239542 262.37936507936433 
2897.0129116842486 138.59722222222217 
3747.9537695143167 101.70238095238092 
2875.749616060263 158.11666666666642 
4769.675133324152 79.15992063492072 
6530.6181288376465 52.90833333333337 
3374.099569529274 115.59682539682542 
5918.496125810912 66.70952380952384 
6163.638232761585 59.862301587301616 
2764.3149489199004 223.13055555555496 
5851.12185653706 66.7964285714286 
3540.776357054408 114.20833333333334 
4226.110963095427 95.97817460317462 
13151.905070400735 18.67619047619047 
4053.0786055335084 100.59563492063495 
3065.0000410381112 133.90158730158723 
6196.29178717459 59.50634920634924 
2860.6341936160848 170.16587301587282 
3254.552758188548 122.21507936507939 
2851.066847082616 177.55793650793618 
3215.20747538974 129.3654761904762 
3073.5465394815774 129.40238095238095 
2872.4251620302903 163.78095238095207 
2852.651698569587 172.15277777777743 
3930.2099444711807 101.22222222222226 
4177.042496297347 97.7285714285714 
3220.0580587895856 126.18055555555557 
3069.3655643086013 132.21230158730154 
2873.204373653907 161.9321428571426 
3222.6315115250773 125.43373015873017 
2873.181276696475 162.44761904761876 
3068.5159942195373 133.20238095238088 
3067.7785821896646 133.20634920634916 

2277.671558666224 693.4523809523818 
27685.253941926396 0.0 
2309.7487533665103 621.7007936507938 
24858.361395866064 0.8222222222222223 
20590.818059821395 2.5440476190476193 
2330.858781602251 526.1976190476188 
9519.399829741458 19.101984126984128 
14369.54673948995 14.223412698412696 
12022.602544065048 17.83253968253968 
2294.5244600653054 663.5329365079365 
12394.964774659133 15.910714285714281 
18818.78548870393 3.344047619047619 
8327.766589969251 37.93174603174603 
17978.17826594874 4.73968253968254 
16640.650878749835 5.5396825396825395 
15560.84238373959 13.088888888888887 
8979.357320611927 33.4436507936508 
2596.1116629877592 336.7575396825391 
2497.325211489918 395.9976190476185 
7238.157922498951 45.28174603174603 
2446.1565334343873 435.6031746031742 
2378.147858183909 487.9392857142857 
2614.390283640509 321.95277777777716 
2632.2796272403098 307.16349206349133 
2392.7137392425248 471.3396825396823 
5001.012426971857 78.02539682539691 
2808.172369173808 200.48134920634877 
2361.423473371936 501.23730158730166 
2652.75034625566 292.67460317460245 
2576.011453575359 353.8444444444439 
6872.906761140419 46.64682539682539 
2830.3098957450966 184.85555555555518 
5551.269076005964 70.92817460317465 
15868.389150076524 9.884920634920634 
2725.5752979440017 245.3686507936501 
2346.460148485552 515.2464285714286 
16639.586914187974 9.087698412698414 
2428.4604152181087 448.5428571428569 
2670.91971594043 280.09087301587226 
2785.8536633067515 212.66865079365027 
2410.4902876711367 459.0257936507935 
2478.6751904013995 413.90714285714233 
2517.215494971888 382.8392857142854 
2741.6957243049633 236.9992063492057 
5896.439006643488 63.63809523809528 
2464.84912198007 418.7623015873011 
4591.946265191577 83.09960317460325 
2556.282263026622 363.72658730158673 
2889.807052235799 145.9984126984126 
2536.9388616407928 373.66309523809474 
2690.741511248994 269.65793650793563 
8920.625104085359 35.95000000000001 
2707.3952396239542 262.37936507936433 
5575.852129912168 66.7964285714286 
3374.099569529274 115.59682539682542 
4769.675133324152 79.15992063492072 
6342.958532790966 57.53968253968258 
3747.9537695143167 101.70238095238092 
18335.973255707315 4.717460317460318 
2764.3149489199004 223.13055555555496 
4226.110963095427 95.97817460317462 
3243.0565357003434 122.6047619047619 
3710.0664930201406 109.92777777777782 
3073.5465394815774 129.40238095238095 
6538.580419477363 53.244841269841295 
4053.0786055335084 100.59563492063495 
6193.41048883984 60.53492063492067 
2875.749616060263 158.11666666666642 
18460.990498945328 3.3662698412698413 
2933.5747039655807 138.84960317460312 
4415.26184000554 91.58452380952384 
2850.862570829415 174.6349206349203 
3540.776357054408 114.20833333333334 
4336.670542302354 93.88055555555562 
3930.2099444711807 101.22222222222226 
3222.6315115250773 125.43373015873017 
2853.430910193203 170.30396825396792 
2872.4251620302903 163.78095238095207 
15721.172471546526 10.569444444444445 
3591.901816431455 111.34603174603173 
6196.29178717459 59.50634920634924 
2852.651698569587 172.15277777777743 
2873.984365134116 160.20674603174575 
2873.204373653907 161.9321428571426 
2873.181276696475 162.44761904761876 

2277.671558666224 693.4523809523818 
27685.253941926396 0.0 
2309.7487533665103 621.7007936507938 
24627.4773581653 2.195634920634921 
20590.818059821395 2.5440476190476193 
2330.858781602251 526.1976190476188 
11175.453802943488 29.55555555555556 
24858.361395866064 0.8222222222222223 
8828.005524249127 36.55833333333334 
2294.5244600653054 663.5329365079365 
18460.990498945328 3.3662698412698413 
16640.650878749835 5.5396825396825395 
18060.507750730492 4.166269841269841 
15721.172471546526 10.569444444444445 
5551.269076005964 70.92817460317465 
2596.1116629877592 336.7575396825391 
2497.325211489918 395.9976190476185 
6538.580419477363 53.244841269841295 
8301.914589939748 41.86150793650794 
2446.1565334343873 435.6031746031742 
2378.147858183909 487.9392857142857 
2614.390283640509 321.95277777777716 
7238.157922498951 45.28174603174603 
2632.2796272403098 307.16349206349133 
16639.586914187974 9.087698412698414 
2392.7137392425248 471.3396825396823 
5001.012426971857 78.02539682539691 
14369.54673948995 14.223412698412696 
2361.423473371936 501.23730158730166 
2652.75034625566 292.67460317460245 
2576.011453575359 353.8444444444439 
5851.12185653706 66.7964285714286 
14916.555901141097 11.942857142857143 
6872.906761140419 46.64682539682539 
2725.5752979440017 245.3686507936501 
13557.014690358035 20.478174603174597 
2346.460148485552 515.2464285714286 
2428.4604152181087 448.5428571428569 
2670.91971594043 280.09087301587226 
2410.4902876711367 459.0257936507935 
2478.6751904013995 413.90714285714233 
2517.215494971888 382.8392857142854 
15286.460901220009 11.338888888888889 
2741.6957243049633 236.9992063492057 
2830.3098957450966 184.85555555555518 
4415.26184000554 91.58452380952384 
2464.84912198007 418.7623015873011 
4591.946265191577 83.09960317460325 
2556.282263026622 363.72658730158673 
11922.613572753182 27.138492063492055 
3217.011011562487 123.23888888888888 
2536.9388616407928 373.66309523809474 
12580.903990571785 26.720634920634918 
2690.741511248994 269.65793650793563 
3747.9537695143167 101.70238095238092 
3710.0664930201406 109.92777777777782 
13294.033599060434 22.751984126984123 
14066.296274346863 17.83253968253968 
2707.3952396239542 262.37936507936433 
8827.111033076551 39.68888888888889 
4226.110963095427 95.97817460317462 
6193.41048883984 60.53492063492067 
4769.675133324152 79.15992063492072 
2808.1954661312393 199.96587301587252 
12723.7481982373 25.128174603174607 
3540.776357054408 114.20833333333334 
2764.3149489199004 223.13055555555496 
2889.807052235799 145.9984126984126 
2785.8536633067515 212.66865079365027 
2851.0437501251818 178.07341269841234 
3069.9061725715146 134.02420634920625 
2794.8372291002097 210.1091269841265 
2875.749616060263 158.11666666666642 
3368.311586039419 116.95238095238095 
3912.660010401384 97.22857142857144 
2808.172369173808 200.48134920634877 
6196.29178717459 59.50634920634924 
2933.5747039655807 138.84960317460312 
3970.7036305020297 96.16706349206352 
2852.651698569587 172.15277777777743 
3073.5465394815774 129.40238095238095 
3374.099569529274 115.59682539682542 
2933.3756275001265 145.2376984126983 
12694.672422526382 25.39761904761904 
2872.1235838330686 167.54325396825362 
2854.210901673411 168.5785714285711 
2872.4251620302903 163.78095238095207 
2873.984365134116 160.20674603174575 
2931.3706005793806 145.76071428571422 
2873.204373653907 161.9321428571426 
2873.181276696475 162.44761904761876 

2277.671558666224 693.4523809523818 
27685.253941926396 0.0 
24627.4773581653 2.195634920634921 
18460.990498945328 3.3662698412698413 
2309.7487533665103 621.7007936507938 
2330.858781602251 526.1976190476188 
10998.84262673497 17.806746031746027 
9166.212551562907 28.195634920634916 
24858.361395866064 0.8222222222222223 
2294.5244600653054 663.5329365079365 
12362.917086169973 17.118253968253963 
17123.463111746405 4.166269841269841 
12784.978018035443 16.969841269841268 
2596.1116629877592 336.7575396825391 
8348.52796624431 36.56309523809523 
2497.325211489918 395.9976190476185 
5551.269076005964 70.92817460317465 
6538.580419477363 53.244841269841295 
8327.766589969251 37.93174603174603 
7238.157922498951 45.28174603174603 
2446.1565334343873 435.6031746031742 
2378.147858183909 487.9392857142857 
2614.390283640509 321.95277777777716 
2632.2796272403098 307.16349206349133 
2392.7137392425248 471.3396825396823 
5001.012426971857 78.02539682539691 
15287.510279653878 11.338888888888889 
2652.75034625566 292.67460317460245 
2576.011453575359 353.8444444444439 
5719.153927874184 66.2837301587302 
6872.906761140419 46.64682539682539 
2725.5752979440017 245.3686507936501 
13524.453360594433 14.936507936507933 
2707.3952396239542 262.37936507936433 
2428.4604152181087 448.5428571428569 
2670.91971594043 280.09087301587226 
2785.8536633067515 212.66865079365027 
2410.4902876711367 459.0257936507935 
2478.6751904013995 413.90714285714233 
2517.215494971888 382.8392857142854 
2741.6957243049633 236.9992063492057 
2361.423473371936 501.23730158730166 
4415.26184000554 91.58452380952384 
2464.84912198007 418.7623015873011 
2830.3098957450966 184.85555555555518 
4591.946265191577 83.09960317460325 
14329.069930999858 13.563095238095235 
2556.282263026622 363.72658730158673 
2889.807052235799 145.9984126984126 
2536.9388616407928 373.66309523809474 
6193.41048883984 60.53492063492067 
4226.110963095427 95.97817460317462 
2690.741511248994 269.65793650793563 
15781.566593417903 9.769444444444444 
2346.460148485552 515.2464285714286 
4769.675133324152 79.15992063492072 
15801.456297804143 7.609920634920634 
2764.3149489199004 223.13055555555496 
2360.2862169068812 510.39126984126995 
16284.268530800724 6.236507936507936 
16640.650878749835 5.5396825396825395 
3073.5465394815774 129.40238095238095 
4053.0786055335084 100.59563492063495 
13642.745583135502 14.623412698412695 
14810.467228634814 11.852380952380955 
2808.172369173808 200.48134920634877 
2875.749616060263 158.11666666666642 
2821.6230000894097 196.16111111111076 
3371.211014038409 121.07380952380953 
2933.5747039655807 138.84960317460312 
13966.740021907763 13.774206349206345 
6196.29178717459 59.50634920634924 
2850.862570829415 174.6349206349203 
3710.0664930201406 109.92777777777782 
3540.776357054408 114.20833333333334 
14682.433284558761 12.052777777777777 
3930.2099444711807 101.22222222222226 
3545.8767004787996 110.14126984126985 
3747.9537695143167 101.70238095238092 
3222.6315115250773 125.43373015873017 
3374.099569529274 115.59682539682542 
2853.430910193203 170.30396825396792 
2872.4251620302903 163.78095238095207 
3712.899701713771 104.51865079365083 
3371.6220752808467 118.08611111111111 
2819.87633651064 196.3996031746028 
2873.204373653907 161.9321428571426 
3732.760442658153 104.40555555555558 
2852.651698569587 172.15277777777743 
2851.642562309624 172.9095238095235 
2873.181276696475 162.44761904761876 

2277.671558666224 693.4523809523818 
27685.253941926396 0.0 
20590.818059821395 2.5440476190476193 
2309.7487533665103 621.7007936507938 
24627.4773581653 2.195634920634921 
2330.858781602251 526.1976190476188 
24858.361395866064 0.8222222222222223 
2294.5244600653054 663.5329365079365 
9361.70953363181 33.05079365079366 
18460.990498945328 3.3662698412698413 
12349.539379621923 22.28730158730159 
17123.463111746405 4.166269841269841 
7813.819661289054 37.93174603174603 
10803.911908102495 25.606349206349204 
9859.457476088286 30.15793650793651 
16640.650878749835 5.5396825396825395 
15038.752168947098 8.204761904761906 
13701.22478174816 9.004761904761907 
2596.1116629877592 336.7575396825391 
2497.325211489918 395.9976190476185 
12595.413945326622 21.563492063492063 
2446.1565334343873 435.6031746031742 
2378.147858183909 487.9392857142857 
2614.390283640509 321.95277777777716 
10800.464795147638 27.015873015873012 
2632.2796272403098 307.16349206349133 
2392.7137392425248 471.3396825396823 
6514.618116295521 48.61349206349207 
2361.423473371936 501.23730158730166 
2652.75034625566 292.67460317460245 
2576.011453575359 353.8444444444439 
5275.99934938107 70.92817460317465 
2725.5752979440017 245.3686507936501 
2346.460148485552 515.2464285714286 
2428.4604152181087 448.5428571428569 
5575.852129912168 66.7964285714286 
2670.91971594043 280.09087301587226 
2785.8536633067515 212.66865079365027 
2410.4902876711367 459.0257936507935 
2478.6751904013995 413.90714285714233 
2517.215494971888 382.8392857142854 
2741.6957243049633 236.9992063492057 
5896.439006643488 63.63809523809528 
6872.906761140419 46.64682539682539 
2464.84912198007 418.7623015873011 
2830.3098957450966 184.85555555555518 
4591.946265191577 83.09960317460325 
5001.012426971857 78.02539682539691 
2556.282263026622 363.72658730158673 
2889.807052235799 145.9984126984126 
2536.9388616407928 373.66309523809474 
6234.8465664854275 58.670238095238126 
13247.398072794163 15.886904761904757 
2690.741511248994 269.65793650793563 
2707.3952396239542 262.37936507936433 
3374.099569529274 115.59682539682542 
7238.157922498951 45.28174603174603 
4102.952967991138 94.72579365079368 
4415.26184000554 91.58452380952384 
3918.2684982251053 95.28730158730161 
4769.675133324152 79.15992063492072 
2823.419248277141 196.27261904761863 
3747.9537695143167 101.70238095238092 
3394.524593704543 112.76785714285717 
2764.3149489199004 223.13055555555496 
3222.6315115250773 125.43373015873017 
3073.5465394815774 129.40238095238095 
13640.512560519055 14.51349206349206 
2808.172369173808 200.48134920634877 
6193.41048883984 60.53492063492067 
2875.749616060263 158.11666666666642 
3710.0664930201406 109.92777777777782 
2933.5747039655807 138.84960317460312 
2850.862570829415 174.6349206349203 
2852.651698569587 172.15277777777743 
2872.4251620302903 163.78095238095207 
3737.3168459648764 105.95277777777781 
3736.28280400131 106.58571428571433 
13673.505382281905 12.088888888888889 
2873.984365134116 160.20674603174575 
6196.29178717459 59.50634920634924 
2851.642562309624 172.9095238095235 
2873.204373653907 161.9321428571426 
2873.181276696475 162.44761904761876 

2277.671558666224 693.4523809523818 
27685.253941926396 0.0 
18460.990498945328 3.3662698412698413 
24627.4773581653 2.195634920634921 
2309.7487533665103 621.7007936507938 
2330.858781602251 526.1976190476188 
10375.099670645688 28.26666666666667 
11831.46706514412 23.46587301587302 
24858.361395866064 0.8222222222222223 
13113.231235218353 19.382936507936506 
2294.5244600653054 663.5329365079365 
14369.54673948995 14.223412698412696 
8973.73905710004 30.785714285714292 
8327.766589969251 37.93174603174603 
16640.650878749835 5.5396825396825395 
18450.087400381566 5.531349206349207 
15305.882792716813 12.858333333333333 
15785.819829417504 11.294444444444444 
2596.1116629877592 336.7575396825391 
2497.325211489918 395.9976190476185 
7238.157922498951 45.28174603174603 
2446.1565334343873 435.6031746031742 
2378.147858183909 487.9392857142857 
2614.390283640509 321.95277777777716 
2632.2796272403098 307.16349206349133 
2392.7137392425248 471.3396825396823 
5001.012426971857 78.02539682539691 
2361.423473371936 501.23730158730166 
2652.75034625566 292.67460317460245 
2576.011453575359 353.8444444444439 
6872.906761140419 46.64682539682539 
2725.5752979440017 245.3686507936501 
2346.460148485552 515.2464285714286 
2428.4604152181087 448.5428571428569 
2670.91971594043 280.09087301587226 
2830.3098957450966 184.85555555555518 
2785.8536633067515 212.66865079365027 
5551.269076005964 70.92817460317465 
2410.4902876711367 459.0257936507935 
2478.6751904013995 413.90714285714233 
2517.215494971888 382.8392857142854 
2741.6957243049633 236.9992063492057 
4415.26184000554 91.58452380952384 
2464.84912198007 418.7623015873011 
4591.946265191577 83.09960317460325 
5621.169280018594 63.63809523809528 
2556.282263026622 363.72658730158673 
2536.9388616407928 373.66309523809474 
3374.099569529274 115.59682539682542 
6193.41048883984 60.53492063492067 
16401.17364949725 8.401587301587302 
4226.110963095427 95.97817460317462 
4053.0786055335084 100.59563492063495 
2690.741511248994 269.65793650793563 
3747.9537695143167 101.70238095238092 
3710.0664930201406 109.92777777777782 
2707.3952396239542 262.37936507936433 
4769.675133324152 79.15992063492072 
2812.140526060327 197.43928571428526 
2808.172369173808 200.48134920634877 
6196.29178717459 59.50634920634924 
6527.736830502896 53.93690476190479 
2889.807052235799 145.9984126984126 
3540.776357054408 114.20833333333334 
2764.3149489199004 223.13055555555496 
3222.6315115250773 125.43373015873017 
3073.5465394815774 129.40238095238095 
2889.0142562840674 157.35396825396813 
2933.5747039655807 138.84960317460312 
2850.862570829415 174.6349206349203 
6538.580419477363 53.244841269841295 
5552.172630946009 69.26230158730162 
2872.4251620302903 163.78095238095207 
2890.6525511902832 142.4301587301586 
2853.430910193203 170.30396825396792 
2902.419735597412 139.52341269841264 
2852.651698569587 172.15277777777743 
2875.0357661078137 161.33809523809506 
2875.749616060263 158.11666666666642 
2850.88644764344 174.24285714285685 
2873.181276696475 162.44761904761876 
2873.204373653907 161.9321428571426 

2277.671558666224 693.4523809523818 
27685.253941926396 0.0 
2309.7487533665103 621.7007936507938 
24627.4773581653 2.195634920634921 
20590.818059821395 2.5440476190476193 
2330.858781602251 526.1976190476188 
24858.361395866064 0.8222222222222223 
2294.5244600653054 663.5329365079365 
18460.990498945328 3.3662698412698413 
14125.219088384509 10.827777777777778 
16640.650878749835 5.5396825396825395 
9563.804500859327 37.788888888888884 
15721.172471546526 10.569444444444445 
13247.398072794163 15.886904761904757 
10705.73764235004 29.000396825396834 
12022.602544065048 17.83253968253968 
11712.90368325277 25.71468253968255 
8327.766589969251 37.93174603174603 
8234.24742275358 39.38968253968255 
5527.3067728241185 66.29682539682544 
5001.012426971857 78.02539682539691 
2596.1116629877592 336.7575396825391 
2497.325211489918 395.9976190476185 
2446.1565334343873 435.6031746031742 
2378.147858183909 487.9392857142857 
2614.390283640509 321.95277777777716 
2632.2796272403098 307.16349206349133 
2392.7137392425248 471.3396825396823 
16639.586914187974 9.087698412698414 
7238.157922498951 45.28174603174603 
2652.75034625566 292.67460317460245 
2576.011453575359 353.8444444444439 
9915.055931671179 34.60992063492064 
10281.379836307706 29.66269841269841 
15744.124123617758 10.143253968253969 
2725.5752979440017 245.3686507936501 
2707.3952396239542 262.37936507936433 
2428.4604152181087 448.5428571428569 
2670.91971594043 280.09087301587226 
2785.8536633067515 212.66865079365027 
2410.4902876711367 459.0257936507935 
2478.6751904013995 413.90714285714233 
2517.215494971888 382.8392857142854 
2741.6957243049633 236.9992063492057 
2361.423473371936 501.23730158730166 
4415.26184000554 91.58452380952384 
2464.84912198007 418.7623015873011 
4591.946265191577 83.09960317460325 
2556.282263026622 363.72658730158673 
2889.807052235799 145.9984126984126 
2536.9388616407928 373.66309523809474 
13650.559678140715 12.025396825396822 
3374.099569529274 115.59682539682542 
2830.3098957450966 184.85555555555518 
4226.110963095427 95.97817460317462 
4053.0786055335084 100.59563492063495 
2808.172369173808 200.48134920634877 
2690.741511248994 269.65793650793563 
3747.9537695143167 101.70238095238092 
3710.0664930201406 109.92777777777782 
5632.655057348492 60.001587301587335 
2346.460148485552 515.2464285714286 
4769.675133324152 79.15992063492072 
2820.7792072769657 194.88888888888852 
13506.891919745345 14.124603174603173 
3540.776357054408 114.20833333333334 
2764.3149489199004 223.13055555555496 
2360.2862169068812 510.39126984126995 
6580.016497122949 51.380158730158755 
11982.743540632402 24.52301587301587 
6227.503723191318 52.51468253968256 
3222.6315115250773 125.43373015873017 
3073.5465394815774 129.40238095238095 
6872.906761140419 46.64682539682539 
2875.749616060263 158.11666666666642 
6885.645148567317 46.41626984126984 
5885.215090888545 58.77619047619051 
2933.5747039655807 138.84960317460312 
2850.083359205799 176.48373015872983 
6185.0678714196465 54.644444444444474 
2854.210901673411 168.5785714285711 
2872.4251620302903 163.78095238095207 
2852.651698569587 172.15277777777743 
2873.204373653907 161.9321428571426 
2853.430910193203 170.30396825396792 
2850.862570829415 174.6349206349203 
2873.181276696475 162.44761904761876 

2277.671558666224 693.4523809523818 
27685.253941926396 0.0 
24858.361395866064 0.8222222222222223 
18460.990498945328 3.3662698412698413 
2309.7487533665103 621.7007936507938 
8973.611391658278 29.527777777777786 
12752.606408823664 22.28730158730159 
2330.858781602251 526.1976190476188 
15360.035484138907 9.988888888888889 
12872.862170859285 11.942857142857143 
2294.5244600653054 663.5329365079365 
16640.650878749835 5.5396825396825395 
8327.766589969251 37.93174603174603 
18450.087400381566 5.531349206349207 
15965.358289768894 8.786507936507936 
2596.1116629877592 336.7575396825391 
2497.325211489918 395.9976190476185 
7238.157922498951 45.28174603174603 
2446.1565334343873 435.6031746031742 
2378.147858183909 487.9392857142857 
2614.390283640509 321.95277777777716 
2632.2796272403098 307.16349206349133 
2392.7137392425248 471.3396825396823 
2361.423473371936 501.23730158730166 
2652.75034625566 292.67460317460245 
2576.011453575359 353.8444444444439 
6872.906761140419 46.64682539682539 
2725.5752979440017 245.3686507936501 
2346.460148485552 515.2464285714286 
2428.4604152181087 448.5428571428569 
2670.91971594043 280.09087301587226 
2410.4902876711367 459.0257936507935 
2478.6751904013995 413.90714285714233 
2517.215494971888 382.8392857142854 
2741.6957243049633 236.9992063492057 
2464.84912198007 418.7623015873011 
2556.282263026622 363.72658730158673 
2889.807052235799 145.9984126984126 
2536.9388616407928 373.66309523809474 
3747.9537695143167 101.70238095238092 
4226.110963095427 95.97817460317462 
4053.0786055335084 100.59563492063495 
2690.741511248994 269.65793650793563 
3597.8072637353125 107.65793650793651 
2707.3952396239542 262.37936507936433 
5551.269076005964 70.92817460317465 
4769.675133324152 79.15992063492072 
2785.8536633067515 212.66865079365027 
2786.4524754911918 207.5047619047614 
4591.946265191577 83.09960317460325 
5885.595417669019 64.33015873015877 
6527.736830502896 53.93690476190479 
4415.26184000554 91.58452380952384 
5132.080595989931 74.76944444444452 
2764.3149489199004 223.13055555555496 
5001.012426971857 78.02539682539691 
3540.776357054408 114.20833333333334 
3368.5728765858603 122.58412698412695 
4490.975567268876 87.64801587301594 
6193.41048883984 60.53492063492067 
3067.693779196272 131.4662698412698 
3374.099569529274 115.59682539682542 
2827.7646533387406 188.67103174603142 
2875.749616060263 158.11666666666642 
2807.99118987804 197.04285714285672 
2933.5747039655807 138.84960317460312 
5714.695381480777 67.69246031746037 
6196.29178717459 59.50634920634924 
6538.580419477363 53.244841269841295 
5851.12185653706 66.7964285714286 
3222.6315115250773 125.43373015873017 
2850.083359205799 176.48373015872983 
2830.332992702528 184.34007936507896 
5552.172630946009 69.26230158730162 
2853.430910193203 170.30396825396792 
2872.4251620302903 163.78095238095207 
3073.5465394815774 129.40238095238095 
2830.3098957450966 184.85555555555518 
2851.665659267056 172.39404761904734 
2850.862570829415 174.6349206349203 
2873.984365134116 160.20674603174575 
2852.651698569587 172.15277777777743 
2873.204373653907 161.9321428571426 
2850.106456163231 175.96825396825366 
2873.181276696475 162.44761904761876 

2277.671558666224 693.4523809523818 
27685.253941926396 0.0 
19261.302474798635 3.0317460317460316 
24627.4773581653 2.195634920634921 
2309.7487533665103 621.7007936507938 
2330.858781602251 526.1976190476188 
16639.586914187974 9.087698412698414 
13677.4787412647 10.569444444444445 
24858.361395866064 0.8222222222222223 
2294.5244600653054 663.5329365079365 
11628.478913950108 20.91388888888889 
11670.408137814058 16.969841269841268 
10016.058186642342 24.123015873015866 
13247.398072794163 15.886904761904757 
8701.047673253353 34.371428571428574 
17123.463111746405 4.166269841269841 
18460.990498945328 3.3662698412698413 
2596.1116629877592 336.7575396825391 
2497.325211489918 395.9976190476185 
6514.618116295521 48.61349206349207 
2446.1565334343873 435.6031746031742 
2378.147858183909 487.9392857142857 
2614.390283640509 321.95277777777716 
2632.2796272403098 307.16349206349133 
2392.7137392425248 471.3396825396823 
2807.99118987804 197.04285714285672 
2652.75034625566 292.67460317460245 
2576.011453575359 353.8444444444439 
2785.8536633067515 212.66865079365027 
2725.5752979440017 245.3686507936501 
9175.017826771063 31.72579365079365 
2707.3952396239542 262.37936507936433 
2428.4604152181087 448.5428571428569 
2670.91971594043 280.09087301587226 
2410.4902876711367 459.0257936507935 
2478.6751904013995 413.90714285714233 
2517.215494971888 382.8392857142854 
2741.6957243049633 236.9992063492057 
10013.461760771532 24.232936507936504 
2361.423473371936 501.23730158730166 
2464.84912198007 418.7623015873011 
7905.364880506388 36.54325396825398 
5264.141176554843 74.04206349206356 
7399.318191239866 37.315079365079384 
2556.282263026622 363.72658730158673 
2889.807052235799 145.9984126984126 
2536.9388616407928 373.66309523809474 
4226.110963095427 95.97817460317462 
4053.0786055335084 100.59563492063495 
2690.741511248994 269.65793650793563 
5001.012426971857 78.02539682539691 
3747.9537695143167 101.70238095238092 
7238.157922498951 45.28174603174603 
4415.26184000554 91.58452380952384 
13673.505382281905 12.088888888888889 
16640.650878749835 5.5396825396825395 
2346.460148485552 515.2464285714286 
4769.675133324152 79.15992063492072 
3540.776357054408 114.20833333333334 
2764.3149489199004 223.13055555555496 
2360.2862169068812 510.39126984126995 
4591.946265191577 83.09960317460325 
3073.5465394815774 129.40238095238095 
2851.642562309624 172.9095238095235 
4545.40713175996 87.20674603174605 
2830.3098957450966 184.85555555555518 
2875.749616060263 158.11666666666642 
6872.906761140419 46.64682539682539 
6196.29178717459 59.50634920634924 
2933.5747039655807 138.84960317460312 
3710.0664930201406 109.92777777777782 
5551.269076005964 70.92817460317465 
3273.3068481691926 122.11230158730156 
3367.447637930332 118.39007936507939 
3374.099569529274 115.59682539682542 
3729.927233964522 109.81468253968256 
2852.651698569587 172.15277777777743 
2872.4251620302903 163.78095238095207 
5851.12185653706 66.7964285714286 
6193.41048883984 60.53492063492067 
5744.019785996075 69.24920634920639 
5746.902280236081 68.73809523809527 
6019.006708405285 62.15198412698416 
3222.6315115250773 125.43373015873017 
6043.105752259863 61.671428571428606 
2873.204373653907 161.9321428571426 
3252.316508670807 124.56825396825396 

2277.671558666224 693.4523809523818 
27685.253941926396 0.0 
21304.996205080508 3.0317460317460316 
2309.7487533665103 621.7007936507938 
2330.858781602251 526.1976190476188 
24627.4773581653 2.195634920634921 
18460.990498945328 3.3662698412698413 
24858.361395866064 0.8222222222222223 
2294.5244600653054 663.5329365079365 
9085.10112299899 27.22658730158731 
10831.964203813592 24.46269841269841 
16640.650878749835 5.5396825396825395 
12022.602544065048 17.83253968253968 
2596.1116629877592 336.7575396825391 
2497.325211489918 395.9976190476185 
14837.726336528462 12.751190476190475 
2446.1565334343873 435.6031746031742 
2378.147858183909 487.9392857142857 
2614.390283640509 321.95277777777716 
2632.2796272403098 307.16349206349133 
16639.586914187974 9.087698412698414 
2392.7137392425248 471.3396825396823 
8674.778892491187 33.099206349206355 
4415.26184000554 91.58452380952384 
14369.54673948995 14.223412698412696 
12643.931649922215 15.782936507936506 
3927.954086458069 94.6944444444445 
2361.423473371936 501.23730158730166 
2652.75034625566 292.67460317460245 
2576.011453575359 353.8444444444439 
8264.808286878271 34.57658730158731 
13640.512560519055 14.51349206349206 
15721.172471546526 10.569444444444445 
6872.906761140419 46.64682539682539 
2725.5752979440017 245.3686507936501 
2346.460148485552 515.2464285714286 
2830.3098957450966 184.85555555555518 
2428.4604152181087 448.5428571428569 
2670.91971594043 280.09087301587226 
2785.8536633067515 212.66865079365027 
5551.269076005964 70.92817460317465 
2410.4902876711367 459.0257936507935 
7422.28072029562 42.21150793650794 
2478.6751904013995 413.90714285714233 
2517.215494971888 382.8392857142854 
2741.6957243049633 236.9992063492057 
2464.84912198007 418.7623015873011 
5247.1356774034475 74.09722222222229 
4591.946265191577 83.09960317460325 
3747.9537695143167 101.70238095238092 
2556.282263026622 363.72658730158673 
2536.9388616407928 373.66309523809474 
7764.5693525984 35.95000000000001 
3374.099569529274 115.59682539682542 
6538.580419477363 53.244841269841295 
12373.839283911633 17.192460317460316 
2690.741511248994 269.65793650793563 
3710.0664930201406 109.92777777777782 
5001.012426971857 78.02539682539691 
2707.3952396239542 262.37936507936433 
6193.41048883984 60.53492063492067 
4769.675133324152 79.15992063492072 
6500.265418528296 56.00952380952384 
2808.1954661312393 199.96587301587252 
3540.776357054408 114.20833333333334 
2764.3149489199004 223.13055555555496 
5851.12185653706 66.7964285714286 
14636.047433484637 12.858333333333333 
3222.6315115250773 125.43373015873017 
2808.172369173808 200.48134920634877 
3060.1672859480977 135.72341269841272 
7238.157922498951 45.28174603174603 
2889.807052235799 145.9984126984126 
3073.5465394815774 129.40238095238095 
6196.29178717459 59.50634920634924 
2850.106456163231 175.96825396825366 
2892.3420479662736 140.48650793650793 
2888.5703280427238 152.7841269841268 
2853.430910193203 170.30396825396792 
2872.4251620302903 163.78095238095207 
2933.5747039655807 138.84960317460312 
2875.749616060263 158.11666666666642 
2873.204373653907 161.9321428571426 
2852.651698569587 172.15277777777743 
2888.1678940563406 154.9896825396824 
2851.642562309624 172.9095238095235 
2888.1788696656718 153.6821428571427 
2877.5510048145206 157.94126984126964 
2850.862570829415 174.6349206349203 
2888.1543370220575 156.31309523809512 
2873.181276696475 162.44761904761876 

2277.671558666224 693.4523809523818 
27685.253941926396 0.0 
24627.4773581653 2.195634920634921 
18460.990498945328 3.3662698412698413 
2309.7487533665103 621.7007936507938 
2330.858781602251 526.1976190476188 
11340.239133584158 26.85674603174604 
24858.361395866064 0.8222222222222223 
2294.5244600653054 663.5329365079365 
9795.151699691178 30.078571428571436 
13677.4787412647 10.569444444444445 
8327.766589969251 37.93174603174603 
12650.965497944968 26.57182539682539 
7738.396856778823 43.90833333333334 
2596.1116629877592 336.7575396825391 
2497.325211489918 395.9976190476185 
16640.650878749835 5.5396825396825395 
6538.580419477363 53.244841269841295 
2446.1565334343873 435.6031746031742 
2378.147858183909 487.9392857142857 
2614.390283640509 321.95277777777716 
2632.2796272403098 307.16349206349133 
2392.7137392425248 471.3396825396823 
2830.3098957450966 184.85555555555518 
8965.404681390553 35.71507936507937 
2808.172369173808 200.48134920634877 
17644.023253005267 4.731349206349207 
9175.017826771063 31.72579365079365 
2361.423473371936 501.23730158730166 
2652.75034625566 292.67460317460245 
2576.011453575359 353.8444444444439 
5851.12185653706 66.7964285714286 
6872.906761140419 46.64682539682539 
12768.510549821873 24.7234126984127 
2725.5752979440017 245.3686507936501 
2346.460148485552 515.2464285714286 
2428.4604152181087 448.5428571428569 
2670.91971594043 280.09087301587226 
2785.8536633067515 212.66865079365027 
2410.4902876711367 459.0257936507935 
2478.6751904013995 413.90714285714233 
2517.215494971888 382.8392857142854 
2741.6957243049633 236.9992063492057 
2464.84912198007 418.7623015873011 
5120.412890871717 71.20158730158735 
4591.946265191577 83.09960317460325 
4415.26184000554 91.58452380952384 
2556.282263026622 363.72658730158673 
3747.9537695143167 101.70238095238092 
2536.9388616407928 373.66309523809474 
13247.398072794163 15.886904761904757 
4051.6189798838536 98.47619047619057 
2690.741511248994 269.65793650793563 
5001.012426971857 78.02539682539691 
2707.3952396239542 262.37936507936433 
6193.41048883984 60.53492063492067 
4769.675133324152 79.15992063492072 
5551.269076005964 70.92817460317465 
13640.512560519055 14.51349206349206 
7238.157922498951 45.28174603174603 
2764.3149489199004 223.13055555555496 
3374.099569529274 115.59682539682542 
3222.6315115250773 125.43373015873017 
3710.0664930201406 109.92777777777782 
2852.651698569587 172.15277777777743 
2888.4587871543463 155.7210317460316 
3540.776357054408 114.20833333333334 
2889.807052235799 145.9984126984126 
6196.29178717459 59.50634920634924 
3069.0542519873347 132.88412698412694 
3589.308466330819 110.70992063492066 
4226.110963095427 95.97817460317462 
2926.5325827833294 134.55357142857136 
2916.783570324668 139.62738095238086 
3073.5465394815774 129.40238095238095 
2895.0676786124254 145.3063492063491 
4242.6732718068915 94.90793650793653 
2920.6375124001597 137.47103174603168 
13673.505382281905 12.088888888888889 
2854.210901673411 168.5785714285711 
2872.4251620302903 163.78095238095207 
2875.749616060263 158.11666666666642 
2873.204373653907 161.9321428571426 
2853.430910193203 170.30396825396792 
15725.286645497452 8.623809523809523 

2277.671558666224 693.4523809523818 
27685.253941926396 0.0 
20590.818059821395 2.5440476190476193 
2309.7487533665103 621.7007936507938 
24858.361395866064 0.8222222222222223 
2330.858781602251 526.1976190476188 
15765.490282125786 9.884920634920634 
2294.5244600653054 663.5329365079365 
13677.4787412647 10.569444444444445 
18460.990498945328 3.3662698412698413 
17978.17826594874 4.73968253968254 
10016.058186642342 24.123015873015866 
8327.766589969251 37.93174603174603 
11628.478913950108 20.91388888888889 
16640.650878749835 5.5396825396825395 
13579.58947362068 16.169841269841267 
12248.410019972376 17.507142857142853 
2596.1116629877592 336.7575396825391 
2497.325211489918 395.9976190476185 
2446.1565334343873 435.6031746031742 
2378.147858183909 487.9392857142857 
2614.390283640509 321.95277777777716 
2632.2796272403098 307.16349206349133 
2392.7137392425248 471.3396825396823 
6240.840945774142 49.936904761904756 
2830.3098957450966 184.85555555555518 
16639.586914187974 9.087698412698414 
2361.423473371936 501.23730158730166 
2652.75034625566 292.67460317460245 
2576.011453575359 353.8444444444439 
2725.5752979440017 245.3686507936501 
2346.460148485552 515.2464285714286 
2764.3149489199004 223.13055555555496 
2707.3952396239542 262.37936507936433 
2428.4604152181087 448.5428571428569 
2670.91971594043 280.09087301587226 
2785.8536633067515 212.66865079365027 
2410.4902876711367 459.0257936507935 
2478.6751904013995 413.90714285714233 
2517.215494971888 382.8392857142854 
2741.6957243049633 236.9992063492057 
2464.84912198007 418.7623015873011 
9085.10112299899 27.22658730158731 
2852.651698569587 172.15277777777743 
3073.5465394815774 129.40238095238095 
2889.807052235799 145.9984126984126 
2556.282263026622 363.72658730158673 
2536.9388616407928 373.66309523809474 
12022.602544065048 17.83253968253968 
3374.099569529274 115.59682539682542 
5764.303740057017 62.55357142857147 
2690.741511248994 269.65793650793563 
6872.906761140419 46.64682539682539 
2888.331049519313 158.570238095238 
5001.012426971857 78.02539682539691 
4769.675133324152 79.15992063492072 
4591.946265191577 83.09960317460325 
7817.69063512643 39.78253968253969 
9513.222826491661 25.606349206349204 
2808.1954661312393 199.96587301587252 
3540.776357054408 114.20833333333334 
3222.6315115250773 125.43373015873017 
10013.461760771532 24.232936507936504 
6129.55490141555 61.18849206349209 
3747.9537695143167 101.70238095238092 
2808.172369173808 200.48134920634877 
7238.157922498951 45.28174603174603 
5279.494374126899 75.83214285714293 
4523.130906276888 88.59841269841274 
2933.5747039655807 138.84960317460312 
6222.203708375064 58.159920634920674 
3710.0664930201406 109.92777777777782 
5313.731492861953 75.06031746031752 
4371.645588553673 93.11190476190482 
5597.489781052437 66.10396825396829 
7505.0285440510725 41.74920634920636 
2872.4251620302903 163.78095238095207 
4226.110963095427 95.97817460317462 
13640.512560519055 14.51349206349206 
5551.269076005964 70.92817460317465 
4053.0786055335084 100.59563492063495 
3716.8918217896066 108.78174603174607 
12246.806082589266 17.617063492063487 
5506.6414013655 71.88531746031751 
4477.418386538481 91.34682539682544 
2885.9309027547833 163.41984126984116 
3930.2099444711807 101.22222222222226 
7422.28072029562 42.21150793650794 
4415.26184000554 91.58452380952384 
6193.41048883984 60.53492063492067 
6196.29178717459 59.50634920634924 

2277.671558666224 693.4523809523818 
27685.253941926396 0.0 
19261.302474798635 3.0317460317460316 
24627.4773581653 2.195634920634921 
2309.7487533665103 621.7007936507938 
2330.858781602251 526.1976190476188 
11308.375180177129 21.722222222222225 
14369.54673948995 14.223412698412696 
24858.361395866064 0.8222222222222223 
2294.5244600653054 663.5329365079365 
10223.839881392158 30.66865079365079 
16640.650878749835 5.5396825396825395 
8877.57632872985 34.51150793650793 
18450.087400381566 5.531349206349207 
14622.925027530353 12.858333333333333 
15918.361416500667 9.775 
10878.863454240744 22.390476190476193 
8305.552427944045 42.544047619047625 
5551.269076005964 70.92817460317465 
2596.1116629877592 336.7575396825391 
6538.580419477363 53.244841269841295 
2497.325211489918 395.9976190476185 
2446.1565334343873 435.6031746031742 
2378.147858183909 487.9392857142857 
2614.390283640509 321.95277777777716 
7238.157922498951 45.28174603174603 
2632.2796272403098 307.16349206349133 
2392.7137392425248 471.3396825396823 
5001.012426971857 78.02539682539691 
2361.423473371936 501.23730158730166 
2652.75034625566 292.67460317460245 
2576.011453575359 353.8444444444439 
6872.906761140419 46.64682539682539 
2725.5752979440017 245.3686507936501 
2346.460148485552 515.2464285714286 
2428.4604152181087 448.5428571428569 
2670.91971594043 280.09087301587226 
18460.990498945328 3.3662698412698413 
2785.8536633067515 212.66865079365027 
2410.4902876711367 459.0257936507935 
2478.6751904013995 413.90714285714233 
8327.766589969251 37.93174603174603 
2517.215494971888 382.8392857142854 
5851.12185653706 66.7964285714286 
2741.6957243049633 236.9992063492057 
4415.26184000554 91.58452380952384 
2464.84912198007 418.7623015873011 
4591.946265191577 83.09960317460325 
16284.268530800724 6.236507936507936 
6193.41048883984 60.53492063492067 
2556.282263026622 363.72658730158673 
2889.807052235799 145.9984126984126 
2536.9388616407928 373.66309523809474 
3374.099569529274 115.59682539682542 
2830.3098957450966 184.85555555555518 
4226.110963095427 95.97817460317462 
4053.0786055335084 100.59563492063495 
2690.741511248994 269.65793650793563 
3747.9537695143167 101.70238095238092 
2808.172369173808 200.48134920634877 
3710.0664930201406 109.92777777777782 
2707.3952396239542 262.37936507936433 
4769.675133324152 79.15992063492072 
2819.664108004982 194.9952380952377 
6124.9225416399295 63.1698412698413 
3540.776357054408 114.20833333333334 
2764.3149489199004 223.13055555555496 
3222.6315115250773 125.43373015873017 
15965.358289768894 8.786507936507936 
3073.5465394815774 129.40238095238095 
2875.749616060263 158.11666666666642 
2933.5747039655807 138.84960317460312 
2850.083359205799 176.48373015872983 
2854.210901673411 168.5785714285711 
2872.4251620302903 163.78095238095207 
2852.651698569587 172.15277777777743 
2850.106456163231 175.96825396825366 
2873.204373653907 161.9321428571426 
2853.430910193203 170.30396825396792 
2873.181276696475 162.44761904761876 

2277.671558666224 693.4523809523818 
27685.253941926396 0.0 
24858.361395866064 0.8222222222222223 
19261.302474798635 3.0317460317460316 
2309.7487533665103 621.7007936507938 
2330.858781602251 526.1976190476188 
12022.602544065048 17.83253968253968 
2294.5244600653054 663.5329365079365 
17123.463111746405 4.166269841269841 
10798.26410026174 22.378174603174607 
8736.849393117252 45.138888888888886 
14369.54673948995 14.223412698412696 
7238.157922498951 45.28174603174603 
14792.048621486085 10.569444444444445 
18460.990498945328 3.3662698412698413 
10584.086398563235 27.510317460317463 
9842.777458580544 32.344444444444456 
13247.398072794163 15.886904761904757 
2596.1116629877592 336.7575396825391 
6538.580419477363 53.244841269841295 
6193.41048883984 60.53492063492067 
8871.432165994203 37.93174603174603 
2497.325211489918 395.9976190476185 
13255.46021647509 14.64007936507936 
2446.1565334343873 435.6031746031742 
2378.147858183909 487.9392857142857 
2614.390283640509 321.95277777777716 
2632.2796272403098 307.16349206349133 
2392.7137392425248 471.3396825396823 
2830.3098957450966 184.85555555555518 
2652.75034625566 292.67460317460245 
2576.011453575359 353.8444444444439 
6872.906761140419 46.64682539682539 
9647.579004102508 37.788888888888884 
2725.5752979440017 245.3686507936501 
5851.12185653706 66.7964285714286 
2707.3952396239542 262.37936507936433 
2428.4604152181087 448.5428571428569 
2670.91971594043 280.09087301587226 
2785.8536633067515 212.66865079365027 
2410.4902876711367 459.0257936507935 
2478.6751904013995 413.90714285714233 
2517.215494971888 382.8392857142854 
2741.6957243049633 236.9992063492057 
15584.454189247084 10.294841269841271 
2361.423473371936 501.23730158730166 
2464.84912198007 418.7623015873011 
15965.358289768894 8.786507936507936 
2852.651698569587 172.15277777777743 
5278.747341606307 72.80277777777785 
4591.946265191577 83.09960317460325 
2889.807052235799 145.9984126984126 
2556.282263026622 363.72658730158673 
5001.012426971857 78.02539682539691 
2536.9388616407928 373.66309523809474 
3374.099569529274 115.59682539682542 
4415.26184000554 91.58452380952384 
4053.0786055335084 100.59563492063495 
2690.741511248994 269.65793650793563 
3747.9537695143167 101.70238095238092 
3710.0664930201406 109.92777777777782 
2346.460148485552 515.2464285714286 
4769.675133324152 79.15992063492072 
2808.172369173808 200.48134920634877 
2889.245289378802 158.7412698412697 
16640.650878749835 5.5396825396825395 
3540.776357054408 114.20833333333334 
2764.3149489199004 223.13055555555496 
2360.2862169068812 510.39126984126995 
3222.6315115250773 125.43373015873017 
3064.45082701617 137.4257936507936 
4226.110963095427 95.97817460317462 
5552.172630946009 69.26230158730162 
3073.5465394815774 129.40238095238095 
16293.465056610472 7.250396825396825 
5551.269076005964 70.92817460317465 
2933.5747039655807 138.84960317460312 
2872.4251620302903 163.78095238095207 
4315.858125409436 94.94563492063494 
2888.320932414439 160.98928571428556 
2873.204373653907 161.9321428571426 

2277.671558666224 693.4523809523818 
27685.253941926396 0.0 
23954.0247898014 2.9873015873015873 
18460.990498945328 3.3662698412698413 
2309.7487533665103 621.7007936507938 
2330.858781602251 526.1976190476188 
10803.911908102495 25.606349206349204 
24858.361395866064 0.8222222222222223 
12879.897211075024 12.052777777777777 
2294.5244600653054 663.5329365079365 
15229.6579740969 11.494047619047619 
8977.65446909195 30.71468253968255 
11670.408137814058 16.969841269841268 
17123.463111746405 4.166269841269841 
8139.127961193869 45.138888888888886 
12575.08699823639 15.25912698412698 
5551.269076005964 70.92817460317465 
15381.188643631107 9.929365079365079 
16577.002770306168 9.75 
2596.1116629877592 336.7575396825391 
2497.325211489918 395.9976190476185 
6538.580419477363 53.244841269841295 
2446.1565334343873 435.6031746031742 
2378.147858183909 487.9392857142857 
2614.390283640509 321.95277777777716 
2632.2796272403098 307.16349206349133 
2392.7137392425248 471.3396825396823 
5001.012426971857 78.02539682539691 
2652.75034625566 292.67460317460245 
2576.011453575359 353.8444444444439 
5851.12185653706 66.7964285714286 
6872.906761140419 46.64682539682539 
2725.5752979440017 245.3686507936501 
7238.157922498951 45.28174603174603 
2707.3952396239542 262.37936507936433 
2428.4604152181087 448.5428571428569 
2670.91971594043 280.09087301587226 
2785.8536633067515 212.66865079365027 
2410.4902876711367 459.0257936507935 
2478.6751904013995 413.90714285714233 
2517.215494971888 382.8392857142854 
2741.6957243049633 236.9992063492057 
2830.3098957450966 184.85555555555518 
2361.423473371936 501.23730158730166 
4415.26184000554 91.58452380952384 
2464.84912198007 418.7623015873011 
4591.946265191577 83.09960317460325 
2556.282263026622 363.72658730158673 
2889.807052235799 145.9984126984126 
8674.778892491187 33.099206349206355 
2536.9388616407928 373.66309523809474 
3374.099569529274 115.59682539682542 
24627.4773581653 2.195634920634921 
4226.110963095427 95.97817460317462 
2690.741511248994 269.65793650793563 
3710.0664930201406 109.92777777777782 
16640.650878749835 5.5396825396825395 
6193.41048883984 60.53492063492067 
2346.460148485552 515.2464285714286 
4769.675133324152 79.15992063492072 
2821.3246593909407 198.6662698412695 
2808.172369173808 200.48134920634877 
3540.776357054408 114.20833333333334 
3747.9537695143167 101.70238095238092 
2764.3149489199004 223.13055555555496 
2360.2862169068812 510.39126984126995 
3222.6315115250773 125.43373015873017 
3073.5465394815774 129.40238095238095 
4053.0786055335084 100.59563492063495 
2875.749616060263 158.11666666666642 
2933.5747039655807 138.84960317460312 
6196.29178717459 59.50634920634924 
3930.2099444711807 101.22222222222226 
2853.430910193203 170.30396825396792 
2850.083359205799 176.48373015872983 
2872.4251620302903 163.78095238095207 
16639.586914187974 9.087698412698414 
2873.204373653907 161.9321428571426 
2851.642562309624 172.9095238095235 
2852.651698569587 172.15277777777743 
2850.862570829415 174.6349206349203 
2873.181276696475 162.44761904761876 

