87.33879167875791 4.220634920634921 
17.8941469444402 176.045238095238 
48.605932073114694 10.965873015873015 
87.24759234102721 9.514682539682537 
19.023544699905933 128.62341269841264 
18.73659929648245 153.98968253968235 
38.666938828328924 25.373809523809513 
21.327075964051218 98.93373015873014 
38.35087994841202 30.78174603174603 
29.93243145960341 52.68015873015879 
18.728829916614107 164.20674603174587 
34.79915671134424 35.73095238095238 
19.879915575079465 115.95317460317456 
31.55943694056347 45.02738095238099 
20.897042546192456 109.57063492063493 
22.344202935164212 92.55119047619051 
24.85516350426593 76.36706349206355 
28.757065957443114 60.72777777777784 
33.800213576588106 42.3230158730159 
18.736093424659316 159.44642857142847 
29.721888756006795 59.41785714285719 
26.605703872600028 68.90674603174608 
34.67818602782078 42.15793650793652 
27.274602206673627 67.76031746031752 
24.763641637571897 83.94444444444446 
24.672813379464923 84.56468253968254 
29.025142575007717 60.30000000000005 

87.33879167875791 4.220634920634921 
17.8941469444402 176.045238095238 
48.605932073114694 10.965873015873015 
87.24759234102721 9.514682539682537 
18.73659929648245 153.98968253968235 
38.666938828328924 25.373809523809513 
19.023544699905933 128.62341269841264 
22.344202935164212 92.55119047619051 
21.32361462806534 107.96666666666665 
38.35087994841202 30.78174603174603 
24.763641637571897 83.94444444444446 
19.879915575079465 115.95317460317456 
29.93243145960341 52.68015873015879 
26.006309869464832 82.34047619047622 
27.274602206673627 67.76031746031752 
27.210928186905054 75.60198412698418 
34.79915671134424 35.73095238095238 
33.97956196794395 44.23928571428572 
32.14132745841448 50.81111111111113 
33.87699666172884 46.017857142857146 
20.897042546192456 109.57063492063493 
29.721888756006795 59.41785714285719 
34.67552676396503 37.709920634920636 
32.3082404313715 48.43888888888893 
29.55958292033475 64.13928571428578 
29.65041117844172 63.51904761904768 
28.517270438566545 66.15634920634926 

17.8941469444402 176.045238095238 
87.33879167875791 4.220634920634921 
87.24759234102721 9.514682539682537 
48.605932073114694 10.965873015873015 
18.73659929648245 153.98968253968235 
19.023544699905933 128.62341269841264 
38.666938828328924 25.373809523809513 
18.730441084406973 166.51388888888874 
45.81399903976351 22.782936507936498 
24.094743303498294 85.09087301587304 
22.344202935164212 92.55119047619051 
21.327075964051218 98.93373015873014 
38.35087994841202 30.78174603174603 
34.675621823970204 35.53849206349207 
19.879915575079465 115.95317460317456 
46.65013899354684 22.667460317460314 
28.160698080424023 67.04920634920641 
20.897042546192456 109.57063492063493 
24.85516350426593 76.36706349206355 
33.718726255920345 44.22023809523812 
26.605703872600028 68.90674603174608 
34.66874200001748 39.71071428571429 
48.20497473986124 13.635317460317458 
32.71982874440218 47.24007936507942 
29.721888756006795 59.41785714285719 
28.757065957443114 60.72777777777784 
29.80889657222937 52.48769841269848 
32.05049920030752 51.431349206349225 
29.806768331578617 54.57738095238101 
32.18257730334671 50.33611111111116 
87.33689809516434 4.2634920634920634 

17.8941469444402 176.045238095238 
87.33879167875791 4.220634920634921 
48.605932073114694 10.965873015873015 
87.24759234102721 9.514682539682537 
19.023544699905933 128.62341269841264 
18.73659929648245 153.98968253968235 
38.666938828328924 25.373809523809513 
18.735620423815853 156.36904761904742 
25.865921489906576 75.65595238095244 
29.93243145960341 52.68015873015879 
34.788795986078284 41.146825396825406 
19.879915575079465 115.95317460317456 
31.682971827937504 45.2198412698413 
38.35087994841202 30.78174603174603 
24.763641637571897 83.94444444444446 
22.344202935164212 92.55119047619051 
21.32361462806534 107.96666666666665 
21.327075964051218 98.93373015873014 
26.605703872600028 68.90674603174608 
28.517270438566545 66.15634920634926 
29.721888756006795 59.41785714285719 
28.93431431690075 60.92023809523814 
24.094743303498294 85.09087301587304 
23.7465146664589 90.32698412698414 
34.79915671134424 35.73095238095238 
35.550753944922214 34.86269841269841 
20.897042546192456 109.57063492063493 
38.41937425641798 27.850793650793648 
23.35496092080483 91.84007936507939 
27.274602206673627 67.76031746031752 

17.8941469444402 176.045238095238 
87.33879167875791 4.220634920634921 
48.605932073114694 10.965873015873015 
87.24759234102721 9.514682539682537 
18.73659929648245 153.98968253968235 
19.023544699905933 128.62341269841264 
44.23469869273486 21.323015873015873 
34.79915671134424 35.73095238095238 
22.344202935164212 92.55119047619051 
21.32361462806534 107.96666666666665 
38.35087994841202 30.78174603174603 
34.48729614192264 44.52023809523814 
38.666938828328924 25.373809523809513 
18.731806736118372 163.36944444444427 
19.879915575079465 115.95317460317456 
29.93243145960341 52.68015873015879 
28.72294562125069 66.00992063492069 
26.605703872600028 68.90674603174608 
32.14132745841448 50.81111111111113 
32.84336363177622 47.432539682539726 
24.85516350426593 76.36706349206355 
20.897042546192456 109.57063492063493 
29.721888756006795 59.41785714285719 
18.73350657809159 162.55595238095228 
28.93431431690075 60.92023809523814 
24.763641637571897 83.94444444444446 
24.672813379464923 84.56468253968254 
38.41937425641798 27.850793650793648 

17.8941469444402 176.045238095238 
87.33879167875791 4.220634920634921 
87.24759234102721 9.514682539682537 
48.605932073114694 10.965873015873015 
18.73659929648245 153.98968253968235 
19.023544699905933 128.62341269841264 
24.672813379464923 84.56468253968254 
44.23469869273486 21.323015873015873 
22.344202935164212 92.55119047619051 
24.85516350426593 76.36706349206355 
21.32361462806534 107.96666666666665 
34.79915671134424 35.73095238095238 
38.666938828328924 25.373809523809513 
31.6627255298104 46.552777777777806 
18.731886892048973 163.97142857142842 
19.879915575079465 115.95317460317456 
27.165110576518305 69.71349206349213 
38.35087994841202 30.78174603174603 
27.870395731366926 69.27341269841276 
29.06016091122655 60.20912698412703 
30.84000651558328 54.97658730158736 
48.20497473986124 13.635317460317458 
34.222335178814326 45.91230158730162 
20.897042546192456 109.57063492063493 
18.7333295310878 162.46269841269827 
34.76446337797271 41.84325396825397 
87.33689809516434 4.2634920634920634 
34.67818602782078 42.15793650793652 

17.8941469444402 176.045238095238 
87.33879167875791 4.220634920634921 
49.38729772412723 5.926587301587301 
87.33689809516434 4.2634920634920634 
31.682971827937504 45.2198412698413 
18.73659929648245 153.98968253968235 
22.344202935164212 92.55119047619051 
19.023544699905933 128.62341269841264 
18.728665992205887 163.565476190476 
27.192829263273044 82.42896825396824 
20.897042546192456 109.57063492063493 
29.025142575007717 60.30000000000005 
27.274602206673627 67.76031746031752 
34.79915671134424 35.73095238095238 
38.35087994841202 30.78174603174603 
38.666938828328924 25.373809523809513 
19.879915575079465 115.95317460317456 
44.23469869273486 21.323015873015873 
24.763641637571897 83.94444444444446 
45.814235310535715 14.699999999999994 
45.48974718970801 20.454761904761906 
48.20497473986124 13.635317460317458 
48.605932073114694 10.965873015873015 
38.52985541821721 28.04325396825396 

17.8941469444402 176.045238095238 
87.33879167875791 4.220634920634921 
49.38729772412723 5.926587301587301 
18.73659929648245 153.98968253968235 
19.023544699905933 128.62341269841264 
44.86146557923401 19.402777777777775 
38.67390696667237 20.3345238095238 
22.344202935164212 92.55119047619051 
22.29935427748715 107.34642857142856 
33.800213576588106 42.3230158730159 
38.35087994841202 30.78174603174603 
19.879915575079465 115.95317460317456 
48.605932073114694 10.965873015873015 
24.85516350426593 76.36706349206355 
31.682971827937504 45.2198412698413 
26.605703872600028 68.90674603174608 
34.79915671134424 35.73095238095238 
26.25747523556065 74.1428571428572 
23.7465146664589 90.32698412698414 
29.93243145960341 52.68015873015879 
29.911238448758116 59.58888888888894 
24.763641637571897 83.94444444444446 
28.93431431690075 60.92023809523814 
24.094743303498294 85.09087301587304 
35.550753944922214 34.86269841269841 
28.160698080424023 67.04920634920641 
20.897042546192456 109.57063492063493 
28.517270438566545 66.15634920634926 
38.666938828328924 25.373809523809513 
21.32361462806534 107.96666666666665 

17.8941469444402 176.045238095238 
87.33879167875791 4.220634920634921 
48.605932073114694 10.965873015873015 
87.24759234102721 9.514682539682537 
18.73659929648245 153.98968253968235 
19.023544699905933 128.62341269841264 
44.23469869273486 21.323015873015873 
22.344202935164212 92.55119047619051 
38.35087994841202 30.78174603174603 
26.514182005905997 76.48412698412699 
38.666938828328924 25.373809523809513 
34.79915671134424 35.73095238095238 
22.29935427748715 107.34642857142856 
29.93243145960341 52.68015873015879 
19.879915575079465 115.95317460317456 
33.87699666172884 46.017857142857146 
28.160698080424023 67.04920634920641 
20.897042546192456 109.57063492063493 
27.18377394856666 68.3805555555556 
32.14132745841448 50.81111111111113 
29.025142575007717 60.30000000000005 
23.7465146664589 90.32698412698414 
32.3082404313715 48.43888888888893 
24.86911394932393 82.19404761904762 
24.672813379464923 84.56468253968254 
21.907800531833082 108.85952380952381 

17.8941469444402 176.045238095238 
87.33879167875791 4.220634920634921 
48.605932073114694 10.965873015873015 
87.24759234102721 9.514682539682537 
18.73659929648245 153.98968253968235 
19.023544699905933 128.62341269841264 
44.23469869273486 21.323015873015873 
22.770775017037092 90.94722222222224 
25.281735586138822 74.76309523809529 
38.666938828328924 25.373809523809513 
34.66516095011583 40.59801587301588 
38.35087994841202 30.78174603174603 
31.55943694056347 45.02738095238099 
19.879915575079465 115.95317460317456 
24.763641637571897 83.94444444444446 
22.647582914526538 102.11031746031746 
26.605703872600028 68.90674603174608 
29.721888756006795 59.41785714285719 
29.93243145960341 52.68015873015879 
28.517270438566545 66.15634920634926 
28.757065957443114 60.72777777777784 
22.29935427748715 107.34642857142856 
34.79915671134424 35.73095238095238 
35.550753944922214 34.86269841269841 
24.094743303498294 85.09087301587304 
27.274602206673627 67.76031746031752 
20.897042546192456 109.57063492063493 
21.32361462806534 107.96666666666665 

17.8941469444402 176.045238095238 
87.33879167875791 4.220634920634921 
48.605932073114694 10.965873015873015 
87.24759234102721 9.514682539682537 
46.115015793142106 23.673809523809528 
18.737102534514598 153.84007936507916 
19.023544699905933 128.62341269841264 
38.666938828328924 25.373809523809513 
18.73005795170357 161.7190476190474 
22.29935427748715 107.34642857142856 
22.344202935164212 92.55119047619051 
25.865921489906576 75.65595238095244 
33.800213576588106 42.3230158730159 
19.879915575079465 115.95317460317456 
29.93243145960341 52.68015873015879 
38.35087994841202 30.78174603174603 
24.86911394932393 82.19404761904762 
24.094743303498294 85.09087301587304 
34.79915671134424 35.73095238095238 
23.35496092080483 91.84007936507939 
29.025142575007717 60.30000000000005 
20.897042546192456 109.57063492063493 
31.682971827937504 45.2198412698413 
28.72294562125069 66.00992063492069 
26.605703872600028 68.90674603174608 
27.274602206673627 67.76031746031752 
31.6643260244342 51.665873015873025 
18.735301789391837 156.70595238095217 
35.550753944922214 34.86269841269841 
31.666260481371616 49.0075396825397 
38.52985541821721 28.04325396825396 
28.93431431690075 60.92023809523814 

87.33879167875791 4.220634920634921 
17.8941469444402 176.045238095238 
48.605932073114694 10.965873015873015 
87.24759234102721 9.514682539682537 
19.023544699905933 128.62341269841264 
38.57848121073009 25.181349206349203 
18.73659929648245 153.98968253968235 
34.79915671134424 35.73095238095238 
18.728685350548368 163.15039682539674 
34.33220495729215 45.36984126984129 
24.356453902693726 84.70158730158727 
38.35087994841202 30.78174603174603 
23.88782136360215 97.55992063492062 
19.879915575079465 115.95317460317456 
22.357326164551974 109.33650793650791 
22.909293513721977 101.72103174603168 
32.14132745841448 50.81111111111113 
27.870395731366926 69.27341269841276 
32.3082404313715 48.43888888888893 
29.560546632644467 67.52619047619051 
26.775892605101443 76.09484126984128 
29.99744890870734 60.44484126984134 
27.288552651731628 73.58730158730162 
31.142384323658373 57.40317460317466 
18.73022944080371 154.39007936507917 
29.65041117844172 63.51904761904768 
23.42195356035218 99.21349206349204 
38.41937425641798 27.850793650793648 
20.897042546192456 109.57063492063493 
20.885378140644278 111.91944444444442 

87.33879167875791 4.220634920634921 
17.8941469444402 176.045238095238 
87.24759234102721 9.514682539682537 
48.605932073114694 10.965873015873015 
18.73659929648245 153.98968253968235 
22.344202935164212 92.55119047619051 
46.115015793142106 23.673809523809528 
19.023544699905933 128.62341269841264 
18.729879353776255 160.32499999999985 
38.666938828328924 25.373809523809513 
34.79915671134424 35.73095238095238 
38.35087994841202 30.78174603174603 
21.32361462806534 107.96666666666665 
31.641203443570955 48.582142857142884 
19.879915575079465 115.95317460317456 
34.762134881633514 41.31428571428572 
31.124200487301497 57.19365079365082 
25.865921489906576 75.65595238095244 
26.605703872600028 68.90674603174608 
20.897042546192456 109.57063492063493 
48.20497473986124 13.635317460317458 
24.85516350426593 76.36706349206355 
24.763641637571897 83.94444444444446 
28.91565094485239 62.253174603174664 
24.094743303498294 85.09087301587304 
32.531743274263064 45.17222222222226 
28.884053017266478 66.50357142857148 
27.309620542892453 67.66944444444451 
29.721888756006795 59.41785714285719 
38.52985541821721 28.04325396825396 
30.14846083787968 57.81388888888891 

87.33879167875791 4.220634920634921 
17.8941469444402 176.045238095238 
48.605932073114694 10.965873015873015 
87.24759234102721 9.514682539682537 
18.73659929648245 153.98968253968235 
19.023544699905933 128.62341269841264 
44.23469869273486 21.323015873015873 
38.666938828328924 25.373809523809513 
24.85516350426593 76.36706349206355 
38.35087994841202 30.78174603174603 
34.67060899906436 41.87182539682541 
19.879915575079465 115.95317460317456 
34.79915671134424 35.73095238095238 
26.605703872600028 68.90674603174608 
21.327075964051218 98.93373015873014 
20.897042546192456 109.57063492063493 
32.84336363177622 47.432539682539726 
22.344202935164212 92.55119047619051 
28.517270438566545 66.15634920634926 
24.763641637571897 83.94444444444446 
31.94092977451523 51.7130952380953 
29.575314656816406 54.60992063492068 
24.094743303498294 85.09087301587304 
29.93243145960341 52.68015873015879 
23.7465146664589 90.32698412698414 
27.274602206673627 67.76031746031752 
28.93431431690075 60.92023809523814 
32.3082404313715 48.43888888888893 
38.52985541821721 28.04325396825396 
29.025142575007717 60.30000000000005 
23.35496092080483 91.84007936507939 

87.33879167875791 4.220634920634921 
17.8941469444402 176.045238095238 
48.605932073114694 10.965873015873015 
87.24759234102721 9.514682539682537 
18.73659929648245 153.98968253968235 
44.29841581220236 24.442063492063486 
19.023544699905933 128.62341269841264 
31.682971827937504 45.2198412698413 
38.57848121073009 25.181349206349203 
23.7465146664589 90.32698412698414 
31.124200487301497 57.19365079365082 
19.879915575079465 115.95317460317456 
22.29935427748715 107.34642857142856 
38.35087994841202 30.78174603174603 
35.550753944922214 34.86269841269841 
25.865921489906576 75.65595238095244 
27.274602206673627 67.76031746031752 
23.42195356035218 99.21349206349204 
24.672813379464923 84.56468253968254 
23.316481248600148 100.96388888888887 
26.61965431765803 74.73373015873015 
33.800213576588106 42.3230158730159 
28.93431431690075 60.92023809523814 
20.897042546192456 109.57063492063493 
34.79915671134424 35.73095238095238 
30.267810806900638 58.696031746031785 
34.67818602782078 42.15793650793652 
27.18377394856666 68.3805555555556 
24.86911394932393 82.19404761904762 
38.41937425641798 27.850793650793648 

17.8941469444402 176.045238095238 
87.33879167875791 4.220634920634921 
48.605932073114694 10.965873015873015 
87.24759234102721 9.514682539682537 
18.73659929648245 153.98968253968235 
19.023544699905933 128.62341269841264 
38.666938828328924 25.373809523809513 
18.729868003651518 166.2384920634919 
22.29935427748715 107.34642857142856 
22.344202935164212 92.55119047619051 
33.87339786430873 44.84126984126984 
34.79915671134424 35.73095238095238 
19.879915575079465 115.95317460317456 
20.897042546192456 109.57063492063493 
31.844018563723782 58.213888888888924 
38.35087994841202 30.78174603174603 
28.93431431690075 60.92023809523814 
28.517270438566545 66.15634920634926 
32.14132745841448 50.81111111111113 
26.61965431765803 74.73373015873015 
32.3082404313715 48.43888888888893 
29.946381904661393 58.50714285714291 
27.18377394856666 68.3805555555556 
24.672813379464923 84.56468253968254 
24.86911394932393 82.19404761904762 
38.52985541821721 28.04325396825396 
27.274602206673627 67.76031746031752 

17.8941469444402 176.045238095238 
87.33879167875791 4.220634920634921 
48.605932073114694 10.965873015873015 
87.24759234102721 9.514682539682537 
18.73659929648245 153.98968253968235 
19.023544699905933 128.62341269841264 
38.666938828328924 25.373809523809513 
18.732205104122492 166.07460317460303 
21.327075964051218 98.93373015873014 
24.702607133093682 97.3428571428571 
26.914175346388813 82.74960317460318 
32.14132745841448 50.81111111111113 
27.00652558910902 68.1880952380953 
30.732646741647425 58.706746031746064 
24.85296828669883 87.29722222222225 
19.879915575079465 115.95317460317456 
34.675621823970204 35.53849206349207 
20.897042546192456 109.57063492063493 
32.7159195030051 46.145238095238135 
18.736299855699755 156.406349206349 
38.35087994841202 30.78174603174603 
29.630366889312757 66.99523809523812 
25.827441817701878 84.77976190476195 
34.66874200001748 39.71071428571429 
30.25800976186479 62.22936507936516 
27.347077589691988 67.4769841269842 
33.87318248033693 42.7515873015873 
29.65041117844172 63.51904761904768 
38.41937425641798 27.850793650793648 

17.8941469444402 176.045238095238 
87.33879167875791 4.220634920634921 
48.605932073114694 10.965873015873015 
87.24759234102721 9.514682539682537 
18.73659929648245 153.98968253968235 
19.023544699905933 128.62341269841264 
38.666938828328924 25.373809523809513 
18.73185663014502 160.67460317460302 
22.29935427748715 107.34642857142856 
22.344202935164212 92.55119047619051 
38.35087994841202 30.78174603174603 
33.800213576588106 42.3230158730159 
32.14132745841448 50.81111111111113 
34.79915671134424 35.73095238095238 
19.879915575079465 115.95317460317456 
26.25747523556065 74.1428571428572 
23.7465146664589 90.32698412698414 
24.85516350426593 76.36706349206355 
28.517270438566545 66.15634920634926 
20.897042546192456 109.57063492063493 
30.732646741647425 58.706746031746064 
24.672813379464923 84.56468253968254 
27.18377394856666 68.3805555555556 
24.798659973790723 83.85357142857144 
29.65041117844172 63.51904761904768 
30.185534378846434 62.51269841269848 
32.84336363177622 47.432539682539726 
38.41937425641798 27.850793650793648 
27.274602206673627 67.76031746031752 

17.8941469444402 176.045238095238 
87.33879167875791 4.220634920634921 
48.605932073114694 10.965873015873015 
87.24759234102721 9.514682539682537 
18.73659929648245 153.98968253968235 
19.023544699905933 128.62341269841264 
18.73444627423629 169.23015873015862 
44.23469869273486 21.323015873015873 
22.344202935164212 92.55119047619051 
27.048622351233014 80.32341269841268 
20.897042546192456 109.57063492063493 
34.675621823970204 35.53849206349207 
27.18377394856666 68.3805555555556 
38.35087994841202 30.78174603174603 
38.666938828328924 25.373809523809513 
19.879915575079465 115.95317460317456 
29.80889657222937 52.48769841269848 
29.721888756006795 59.41785714285719 
32.655278161637106 45.36468253968257 
29.539538631205783 67.6154761904762 
32.05049920030752 51.431349206349225 
24.86911394932393 82.19404761904762 
24.672813379464923 84.56468253968254 
32.18470554399747 48.24642857142862 
38.41937425641798 27.850793650793648 
29.65041117844172 63.51904761904768 

87.33879167875791 4.220634920634921 
17.8941469444402 176.045238095238 
87.24759234102721 9.514682539682537 
48.605932073114694 10.965873015873015 
18.73659929648245 153.98968253968235 
19.023544699905933 128.62341269841264 
18.730400934535687 161.62936507936485 
38.666938828328924 25.373809523809513 
22.344202935164212 92.55119047619051 
44.23469869273486 21.323015873015873 
20.897042546192456 109.57063492063493 
34.68348573184218 35.707142857142856 
33.28102107565769 47.435714285714305 
32.05049920030752 51.431349206349225 
34.67298172537057 40.95436507936509 
19.879915575079465 115.95317460317456 
24.094743303498294 85.09087301587304 
38.35087994841202 30.78174603174603 
45.814235310535715 14.699999999999994 
24.85516350426593 76.36706349206355 
26.48744519315471 75.4277777777778 
29.721888756006795 59.41785714285719 
24.763641637571897 83.94444444444446 
28.796087187283614 62.89920634920641 
28.780157586577122 67.16111111111117 
26.605703872600028 68.90674603174608 
30.735706460655113 56.822619047619106 
27.18377394856666 68.3805555555556 

87.33879167875791 4.220634920634921 
17.8941469444402 176.045238095238 
48.605932073114694 10.965873015873015 
87.24759234102721 9.514682539682537 
18.73659929648245 153.98968253968235 
19.023544699905933 128.62341269841264 
38.666938828328924 25.373809523809513 
21.327075964051218 98.93373015873014 
38.35087994841202 30.78174603174603 
34.79915671134424 35.73095238095238 
31.124200487301497 57.19365079365082 
19.879915575079465 115.95317460317456 
24.094743303498294 85.09087301587304 
32.89292469199244 49.94285714285717 
20.897042546192456 109.57063492063493 
28.517270438566545 66.15634920634926 
31.69692227299549 51.04682539682542 
22.344202935164212 92.55119047619051 
26.25747523556065 74.1428571428572 
26.605703872600028 68.90674603174608 
24.86911394932393 82.19404761904762 
35.550753944922214 34.86269841269841 
27.274602206673627 67.76031746031752 
28.93431431690075 60.92023809523814 
29.025142575007717 60.30000000000005 
32.80209643388548 50.563095238095265 
24.763641637571897 83.94444444444446 

87.33879167875791 4.220634920634921 
17.8941469444402 176.045238095238 
48.605932073114694 10.965873015873015 
87.24759234102721 9.514682539682537 
18.73659929648245 153.98968253968235 
19.023544699905933 128.62341269841264 
44.23469869273486 21.323015873015873 
22.344202935164212 92.55119047619051 
38.35087994841202 30.78174603174603 
38.666938828328924 25.373809523809513 
22.29935427748715 107.34642857142856 
34.79915671134424 35.73095238095238 
19.879915575079465 115.95317460317456 
23.7465146664589 90.32698412698414 
31.682971827937504 45.2198412698413 
26.423353747799023 77.10436507936507 
33.800213576588106 42.3230158730159 
29.93243145960341 52.68015873015879 
24.86911394932393 82.19404761904762 
24.763641637571897 83.94444444444446 
29.721888756006795 59.41785714285719 
26.605703872600028 68.90674603174608 
20.897042546192456 109.57063492063493 
28.72294562125069 66.00992063492069 
28.93431431690075 60.92023809523814 
28.160698080424023 67.04920634920641 
27.18377394856666 68.3805555555556 

17.8941469444402 176.045238095238 
87.33879167875791 4.220634920634921 
48.605932073114694 10.965873015873015 
87.24759234102721 9.514682539682537 
19.023544699905933 128.62341269841264 
18.73659929648245 153.98968253968235 
38.666938828328924 25.373809523809513 
18.736530559940427 157.16309523809508 
22.344202935164212 92.55119047619051 
24.85516350426593 76.36706349206355 
31.682971827937504 45.2198412698413 
20.897042546192456 109.57063492063493 
31.342797356178277 59.11904761904764 
38.35087994841202 30.78174603174603 
19.879915575079465 115.95317460317456 
34.79915671134424 35.73095238095238 
34.68285338005137 38.8920634920635 
33.87709172173401 43.84642857142858 
24.763641637571897 83.94444444444446 
24.672813379464923 84.56468253968254 
27.18377394856666 68.3805555555556 
27.274602206673627 67.76031746031752 
28.93431431690075 60.92023809523814 
29.721888756006795 59.41785714285719 
38.41937425641798 27.850793650793648 
29.025142575007717 60.30000000000005 

17.8941469444402 176.045238095238 
87.33879167875791 4.220634920634921 
48.605932073114694 10.965873015873015 
87.24759234102721 9.514682539682537 
18.73659929648245 153.98968253968235 
38.666938828328924 25.373809523809513 
19.023544699905933 128.62341269841264 
18.734993227658485 164.31666666666655 
38.35087994841202 30.78174603174603 
32.655278161637106 45.36468253968257 
34.79915671134424 35.73095238095238 
22.005723221418272 104.87857142857138 
22.344202935164212 92.55119047619051 
19.879915575079465 115.95317460317456 
29.93243145960341 52.68015873015879 
24.85516350426593 76.36706349206355 
23.35496092080483 91.84007936507939 
24.094743303498294 85.09087301587304 
24.763641637571897 83.94444444444446 
32.14132745841448 50.81111111111113 
29.721888756006795 59.41785714285719 
26.605703872600028 68.90674603174608 
28.517270438566545 66.15634920634926 
20.897042546192456 109.57063492063493 
21.32361462806534 107.96666666666665 
28.93431431690075 60.92023809523814 
32.3082404313715 48.43888888888893 
27.18377394856666 68.3805555555556 
28.160698080424023 67.04920634920641 

17.8941469444402 176.045238095238 
87.33879167875791 4.220634920634921 
49.38729772412723 5.926587301587301 
18.73659929648245 153.98968253968235 
19.023544699905933 128.62341269841264 
31.003755312073668 42.543650793650826 
29.023542269723688 53.221031746031805 
33.96986258697972 33.05476190476191 
23.54297091640559 83.70198412698413 
38.35087994841202 30.78174603174603 
19.879915575079465 115.95317460317456 
48.20497473986124 13.635317460317458 
40.09042134915889 22.630952380952383 
25.871581360706305 75.71547619047621 
43.532848697141574 19.93412698412698 
20.897042546192456 109.57063492063493 
26.053931485507317 67.51785714285722 
21.907800531833082 108.85952380952381 
42.34129592754625 21.006746031746033 
22.344202935164212 92.55119047619051 
48.605932073114694 10.965873015873015 
25.73412428919571 83.35992063492063 
22.095810527433834 100.72142857142855 
28.38254192980803 59.531349206349276 
38.666938828328924 25.373809523809513 
25.85107874427575 79.68214285714285 
27.589831230390278 62.92817460317464 
38.424116650306104 26.75595238095238 

17.8941469444402 176.045238095238 
87.33879167875791 4.220634920634921 
48.605932073114694 10.965873015873015 
87.24759234102721 9.514682539682537 
18.73659929648245 153.98968253968235 
19.023544699905933 128.62341269841264 
44.23469869273486 21.323015873015873 
22.344202935164212 92.55119047619051 
21.907800531833082 108.85952380952381 
24.85516350426593 76.36706349206355 
38.35087994841202 30.78174603174603 
38.666938828328924 25.373809523809513 
34.79915671134424 35.73095238095238 
19.879915575079465 115.95317460317456 
31.682971827937504 45.2198412698413 
26.605703872600028 68.90674603174608 
33.800213576588106 42.3230158730159 
29.575314656816406 54.60992063492068 
28.160698080424023 67.04920634920641 
20.897042546192456 109.57063492063493 
28.93431431690075 60.92023809523814 
27.274602206673627 67.76031746031752 
38.52985541821721 28.04325396825396 

87.33879167875791 4.220634920634921 
17.8941469444402 176.045238095238 
87.24759234102721 9.514682539682537 
48.605932073114694 10.965873015873015 
18.73659929648245 153.98968253968235 
19.023544699905933 128.62341269841264 
48.20497473986124 13.635317460317458 
38.666938828328924 25.373809523809513 
34.675621823970204 35.53849206349207 
38.35087994841202 30.78174603174603 
34.67274765161664 42.21785714285715 
19.879915575079465 115.95317460317456 
29.93243145960341 52.68015873015879 
22.344202935164212 92.55119047619051 
23.7465146664589 90.32698412698414 
25.865921489906576 75.65595238095244 
29.721888756006795 59.41785714285719 
24.763641637571897 83.94444444444446 
21.327075964051218 98.93373015873014 
26.25747523556065 74.1428571428572 
21.32361462806534 107.96666666666665 
29.55958292033475 64.13928571428578 
27.274602206673627 67.76031746031752 
28.517270438566545 66.15634920634926 
24.672813379464923 84.56468253968254 
32.14132745841448 50.81111111111113 
32.84336363177622 47.432539682539726 
20.897042546192456 109.57063492063493 
38.41937425641798 27.850793650793648 

87.33879167875791 4.220634920634921 
17.8941469444402 176.045238095238 
48.605932073114694 10.965873015873015 
87.24759234102721 9.514682539682537 
18.73659929648245 153.98968253968235 
38.666938828328924 25.373809523809513 
19.023544699905933 128.62341269841264 
21.327075964051218 98.93373015873014 
38.35087994841202 30.78174603174603 
34.79915671134424 35.73095238095238 
19.879915575079465 115.95317460317456 
31.682971827937504 45.2198412698413 
29.93243145960341 52.68015873015879 
33.800213576588106 42.3230158730159 
21.32361462806534 107.96666666666665 
23.7465146664589 90.32698412698414 
29.06016091122655 60.20912698412703 
24.85516350426593 76.36706349206355 
22.770775017037092 90.94722222222224 
27.18377394856666 68.3805555555556 
24.763641637571897 83.94444444444446 
28.517270438566545 66.15634920634926 
25.281735586138822 74.76309523809529 
20.897042546192456 109.57063492063493 
24.672813379464923 84.56468253968254 
28.93431431690075 60.92023809523814 

87.33879167875791 4.220634920634921 
17.8941469444402 176.045238095238 
48.605932073114694 10.965873015873015 
87.24759234102721 9.514682539682537 
18.73659929648245 153.98968253968235 
19.023544699905933 128.62341269841264 
38.666938828328924 25.373809523809513 
22.344202935164212 92.55119047619051 
29.93243145960341 52.68015873015879 
29.65041117844172 63.51904761904768 
38.35087994841202 30.78174603174603 
22.29935427748715 107.34642857142856 
34.79915671134424 35.73095238095238 
19.879915575079465 115.95317460317456 
23.7465146664589 90.32698412698414 
26.775892605101443 76.09484126984128 
34.76746878737731 43.07301587301588 
32.14132745841448 50.81111111111113 
27.18377394856666 68.3805555555556 
20.897042546192456 109.57063492063493 
24.763641637571897 83.94444444444446 
24.356453902693726 84.70158730158727 
32.84336363177622 47.432539682539726 
38.41937425641798 27.850793650793648 
28.517270438566545 66.15634920634926 
21.892166542608997 108.10357142857137 
33.87699666172884 46.017857142857146 
32.3082404313715 48.43888888888893 
27.274602206673627 67.76031746031752 

87.33879167875791 4.220634920634921 
17.8941469444402 176.045238095238 
48.605932073114694 10.965873015873015 
87.24759234102721 9.514682539682537 
18.73659929648245 153.98968253968235 
19.023544699905933 128.62341269841264 
38.666938828328924 25.373809523809513 
21.32361462806534 107.96666666666665 
22.344202935164212 92.55119047619051 
34.67818602782078 42.15793650793652 
19.879915575079465 115.95317460317456 
29.93243145960341 52.68015873015879 
34.79915671134424 35.73095238095238 
26.53356635290071 75.63730158730155 
29.72937229114273 60.87261904761914 
27.18377394856666 68.3805555555556 
24.85516350426593 76.36706349206355 
20.897042546192456 109.57063492063493 
38.35087994841202 30.78174603174603 
28.00458228817254 67.44761904761911 
32.05049920030752 51.431349206349225 
24.783025984566617 83.09761904761902 
22.770775017037092 90.94722222222224 
29.55958292033475 64.13928571428578 
34.761004894832624 36.69761904761906 
24.672813379464923 84.56468253968254 
32.71982874440218 47.24007936507942 
38.52985541821721 28.04325396825396 
32.18470554399747 48.24642857142862 

