1369.2476933487071 1023.4119047619054 
3075.9769849638824 130.7257936507935 
4507.042362256521 122.01547619047608 
1385.398359541187 1018.9206349206366 
1387.8818461226042 683.5027777777793 
2690.5957484102264 299.3619047619048 
4808.332300414445 72.69563492063493 
2509.6750110738208 312.50039682539705 
2316.714249921563 316.9912698412702 
4621.757054498918 77.34920634920631 
2543.330911690742 305.8650793650794 
4574.548674877481 118.1888888888888 
2150.846996629903 332.2976190476193 
4579.285816400356 79.37698412698408 
2244.589020093499 327.44007936507967 
2069.4107470708473 335.3206349206353 
2008.2212285033795 351.9678571428576 
1964.266166888152 360.8571428571434 
2028.5855275880733 342.03809523809565 
2292.7633650732796 324.3769841269845 
1813.229835784917 410.49285714285804 
1682.9131736641266 473.8142857142864 
1844.9065050030472 400.78531746031837 
1429.2991280286578 634.7861111111124 
1627.5014861194695 504.4246031746042 
1435.8438221152321 621.9535714285727 
1765.837017815771 430.99285714285793 
1659.6923101097955 482.3980158730166 
1870.0868907086415 388.0285714285723 
1406.1344062916692 660.7841269841284 
1751.8619359613956 439.3388888888895 
1776.2203844196174 420.92301587301665 
1945.7014567944839 368.63730158730215 
1605.0240057135256 515.3968253968263 
1424.130822636825 644.8746031746047 
1649.8366554198424 489.7785714285724 
1547.8071299728304 556.1095238095252 
1515.9503062833185 586.435317460319 
1539.7183175423172 562.8682539682553 
1414.4757714293298 653.194841269843 
1641.1757396523572 499.42857142857235 
1900.6628017094804 382.77380952381037 
1787.3225293345845 414.0821428571437 
1399.9627755126746 673.2305555555571 
1856.9932900819367 394.83452380952474 
1588.2189239102809 530.2043650793659 
1928.788399739763 373.8265873015879 
1696.895921420097 464.5706349206356 
1596.6210980579135 518.583730158731 
1555.5573316937646 545.5142857142869 
1742.6910866269386 447.5416666666673 
1524.0045532721888 573.4130952380966 
1507.461966976602 590.3198412698428 
1710.672405774594 461.97420634920695 
1913.3728668261924 379.30198412698485 
1444.0343606326153 613.0007936507952 
1457.762934137257 603.3329365079379 
1719.4853365910794 453.77380952381014 
1493.219851480487 597.2007936507952 
1531.4090320013388 572.5091269841283 
1562.5162803930677 540.8011904761917 
1394.108353787177 677.8087301587318 
1450.0622793111027 609.9472222222237 
1730.5569218110752 451.8353174603181 
1572.8154162350777 536.6436507936518 
1468.0738649037723 599.1265873015888 
1580.8262821183541 533.9523809523819 
1483.5159273411562 598.8587301587316 
4848.9318227050135 35.62698412698414 
4282.242833939345 122.6186507936506 

1524.0045532721888 573.4130952380966 
1515.9503062833185 586.435317460319 
1507.461966976602 590.3198412698428 
1493.219851480487 597.2007936507952 
1483.5159273411562 598.8587301587316 
1468.0738649037723 599.1265873015888 
1457.762934137257 603.3329365079379 
1450.0622793111027 609.9472222222237 
1444.0343606326153 613.0007936507952 
1435.8438221152321 621.9535714285727 
1429.2991280286578 634.7861111111124 
1424.130822636825 644.8746031746047 
1414.4757714293298 653.194841269843 
1406.1344062916692 660.7841269841284 
1399.9627755126746 673.2305555555571 
1394.108353787177 677.8087301587318 
1387.8818461226042 683.5027777777793 
2690.5957484102264 299.3619047619048 
2543.330911690742 305.8650793650794 
2509.6750110738208 312.50039682539705 
2316.714249921563 316.9912698412702 
2292.7633650732796 324.3769841269845 
2244.589020093499 327.44007936507967 
2150.846996629903 332.2976190476193 
2069.4107470708473 335.3206349206353 
2028.5855275880733 342.03809523809565 
2008.2212285033795 351.9678571428576 
1964.266166888152 360.8571428571434 
1945.7014567944839 368.63730158730215 
1928.788399739763 373.8265873015879 
1913.3728668261924 379.30198412698485 
1900.6628017094804 382.77380952381037 
1870.0868907086415 388.0285714285723 
1856.9932900819367 394.83452380952474 
1844.9065050030472 400.78531746031837 
1813.229835784917 410.49285714285804 
1787.3225293345845 414.0821428571437 
1776.2203844196174 420.92301587301665 
1765.837017815771 430.99285714285793 
1751.8619359613956 439.3388888888895 
1742.6910866269386 447.5416666666673 
1730.5569218110752 451.8353174603181 
1719.4853365910794 453.77380952381014 
1710.672405774594 461.97420634920695 
1696.895921420097 464.5706349206356 
1682.9131736641266 473.8142857142864 
1659.6923101097955 482.3980158730166 
1649.8366554198424 489.7785714285724 
1641.1757396523572 499.42857142857235 
1627.5014861194695 504.4246031746042 
1605.0240057135256 515.3968253968263 
1596.6210980579135 518.583730158731 
1588.2189239102809 530.2043650793659 
1580.8262821183541 533.9523809523819 
1572.8154162350777 536.6436507936518 
1562.5162803930677 540.8011904761917 
1555.5573316937646 545.5142857142869 
1547.8071299728304 556.1095238095252 
1385.398359541187 1018.9206349206366 
1369.2476933487071 1023.4119047619054 
3075.9769849638824 130.7257936507935 
1539.7183175423172 562.8682539682553 
1531.4090320013388 572.5091269841283 
4658.685763682355 80.02777777777779 
4577.465544825875 86.30595238095235 
4323.664431644981 103.43134920634921 
4706.13066448564 65.40873015873021 
4729.208178634046 33.676984126984124 

1369.2476933487071 1023.4119047619054 
3075.9769849638824 130.7257936507935 
4129.554518848403 129.67301587301574 
1385.398359541187 1018.9206349206366 
1387.8818461226042 683.5027777777793 
2690.5957484102264 299.3619047619048 
4303.628110871043 84.95277777777773 
4692.215756653193 62.87500000000002 
2509.6750110738208 312.50039682539705 
2316.714249921563 316.9912698412702 
2543.330911690742 305.8650793650794 
2150.846996629903 332.2976190476193 
2244.589020093499 327.44007936507967 
2069.4107470708473 335.3206349206353 
2008.2212285033795 351.9678571428576 
1964.266166888152 360.8571428571434 
2028.5855275880733 342.03809523809565 
2292.7633650732796 324.3769841269845 
1813.229835784917 410.49285714285804 
1682.9131736641266 473.8142857142864 
1844.9065050030472 400.78531746031837 
1429.2991280286578 634.7861111111124 
1627.5014861194695 504.4246031746042 
1435.8438221152321 621.9535714285727 
1765.837017815771 430.99285714285793 
1659.6923101097955 482.3980158730166 
1870.0868907086415 388.0285714285723 
1406.1344062916692 660.7841269841284 
1751.8619359613956 439.3388888888895 
1776.2203844196174 420.92301587301665 
1945.7014567944839 368.63730158730215 
1605.0240057135256 515.3968253968263 
1424.130822636825 644.8746031746047 
1649.8366554198424 489.7785714285724 
1547.8071299728304 556.1095238095252 
1515.9503062833185 586.435317460319 
1539.7183175423172 562.8682539682553 
1414.4757714293298 653.194841269843 
1641.1757396523572 499.42857142857235 
1900.6628017094804 382.77380952381037 
1787.3225293345845 414.0821428571437 
1399.9627755126746 673.2305555555571 
1856.9932900819367 394.83452380952474 
1588.2189239102809 530.2043650793659 
1928.788399739763 373.8265873015879 
1696.895921420097 464.5706349206356 
1596.6210980579135 518.583730158731 
1555.5573316937646 545.5142857142869 
1742.6910866269386 447.5416666666673 
1524.0045532721888 573.4130952380966 
1507.461966976602 590.3198412698428 
1710.672405774594 461.97420634920695 
1913.3728668261924 379.30198412698485 
1444.0343606326153 613.0007936507952 
1457.762934137257 603.3329365079379 
1719.4853365910794 453.77380952381014 
1493.219851480487 597.2007936507952 
1531.4090320013388 572.5091269841283 
1562.5162803930677 540.8011904761917 
1394.108353787177 677.8087301587318 
1450.0622793111027 609.9472222222237 
1730.5569218110752 451.8353174603181 
1572.8154162350777 536.6436507936518 
1468.0738649037723 599.1265873015888 
1580.8262821183541 533.9523809523819 
1483.5159273411562 598.8587301587316 
4788.726233362284 45.65952380952382 

4856.500132008192 45.65952380952382 
1369.2476933487071 1023.4119047619054 
3075.9769849638824 130.7257936507935 
4401.3585807602985 111.76785714285704 
1385.398359541187 1018.9206349206366 
1387.8818461226042 683.5027777777793 
2690.5957484102264 299.3619047619048 
2509.6750110738208 312.50039682539705 
2316.714249921563 316.9912698412702 
2543.330911690742 305.8650793650794 
2150.846996629903 332.2976190476193 
2244.589020093499 327.44007936507967 
2069.4107470708473 335.3206349206353 
4542.550661316113 109.55158730158718 
2008.2212285033795 351.9678571428576 
1964.266166888152 360.8571428571434 
2028.5855275880733 342.03809523809565 
2292.7633650732796 324.3769841269845 
1813.229835784917 410.49285714285804 
1682.9131736641266 473.8142857142864 
1844.9065050030472 400.78531746031837 
1429.2991280286578 634.7861111111124 
1627.5014861194695 504.4246031746042 
1435.8438221152321 621.9535714285727 
1765.837017815771 430.99285714285793 
1659.6923101097955 482.3980158730166 
1870.0868907086415 388.0285714285723 
1406.1344062916692 660.7841269841284 
1751.8619359613956 439.3388888888895 
1776.2203844196174 420.92301587301665 
1945.7014567944839 368.63730158730215 
1605.0240057135256 515.3968253968263 
1424.130822636825 644.8746031746047 
1649.8366554198424 489.7785714285724 
1547.8071299728304 556.1095238095252 
1515.9503062833185 586.435317460319 
4586.006783451339 108.26150793650788 
1539.7183175423172 562.8682539682553 
1414.4757714293298 653.194841269843 
1641.1757396523572 499.42857142857235 
1900.6628017094804 382.77380952381037 
1787.3225293345845 414.0821428571437 
1399.9627755126746 673.2305555555571 
1856.9932900819367 394.83452380952474 
1588.2189239102809 530.2043650793659 
1928.788399739763 373.8265873015879 
1696.895921420097 464.5706349206356 
1596.6210980579135 518.583730158731 
1555.5573316937646 545.5142857142869 
4717.170390411786 84.54404761904759 
1742.6910866269386 447.5416666666673 
1524.0045532721888 573.4130952380966 
1507.461966976602 590.3198412698428 
1710.672405774594 461.97420634920695 
1913.3728668261924 379.30198412698485 
1444.0343606326153 613.0007936507952 
1457.762934137257 603.3329365079379 
1719.4853365910794 453.77380952381014 
1493.219851480487 597.2007936507952 
1531.4090320013388 572.5091269841283 
1562.5162803930677 540.8011904761917 
1394.108353787177 677.8087301587318 
1450.0622793111027 609.9472222222237 
1730.5569218110752 451.8353174603181 
1572.8154162350777 536.6436507936518 
1468.0738649037723 599.1265873015888 
1580.8262821183541 533.9523809523819 
1483.5159273411562 598.8587301587316 
4708.3644916623825 90.58611111111102 
4682.315943970354 92.5551587301587 
4630.4785917728595 100.3761904761904 
4762.188698740396 72.53452380952382 
4106.764825230438 126.46190476190466 
4640.593155220863 98.44603174603168 

1369.2476933487071 1023.4119047619054 
3075.9769849638824 130.7257936507935 
4288.38161477884 82.38055555555553 
1385.398359541187 1018.9206349206366 
1387.8818461226042 683.5027777777793 
2690.5957484102264 299.3619047619048 
4677.161928782837 81.22738095238093 
2509.6750110738208 312.50039682539705 
2316.714249921563 316.9912698412702 
2543.330911690742 305.8650793650794 
2150.846996629903 332.2976190476193 
4692.215756653193 62.87500000000002 
2244.589020093499 327.44007936507967 
2069.4107470708473 335.3206349206353 
2008.2212285033795 351.9678571428576 
1964.266166888152 360.8571428571434 
2028.5855275880733 342.03809523809565 
4800.514877176391 56.89126984126986 
2292.7633650732796 324.3769841269845 
1813.229835784917 410.49285714285804 
1682.9131736641266 473.8142857142864 
1844.9065050030472 400.78531746031837 
4807.539006014302 54.26666666666668 
1429.2991280286578 634.7861111111124 
1627.5014861194695 504.4246031746042 
1435.8438221152321 621.9535714285727 
1765.837017815771 430.99285714285793 
1659.6923101097955 482.3980158730166 
1870.0868907086415 388.0285714285723 
1406.1344062916692 660.7841269841284 
1751.8619359613956 439.3388888888895 
1776.2203844196174 420.92301587301665 
1945.7014567944839 368.63730158730215 
1605.0240057135256 515.3968253968263 
1424.130822636825 644.8746031746047 
1649.8366554198424 489.7785714285724 
1547.8071299728304 556.1095238095252 
1515.9503062833185 586.435317460319 
1539.7183175423172 562.8682539682553 
1414.4757714293298 653.194841269843 
1641.1757396523572 499.42857142857235 
1900.6628017094804 382.77380952381037 
1787.3225293345845 414.0821428571437 
1399.9627755126746 673.2305555555571 
1856.9932900819367 394.83452380952474 
1588.2189239102809 530.2043650793659 
1928.788399739763 373.8265873015879 
1696.895921420097 464.5706349206356 
1596.6210980579135 518.583730158731 
1555.5573316937646 545.5142857142869 
1742.6910866269386 447.5416666666673 
1524.0045532721888 573.4130952380966 
1507.461966976602 590.3198412698428 
1710.672405774594 461.97420634920695 
1913.3728668261924 379.30198412698485 
1444.0343606326153 613.0007936507952 
1457.762934137257 603.3329365079379 
1719.4853365910794 453.77380952381014 
1493.219851480487 597.2007936507952 
1531.4090320013388 572.5091269841283 
1562.5162803930677 540.8011904761917 
1394.108353787177 677.8087301587318 
1450.0622793111027 609.9472222222237 
1730.5569218110752 451.8353174603181 
1572.8154162350777 536.6436507936518 
1468.0738649037723 599.1265873015888 
1580.8262821183541 533.9523809523819 
1483.5159273411562 598.8587301587316 
4848.9318227050135 35.62698412698414 

1369.2476933487071 1023.4119047619054 
4917.310868116194 38.93492063492064 
3075.9769849638824 130.7257936507935 
1385.398359541187 1018.9206349206366 
1387.8818461226042 683.5027777777793 
2690.5957484102264 299.3619047619048 
4018.243985660758 130.41984126984116 
4350.208602531465 98.63095238095232 
4203.909069333979 129.58134920634905 
4488.300510335572 82.53571428571428 
2509.6750110738208 312.50039682539705 
2316.714249921563 316.9912698412702 
4677.366737892317 81.140873015873 
2543.330911690742 305.8650793650794 
2150.846996629903 332.2976190476193 
4700.943828507572 69.95515873015873 
4776.0499367039465 54.09325396825398 
2244.589020093499 327.44007936507967 
2069.4107470708473 335.3206349206353 
2008.2212285033795 351.9678571428576 
1964.266166888152 360.8571428571434 
2028.5855275880733 342.03809523809565 
2292.7633650732796 324.3769841269845 
1813.229835784917 410.49285714285804 
1682.9131736641266 473.8142857142864 
1844.9065050030472 400.78531746031837 
1429.2991280286578 634.7861111111124 
1627.5014861194695 504.4246031746042 
1435.8438221152321 621.9535714285727 
1765.837017815771 430.99285714285793 
1659.6923101097955 482.3980158730166 
1870.0868907086415 388.0285714285723 
1406.1344062916692 660.7841269841284 
4856.500132008192 45.65952380952382 
1751.8619359613956 439.3388888888895 
1776.2203844196174 420.92301587301665 
1945.7014567944839 368.63730158730215 
1605.0240057135256 515.3968253968263 
1424.130822636825 644.8746031746047 
1649.8366554198424 489.7785714285724 
1547.8071299728304 556.1095238095252 
1515.9503062833185 586.435317460319 
1539.7183175423172 562.8682539682553 
1414.4757714293298 653.194841269843 
1641.1757396523572 499.42857142857235 
1900.6628017094804 382.77380952381037 
1787.3225293345845 414.0821428571437 
1399.9627755126746 673.2305555555571 
1588.2189239102809 530.2043650793659 
1856.9932900819367 394.83452380952474 
1928.788399739763 373.8265873015879 
1696.895921420097 464.5706349206356 
1596.6210980579135 518.583730158731 
1555.5573316937646 545.5142857142869 
4819.009610332573 52.225793650793655 
1742.6910866269386 447.5416666666673 
1524.0045532721888 573.4130952380966 
1507.461966976602 590.3198412698428 
1710.672405774594 461.97420634920695 
1913.3728668261924 379.30198412698485 
1444.0343606326153 613.0007936507952 
1457.762934137257 603.3329365079379 
1719.4853365910794 453.77380952381014 
1493.219851480487 597.2007936507952 
1531.4090320013388 572.5091269841283 
1562.5162803930677 540.8011904761917 
1394.108353787177 677.8087301587318 
1450.0622793111027 609.9472222222237 
1730.5569218110752 451.8353174603181 
1572.8154162350777 536.6436507936518 
1468.0738649037723 599.1265873015888 
1580.8262821183541 533.9523809523819 
1483.5159273411562 598.8587301587316 

1524.0045532721888 573.4130952380966 
1515.9503062833185 586.435317460319 
1507.461966976602 590.3198412698428 
1493.219851480487 597.2007936507952 
1483.5159273411562 598.8587301587316 
1468.0738649037723 599.1265873015888 
1457.762934137257 603.3329365079379 
1450.0622793111027 609.9472222222237 
1444.0343606326153 613.0007936507952 
1435.8438221152321 621.9535714285727 
1429.2991280286578 634.7861111111124 
1424.130822636825 644.8746031746047 
1414.4757714293298 653.194841269843 
1406.1344062916692 660.7841269841284 
1399.9627755126746 673.2305555555571 
1394.108353787177 677.8087301587318 
1387.8818461226042 683.5027777777793 
2690.5957484102264 299.3619047619048 
2543.330911690742 305.8650793650794 
2509.6750110738208 312.50039682539705 
2316.714249921563 316.9912698412702 
2292.7633650732796 324.3769841269845 
2244.589020093499 327.44007936507967 
2150.846996629903 332.2976190476193 
2069.4107470708473 335.3206349206353 
2028.5855275880733 342.03809523809565 
2008.2212285033795 351.9678571428576 
1964.266166888152 360.8571428571434 
1945.7014567944839 368.63730158730215 
1928.788399739763 373.8265873015879 
1913.3728668261924 379.30198412698485 
1900.6628017094804 382.77380952381037 
1870.0868907086415 388.0285714285723 
1856.9932900819367 394.83452380952474 
1844.9065050030472 400.78531746031837 
1813.229835784917 410.49285714285804 
1787.3225293345845 414.0821428571437 
1776.2203844196174 420.92301587301665 
1765.837017815771 430.99285714285793 
1751.8619359613956 439.3388888888895 
1742.6910866269386 447.5416666666673 
1730.5569218110752 451.8353174603181 
1719.4853365910794 453.77380952381014 
1710.672405774594 461.97420634920695 
1696.895921420097 464.5706349206356 
1682.9131736641266 473.8142857142864 
1659.6923101097955 482.3980158730166 
1649.8366554198424 489.7785714285724 
1641.1757396523572 499.42857142857235 
1627.5014861194695 504.4246031746042 
1605.0240057135256 515.3968253968263 
1596.6210980579135 518.583730158731 
1588.2189239102809 530.2043650793659 
1580.8262821183541 533.9523809523819 
1572.8154162350777 536.6436507936518 
1562.5162803930677 540.8011904761917 
1555.5573316937646 545.5142857142869 
1547.8071299728304 556.1095238095252 
1385.398359541187 1018.9206349206366 
1369.2476933487071 1023.4119047619054 
3075.9769849638824 130.7257936507935 
1539.7183175423172 562.8682539682553 
1531.4090320013388 572.5091269841283 
4401.3585807602985 111.76785714285704 
4517.118075258588 89.7325396825396 
4663.43136519003 19.617063492063494 
4507.158292032556 108.74365079365069 

1369.2476933487071 1023.4119047619054 
3075.9769849638824 130.7257936507935 
4261.255356612767 109.8472222222221 
1385.398359541187 1018.9206349206366 
1387.8818461226042 683.5027777777793 
2690.5957484102264 299.3619047619048 
4675.640971385626 80.93095238095239 
4303.628110871043 84.95277777777773 
2509.6750110738208 312.50039682539705 
4565.089194745772 81.3599206349206 
2316.714249921563 316.9912698412702 
2543.330911690742 305.8650793650794 
2150.846996629903 332.2976190476193 
2244.589020093499 327.44007936507967 
2069.4107470708473 335.3206349206353 
2008.2212285033795 351.9678571428576 
1964.266166888152 360.8571428571434 
2028.5855275880733 342.03809523809565 
2292.7633650732796 324.3769841269845 
1813.229835784917 410.49285714285804 
1682.9131736641266 473.8142857142864 
1844.9065050030472 400.78531746031837 
1429.2991280286578 634.7861111111124 
1627.5014861194695 504.4246031746042 
1435.8438221152321 621.9535714285727 
1765.837017815771 430.99285714285793 
1659.6923101097955 482.3980158730166 
1870.0868907086415 388.0285714285723 
1406.1344062916692 660.7841269841284 
1751.8619359613956 439.3388888888895 
1776.2203844196174 420.92301587301665 
1945.7014567944839 368.63730158730215 
1605.0240057135256 515.3968253968263 
1424.130822636825 644.8746031746047 
1649.8366554198424 489.7785714285724 
1547.8071299728304 556.1095238095252 
1515.9503062833185 586.435317460319 
1539.7183175423172 562.8682539682553 
1414.4757714293298 653.194841269843 
1641.1757396523572 499.42857142857235 
1900.6628017094804 382.77380952381037 
1787.3225293345845 414.0821428571437 
1399.9627755126746 673.2305555555571 
1856.9932900819367 394.83452380952474 
1588.2189239102809 530.2043650793659 
1928.788399739763 373.8265873015879 
1696.895921420097 464.5706349206356 
1596.6210980579135 518.583730158731 
1555.5573316937646 545.5142857142869 
1742.6910866269386 447.5416666666673 
1524.0045532721888 573.4130952380966 
1507.461966976602 590.3198412698428 
1710.672405774594 461.97420634920695 
1913.3728668261924 379.30198412698485 
1444.0343606326153 613.0007936507952 
1457.762934137257 603.3329365079379 
1719.4853365910794 453.77380952381014 
1493.219851480487 597.2007936507952 
1531.4090320013388 572.5091269841283 
1562.5162803930677 540.8011904761917 
1394.108353787177 677.8087301587318 
1450.0622793111027 609.9472222222237 
1730.5569218110752 451.8353174603181 
1572.8154162350777 536.6436507936518 
1468.0738649037723 599.1265873015888 
1580.8262821183541 533.9523809523819 
1483.5159273411562 598.8587301587316 
4799.361418500152 33.884523809523806 
4793.941562262382 48.62103174603177 
4719.682637732779 74.05079365079365 

1369.2476933487071 1023.4119047619054 
3075.9769849638824 130.7257936507935 
4214.999243422977 100.50595238095234 
1385.398359541187 1018.9206349206366 
1387.8818461226042 683.5027777777793 
2690.5957484102264 299.3619047619048 
2509.6750110738208 312.50039682539705 
2316.714249921563 316.9912698412702 
2543.330911690742 305.8650793650794 
4729.885551782889 52.800793650793665 
2150.846996629903 332.2976190476193 
2244.589020093499 327.44007936507967 
2069.4107470708473 335.3206349206353 
2008.2212285033795 351.9678571428576 
1964.266166888152 360.8571428571434 
2028.5855275880733 342.03809523809565 
2292.7633650732796 324.3769841269845 
1813.229835784917 410.49285714285804 
1682.9131736641266 473.8142857142864 
1844.9065050030472 400.78531746031837 
1429.2991280286578 634.7861111111124 
1627.5014861194695 504.4246031746042 
1435.8438221152321 621.9535714285727 
1765.837017815771 430.99285714285793 
1659.6923101097955 482.3980158730166 
1870.0868907086415 388.0285714285723 
1406.1344062916692 660.7841269841284 
1751.8619359613956 439.3388888888895 
1776.2203844196174 420.92301587301665 
1945.7014567944839 368.63730158730215 
1605.0240057135256 515.3968253968263 
1424.130822636825 644.8746031746047 
1649.8366554198424 489.7785714285724 
1547.8071299728304 556.1095238095252 
1515.9503062833185 586.435317460319 
1539.7183175423172 562.8682539682553 
1414.4757714293298 653.194841269843 
1641.1757396523572 499.42857142857235 
1900.6628017094804 382.77380952381037 
1787.3225293345845 414.0821428571437 
1399.9627755126746 673.2305555555571 
1856.9932900819367 394.83452380952474 
1588.2189239102809 530.2043650793659 
1928.788399739763 373.8265873015879 
1696.895921420097 464.5706349206356 
1596.6210980579135 518.583730158731 
1555.5573316937646 545.5142857142869 
1742.6910866269386 447.5416666666673 
1524.0045532721888 573.4130952380966 
1507.461966976602 590.3198412698428 
1710.672405774594 461.97420634920695 
1913.3728668261924 379.30198412698485 
1444.0343606326153 613.0007936507952 
1457.762934137257 603.3329365079379 
1719.4853365910794 453.77380952381014 
1493.219851480487 597.2007936507952 
1531.4090320013388 572.5091269841283 
1562.5162803930677 540.8011904761917 
1394.108353787177 677.8087301587318 
1450.0622793111027 609.9472222222237 
1730.5569218110752 451.8353174603181 
1572.8154162350777 536.6436507936518 
1468.0738649037723 599.1265873015888 
1580.8262821183541 533.9523809523819 
1483.5159273411562 598.8587301587316 
4848.9318227050135 35.62698412698414 
4644.1774860969035 55.823809523809544 
4906.538714028967 7.141269841269839 
4863.071251487269 33.22301587301588 
4512.2870731002995 67.8154761904762 

1369.2476933487071 1023.4119047619054 
3075.9769849638824 130.7257936507935 
1385.398359541187 1018.9206349206366 
1387.8818461226042 683.5027777777793 
2690.5957484102264 299.3619047619048 
3870.5849452434395 127.90793650793636 
4558.366063001787 84.36984126984122 
4213.3582488987895 88.00595238095234 
4012.9722728903585 90.97738095238088 
2509.6750110738208 312.50039682539705 
2316.714249921563 316.9912698412702 
2543.330911690742 305.8650793650794 
2150.846996629903 332.2976190476193 
2244.589020093499 327.44007936507967 
2069.4107470708473 335.3206349206353 
4620.847787870376 67.65198412698422 
2008.2212285033795 351.9678571428576 
4745.82567849294 66.4408730158731 
4616.975837501438 72.43928571428569 
1964.266166888152 360.8571428571434 
2028.5855275880733 342.03809523809565 
2292.7633650732796 324.3769841269845 
1813.229835784917 410.49285714285804 
1682.9131736641266 473.8142857142864 
1844.9065050030472 400.78531746031837 
1429.2991280286578 634.7861111111124 
1627.5014861194695 504.4246031746042 
1435.8438221152321 621.9535714285727 
1765.837017815771 430.99285714285793 
1659.6923101097955 482.3980158730166 
1870.0868907086415 388.0285714285723 
1406.1344062916692 660.7841269841284 
1751.8619359613956 439.3388888888895 
1776.2203844196174 420.92301587301665 
1945.7014567944839 368.63730158730215 
1605.0240057135256 515.3968253968263 
1424.130822636825 644.8746031746047 
1649.8366554198424 489.7785714285724 
1547.8071299728304 556.1095238095252 
1515.9503062833185 586.435317460319 
1539.7183175423172 562.8682539682553 
1414.4757714293298 653.194841269843 
1641.1757396523572 499.42857142857235 
1900.6628017094804 382.77380952381037 
1787.3225293345845 414.0821428571437 
1399.9627755126746 673.2305555555571 
1856.9932900819367 394.83452380952474 
1588.2189239102809 530.2043650793659 
1928.788399739763 373.8265873015879 
1696.895921420097 464.5706349206356 
1596.6210980579135 518.583730158731 
1555.5573316937646 545.5142857142869 
1742.6910866269386 447.5416666666673 
1524.0045532721888 573.4130952380966 
1507.461966976602 590.3198412698428 
1710.672405774594 461.97420634920695 
1913.3728668261924 379.30198412698485 
1444.0343606326153 613.0007936507952 
1457.762934137257 603.3329365079379 
1719.4853365910794 453.77380952381014 
1493.219851480487 597.2007936507952 
1531.4090320013388 572.5091269841283 
1562.5162803930677 540.8011904761917 
1394.108353787177 677.8087301587318 
1450.0622793111027 609.9472222222237 
1730.5569218110752 451.8353174603181 
1572.8154162350777 536.6436507936518 
1468.0738649037723 599.1265873015888 
1580.8262821183541 533.9523809523819 
1483.5159273411562 598.8587301587316 
4788.726233362284 45.65952380952382 
4828.280874143343 23.831746031746043 

1369.2476933487071 1023.4119047619054 
4893.267043180311 3.023015873015873 
3075.9769849638824 130.7257936507935 
1385.398359541187 1018.9206349206366 
1387.8818461226042 683.5027777777793 
2690.5957484102264 299.3619047619048 
3837.243247436465 128.10674603174587 
4704.329290415714 21.57936507936508 
3993.311419209196 110.56746031746022 
4125.148351094296 107.10238095238086 
4515.136209917804 35.30158730158731 
2509.6750110738208 312.50039682539705 
2316.714249921563 316.9912698412702 
4426.701070138439 80.20555555555555 
4258.631407610794 83.0353174603174 
4448.542319842161 64.1928571428572 
2543.330911690742 305.8650793650794 
4217.250237234608 90.14841269841264 
2150.846996629903 332.2976190476193 
2244.589020093499 327.44007936507967 
2069.4107470708473 335.3206349206353 
2008.2212285033795 351.9678571428576 
1964.266166888152 360.8571428571434 
2028.5855275880733 342.03809523809565 
2292.7633650732796 324.3769841269845 
1813.229835784917 410.49285714285804 
1682.9131736641266 473.8142857142864 
1844.9065050030472 400.78531746031837 
1627.5014861194695 504.4246031746042 
1429.2991280286578 634.7861111111124 
1435.8438221152321 621.9535714285727 
1659.6923101097955 482.3980158730166 
1765.837017815771 430.99285714285793 
1870.0868907086415 388.0285714285723 
1406.1344062916692 660.7841269841284 
1751.8619359613956 439.3388888888895 
1945.7014567944839 368.63730158730215 
1776.2203844196174 420.92301587301665 
1605.0240057135256 515.3968253968263 
1424.130822636825 644.8746031746047 
1649.8366554198424 489.7785714285724 
1547.8071299728304 556.1095238095252 
1515.9503062833185 586.435317460319 
1900.6628017094804 382.77380952381037 
1539.7183175423172 562.8682539682553 
1787.3225293345845 414.0821428571437 
1414.4757714293298 653.194841269843 
1641.1757396523572 499.42857142857235 
1399.9627755126746 673.2305555555571 
1856.9932900819367 394.83452380952474 
1928.788399739763 373.8265873015879 
1588.2189239102809 530.2043650793659 
1696.895921420097 464.5706349206356 
1596.6210980579135 518.583730158731 
1555.5573316937646 545.5142857142869 
1742.6910866269386 447.5416666666673 
1524.0045532721888 573.4130952380966 
1507.461966976602 590.3198412698428 
1710.672405774594 461.97420634920695 
1913.3728668261924 379.30198412698485 
1444.0343606326153 613.0007936507952 
1457.762934137257 603.3329365079379 
1719.4853365910794 453.77380952381014 
1493.219851480487 597.2007936507952 
1531.4090320013388 572.5091269841283 
1562.5162803930677 540.8011904761917 
1394.108353787177 677.8087301587318 
1450.0622793111027 609.9472222222237 
1730.5569218110752 451.8353174603181 
1572.8154162350777 536.6436507936518 
1468.0738649037723 599.1265873015888 
1580.8262821183541 533.9523809523819 
1483.5159273411562 598.8587301587316 

1369.2476933487071 1023.4119047619054 
4927.798294508121 30.9107142857143 
3075.9769849638824 130.7257936507935 
4388.97233875662 106.28015873015859 
1385.398359541187 1018.9206349206366 
1387.8818461226042 683.5027777777793 
2690.5957484102264 299.3619047619048 
4398.399880983871 58.594047619047636 
4705.35619825499 41.66984126984128 
2509.6750110738208 312.50039682539705 
2316.714249921563 316.9912698412702 
2543.330911690742 305.8650793650794 
2150.846996629903 332.2976190476193 
2244.589020093499 327.44007936507967 
4848.9318227050135 35.62698412698414 
2069.4107470708473 335.3206349206353 
2008.2212285033795 351.9678571428576 
1964.266166888152 360.8571428571434 
2028.5855275880733 342.03809523809565 
2292.7633650732796 324.3769841269845 
1813.229835784917 410.49285714285804 
1682.9131736641266 473.8142857142864 
1844.9065050030472 400.78531746031837 
1429.2991280286578 634.7861111111124 
1627.5014861194695 504.4246031746042 
1435.8438221152321 621.9535714285727 
1765.837017815771 430.99285714285793 
1659.6923101097955 482.3980158730166 
1870.0868907086415 388.0285714285723 
1406.1344062916692 660.7841269841284 
1751.8619359613956 439.3388888888895 
1776.2203844196174 420.92301587301665 
1945.7014567944839 368.63730158730215 
1605.0240057135256 515.3968253968263 
1424.130822636825 644.8746031746047 
1649.8366554198424 489.7785714285724 
1547.8071299728304 556.1095238095252 
1515.9503062833185 586.435317460319 
1539.7183175423172 562.8682539682553 
1414.4757714293298 653.194841269843 
1641.1757396523572 499.42857142857235 
1900.6628017094804 382.77380952381037 
1787.3225293345845 414.0821428571437 
1399.9627755126746 673.2305555555571 
1856.9932900819367 394.83452380952474 
1588.2189239102809 530.2043650793659 
1928.788399739763 373.8265873015879 
1696.895921420097 464.5706349206356 
1596.6210980579135 518.583730158731 
1555.5573316937646 545.5142857142869 
1742.6910866269386 447.5416666666673 
1524.0045532721888 573.4130952380966 
1507.461966976602 590.3198412698428 
1710.672405774594 461.97420634920695 
1913.3728668261924 379.30198412698485 
1444.0343606326153 613.0007936507952 
1457.762934137257 603.3329365079379 
1719.4853365910794 453.77380952381014 
4901.651177923217 31.666666666666675 
1493.219851480487 597.2007936507952 
1531.4090320013388 572.5091269841283 
1562.5162803930677 540.8011904761917 
1394.108353787177 677.8087301587318 
1450.0622793111027 609.9472222222237 
1730.5569218110752 451.8353174603181 
1572.8154162350777 536.6436507936518 
1468.0738649037723 599.1265873015888 
1580.8262821183541 533.9523809523819 
1483.5159273411562 598.8587301587316 

1369.2476933487071 1023.4119047619054 
4916.225925107299 18.240476190476187 
3075.9769849638824 130.7257936507935 
4154.146844823135 98.72222222222219 
1385.398359541187 1018.9206349206366 
1387.8818461226042 683.5027777777793 
2690.5957484102264 299.3619047619048 
4234.541145325154 87.29880952380948 
2509.6750110738208 312.50039682539705 
2316.714249921563 316.9912698412702 
4452.000611010211 76.56468253968256 
4605.714041266573 53.76825396825399 
4541.293160999564 65.02619047619054 
2543.330911690742 305.8650793650794 
2150.846996629903 332.2976190476193 
2244.589020093499 327.44007936507967 
2069.4107470708473 335.3206349206353 
4812.179550537116 36.89126984126986 
4724.998529128978 49.77857142857144 
2008.2212285033795 351.9678571428576 
4756.782890192043 48.148015873015886 
1964.266166888152 360.8571428571434 
2028.5855275880733 342.03809523809565 
4858.867249758241 25.604761904761904 
2292.7633650732796 324.3769841269845 
1813.229835784917 410.49285714285804 
1682.9131736641266 473.8142857142864 
1844.9065050030472 400.78531746031837 
1429.2991280286578 634.7861111111124 
1627.5014861194695 504.4246031746042 
1435.8438221152321 621.9535714285727 
1659.6923101097955 482.3980158730166 
1765.837017815771 430.99285714285793 
4834.4863567925495 26.720238095238106 
1870.0868907086415 388.0285714285723 
1406.1344062916692 660.7841269841284 
1751.8619359613956 439.3388888888895 
1945.7014567944839 368.63730158730215 
1776.2203844196174 420.92301587301665 
1605.0240057135256 515.3968253968263 
1424.130822636825 644.8746031746047 
1649.8366554198424 489.7785714285724 
1547.8071299728304 556.1095238095252 
1515.9503062833185 586.435317460319 
1539.7183175423172 562.8682539682553 
1414.4757714293298 653.194841269843 
1900.6628017094804 382.77380952381037 
1641.1757396523572 499.42857142857235 
1787.3225293345845 414.0821428571437 
1399.9627755126746 673.2305555555571 
1856.9932900819367 394.83452380952474 
1588.2189239102809 530.2043650793659 
1928.788399739763 373.8265873015879 
1696.895921420097 464.5706349206356 
1596.6210980579135 518.583730158731 
1555.5573316937646 545.5142857142869 
1742.6910866269386 447.5416666666673 
1524.0045532721888 573.4130952380966 
1507.461966976602 590.3198412698428 
1710.672405774594 461.97420634920695 
1913.3728668261924 379.30198412698485 
1444.0343606326153 613.0007936507952 
1457.762934137257 603.3329365079379 
1719.4853365910794 453.77380952381014 
1493.219851480487 597.2007936507952 
1531.4090320013388 572.5091269841283 
1562.5162803930677 540.8011904761917 
1394.108353787177 677.8087301587318 
1450.0622793111027 609.9472222222237 
1730.5569218110752 451.8353174603181 
1572.8154162350777 536.6436507936518 
1468.0738649037723 599.1265873015888 
1580.8262821183541 533.9523809523819 
4729.612109101906 48.910714285714306 
1483.5159273411562 598.8587301587316 

1369.2476933487071 1023.4119047619054 
3075.9769849638824 130.7257936507935 
4421.728155592684 91.69523809523807 
1385.398359541187 1018.9206349206366 
1387.8818461226042 683.5027777777793 
2690.5957484102264 299.3619047619048 
2509.6750110738208 312.50039682539705 
2316.714249921563 316.9912698412702 
2543.330911690742 305.8650793650794 
2150.846996629903 332.2976190476193 
4621.757054498918 77.34920634920631 
4729.885551782889 52.800793650793665 
2244.589020093499 327.44007936507967 
2069.4107470708473 335.3206349206353 
2008.2212285033795 351.9678571428576 
1964.266166888152 360.8571428571434 
2028.5855275880733 342.03809523809565 
4686.416926729569 62.43452380952383 
2292.7633650732796 324.3769841269845 
1813.229835784917 410.49285714285804 
1682.9131736641266 473.8142857142864 
1844.9065050030472 400.78531746031837 
1429.2991280286578 634.7861111111124 
1627.5014861194695 504.4246031746042 
1435.8438221152321 621.9535714285727 
1765.837017815771 430.99285714285793 
1659.6923101097955 482.3980158730166 
1870.0868907086415 388.0285714285723 
1406.1344062916692 660.7841269841284 
1751.8619359613956 439.3388888888895 
1776.2203844196174 420.92301587301665 
1945.7014567944839 368.63730158730215 
1605.0240057135256 515.3968253968263 
1424.130822636825 644.8746031746047 
1649.8366554198424 489.7785714285724 
1547.8071299728304 556.1095238095252 
1515.9503062833185 586.435317460319 
1539.7183175423172 562.8682539682553 
1414.4757714293298 653.194841269843 
1641.1757396523572 499.42857142857235 
1900.6628017094804 382.77380952381037 
1787.3225293345845 414.0821428571437 
1399.9627755126746 673.2305555555571 
1856.9932900819367 394.83452380952474 
1588.2189239102809 530.2043650793659 
1928.788399739763 373.8265873015879 
1696.895921420097 464.5706349206356 
1596.6210980579135 518.583730158731 
1555.5573316937646 545.5142857142869 
1742.6910866269386 447.5416666666673 
1524.0045532721888 573.4130952380966 
1507.461966976602 590.3198412698428 
1710.672405774594 461.97420634920695 
1913.3728668261924 379.30198412698485 
1444.0343606326153 613.0007936507952 
1457.762934137257 603.3329365079379 
1719.4853365910794 453.77380952381014 
1493.219851480487 597.2007936507952 
1531.4090320013388 572.5091269841283 
1562.5162803930677 540.8011904761917 
1394.108353787177 677.8087301587318 
1450.0622793111027 609.9472222222237 
1730.5569218110752 451.8353174603181 
1572.8154162350777 536.6436507936518 
1468.0738649037723 599.1265873015888 
1580.8262821183541 533.9523809523819 
1483.5159273411562 598.8587301587316 
4782.121895257226 38.66349206349208 
4766.870399298873 50.55000000000001 
4622.1457435281345 63.585714285714296 
4538.057618896874 91.12023809523807 
4539.024185571106 85.9285714285714 
4342.511632050809 117.51746031746016 

1524.0045532721888 573.4130952380966 
1515.9503062833185 586.435317460319 
1507.461966976602 590.3198412698428 
1493.219851480487 597.2007936507952 
1483.5159273411562 598.8587301587316 
1468.0738649037723 599.1265873015888 
1457.762934137257 603.3329365079379 
1450.0622793111027 609.9472222222237 
1444.0343606326153 613.0007936507952 
1435.8438221152321 621.9535714285727 
1429.2991280286578 634.7861111111124 
1424.130822636825 644.8746031746047 
1414.4757714293298 653.194841269843 
1406.1344062916692 660.7841269841284 
1399.9627755126746 673.2305555555571 
1394.108353787177 677.8087301587318 
1387.8818461226042 683.5027777777793 
2690.5957484102264 299.3619047619048 
2543.330911690742 305.8650793650794 
2509.6750110738208 312.50039682539705 
2316.714249921563 316.9912698412702 
2292.7633650732796 324.3769841269845 
2244.589020093499 327.44007936507967 
2150.846996629903 332.2976190476193 
2069.4107470708473 335.3206349206353 
2028.5855275880733 342.03809523809565 
2008.2212285033795 351.9678571428576 
1964.266166888152 360.8571428571434 
1945.7014567944839 368.63730158730215 
1928.788399739763 373.8265873015879 
1913.3728668261924 379.30198412698485 
1900.6628017094804 382.77380952381037 
1870.0868907086415 388.0285714285723 
1856.9932900819367 394.83452380952474 
1844.9065050030472 400.78531746031837 
1813.229835784917 410.49285714285804 
1787.3225293345845 414.0821428571437 
1776.2203844196174 420.92301587301665 
1765.837017815771 430.99285714285793 
1751.8619359613956 439.3388888888895 
1742.6910866269386 447.5416666666673 
1730.5569218110752 451.8353174603181 
1719.4853365910794 453.77380952381014 
1710.672405774594 461.97420634920695 
1696.895921420097 464.5706349206356 
1682.9131736641266 473.8142857142864 
1659.6923101097955 482.3980158730166 
1649.8366554198424 489.7785714285724 
1641.1757396523572 499.42857142857235 
1627.5014861194695 504.4246031746042 
1605.0240057135256 515.3968253968263 
1596.6210980579135 518.583730158731 
1588.2189239102809 530.2043650793659 
1580.8262821183541 533.9523809523819 
1572.8154162350777 536.6436507936518 
1562.5162803930677 540.8011904761917 
1555.5573316937646 545.5142857142869 
1547.8071299728304 556.1095238095252 
1385.398359541187 1018.9206349206366 
1369.2476933487071 1023.4119047619054 
3075.9769849638824 130.7257936507935 
1539.7183175423172 562.8682539682553 
1531.4090320013388 572.5091269841283 
4101.305233947801 128.18055555555551 
4584.063538662675 45.225000000000044 
4513.385692860658 75.56587301587307 
4297.4360530689955 122.19325396825384 

1369.2476933487071 1023.4119047619054 
4905.390168238651 26.875 
3075.9769849638824 130.7257936507935 
4032.5304908583894 121.73174603174591 
1385.398359541187 1018.9206349206366 
1387.8818461226042 683.5027777777793 
2690.5957484102264 299.3619047619048 
4372.487669204602 112.40158730158723 
4503.881951850961 84.91865079365077 
2509.6750110738208 312.50039682539705 
2316.714249921563 316.9912698412702 
2543.330911690742 305.8650793650794 
2150.846996629903 332.2976190476193 
4755.030401411622 60.8214285714286 
2244.589020093499 327.44007936507967 
4849.168932441008 45.00396825396825 
2069.4107470708473 335.3206349206353 
2008.2212285033795 351.9678571428576 
1964.266166888152 360.8571428571434 
2028.5855275880733 342.03809523809565 
2292.7633650732796 324.3769841269845 
1813.229835784917 410.49285714285804 
1682.9131736641266 473.8142857142864 
1844.9065050030472 400.78531746031837 
1429.2991280286578 634.7861111111124 
1627.5014861194695 504.4246031746042 
1435.8438221152321 621.9535714285727 
1659.6923101097955 482.3980158730166 
1765.837017815771 430.99285714285793 
1870.0868907086415 388.0285714285723 
1406.1344062916692 660.7841269841284 
4810.753924165701 47.526984126984146 
1751.8619359613956 439.3388888888895 
1945.7014567944839 368.63730158730215 
1776.2203844196174 420.92301587301665 
1605.0240057135256 515.3968253968263 
1424.130822636825 644.8746031746047 
1649.8366554198424 489.7785714285724 
1547.8071299728304 556.1095238095252 
1515.9503062833185 586.435317460319 
1539.7183175423172 562.8682539682553 
1414.4757714293298 653.194841269843 
1641.1757396523572 499.42857142857235 
1900.6628017094804 382.77380952381037 
1787.3225293345845 414.0821428571437 
1399.9627755126746 673.2305555555571 
1856.9932900819367 394.83452380952474 
1588.2189239102809 530.2043650793659 
1928.788399739763 373.8265873015879 
1696.895921420097 464.5706349206356 
1596.6210980579135 518.583730158731 
1555.5573316937646 545.5142857142869 
1742.6910866269386 447.5416666666673 
1524.0045532721888 573.4130952380966 
1507.461966976602 590.3198412698428 
1710.672405774594 461.97420634920695 
1913.3728668261924 379.30198412698485 
1444.0343606326153 613.0007936507952 
1457.762934137257 603.3329365079379 
1719.4853365910794 453.77380952381014 
1493.219851480487 597.2007936507952 
1531.4090320013388 572.5091269841283 
1562.5162803930677 540.8011904761917 
1394.108353787177 677.8087301587318 
1450.0622793111027 609.9472222222237 
1730.5569218110752 451.8353174603181 
1572.8154162350777 536.6436507936518 
1468.0738649037723 599.1265873015888 
1580.8262821183541 533.9523809523819 
1483.5159273411562 598.8587301587316 
4697.640619394371 64.18214285714289 
4685.60010708047 71.37936507936507 

1369.2476933487071 1023.4119047619054 
4907.319782582055 8.410317460317458 
3075.9769849638824 130.7257936507935 
1385.398359541187 1018.9206349206366 
1387.8818461226042 683.5027777777793 
2690.5957484102264 299.3619047619048 
4788.726233362284 45.65952380952382 
4564.479590336202 94.29682539682531 
2509.6750110738208 312.50039682539705 
2316.714249921563 316.9912698412702 
4485.637064137598 105.28492063492058 
2543.330911690742 305.8650793650794 
2150.846996629903 332.2976190476193 
2244.589020093499 327.44007936507967 
2069.4107470708473 335.3206349206353 
2008.2212285033795 351.9678571428576 
1964.266166888152 360.8571428571434 
2028.5855275880733 342.03809523809565 
2292.7633650732796 324.3769841269845 
1813.229835784917 410.49285714285804 
1682.9131736641266 473.8142857142864 
1844.9065050030472 400.78531746031837 
1627.5014861194695 504.4246031746042 
1429.2991280286578 634.7861111111124 
1435.8438221152321 621.9535714285727 
1659.6923101097955 482.3980158730166 
1765.837017815771 430.99285714285793 
1870.0868907086415 388.0285714285723 
1406.1344062916692 660.7841269841284 
4788.509088808249 62.28928571428575 
1751.8619359613956 439.3388888888895 
1945.7014567944839 368.63730158730215 
1776.2203844196174 420.92301587301665 
1605.0240057135256 515.3968253968263 
1424.130822636825 644.8746031746047 
1649.8366554198424 489.7785714285724 
1547.8071299728304 556.1095238095252 
1515.9503062833185 586.435317460319 
1900.6628017094804 382.77380952381037 
1539.7183175423172 562.8682539682553 
1414.4757714293298 653.194841269843 
1641.1757396523572 499.42857142857235 
1787.3225293345845 414.0821428571437 
1399.9627755126746 673.2305555555571 
1856.9932900819367 394.83452380952474 
1928.788399739763 373.8265873015879 
1588.2189239102809 530.2043650793659 
1696.895921420097 464.5706349206356 
1596.6210980579135 518.583730158731 
1555.5573316937646 545.5142857142869 
1742.6910866269386 447.5416666666673 
1524.0045532721888 573.4130952380966 
1507.461966976602 590.3198412698428 
1710.672405774594 461.97420634920695 
1913.3728668261924 379.30198412698485 
1444.0343606326153 613.0007936507952 
1457.762934137257 603.3329365079379 
1719.4853365910794 453.77380952381014 
1493.219851480487 597.2007936507952 
1531.4090320013388 572.5091269841283 
1562.5162803930677 540.8011904761917 
1394.108353787177 677.8087301587318 
1450.0622793111027 609.9472222222237 
1730.5569218110752 451.8353174603181 
1572.8154162350777 536.6436507936518 
1468.0738649037723 599.1265873015888 
1580.8262821183541 533.9523809523819 
1483.5159273411562 598.8587301587316 
4630.583856997327 71.06666666666668 
4285.746518202991 120.16428571428564 
4472.57777582496 116.14365079365074 

1369.2476933487071 1023.4119047619054 
3075.9769849638824 130.7257936507935 
4421.728155592684 91.69523809523807 
1385.398359541187 1018.9206349206366 
1387.8818461226042 683.5027777777793 
2690.5957484102264 299.3619047619048 
4689.424492298091 58.32222222222225 
2509.6750110738208 312.50039682539705 
2316.714249921563 316.9912698412702 
2543.330911690742 305.8650793650794 
2150.846996629903 332.2976190476193 
2244.589020093499 327.44007936507967 
2069.4107470708473 335.3206349206353 
2008.2212285033795 351.9678571428576 
1964.266166888152 360.8571428571434 
2028.5855275880733 342.03809523809565 
2292.7633650732796 324.3769841269845 
1813.229835784917 410.49285714285804 
1682.9131736641266 473.8142857142864 
1844.9065050030472 400.78531746031837 
4729.885551782889 52.800793650793665 
1429.2991280286578 634.7861111111124 
1627.5014861194695 504.4246031746042 
1435.8438221152321 621.9535714285727 
1765.837017815771 430.99285714285793 
1659.6923101097955 482.3980158730166 
1870.0868907086415 388.0285714285723 
1406.1344062916692 660.7841269841284 
1751.8619359613956 439.3388888888895 
1776.2203844196174 420.92301587301665 
1945.7014567944839 368.63730158730215 
1605.0240057135256 515.3968253968263 
1424.130822636825 644.8746031746047 
1649.8366554198424 489.7785714285724 
1547.8071299728304 556.1095238095252 
1515.9503062833185 586.435317460319 
1539.7183175423172 562.8682539682553 
1414.4757714293298 653.194841269843 
1641.1757396523572 499.42857142857235 
1900.6628017094804 382.77380952381037 
1787.3225293345845 414.0821428571437 
1399.9627755126746 673.2305555555571 
1856.9932900819367 394.83452380952474 
1588.2189239102809 530.2043650793659 
1928.788399739763 373.8265873015879 
1696.895921420097 464.5706349206356 
1596.6210980579135 518.583730158731 
1555.5573316937646 545.5142857142869 
1742.6910866269386 447.5416666666673 
1524.0045532721888 573.4130952380966 
1507.461966976602 590.3198412698428 
1710.672405774594 461.97420634920695 
1913.3728668261924 379.30198412698485 
1444.0343606326153 613.0007936507952 
1457.762934137257 603.3329365079379 
1719.4853365910794 453.77380952381014 
1493.219851480487 597.2007936507952 
1531.4090320013388 572.5091269841283 
1562.5162803930677 540.8011904761917 
1394.108353787177 677.8087301587318 
1450.0622793111027 609.9472222222237 
1730.5569218110752 451.8353174603181 
1572.8154162350777 536.6436507936518 
1468.0738649037723 599.1265873015888 
1580.8262821183541 533.9523809523819 
1483.5159273411562 598.8587301587316 
4788.726233362284 45.65952380952382 
4629.896300990053 84.86706349206344 

1393.6328586540758 981.8019841269859 
1385.398359541187 1018.9206349206366 
1369.2476933487071 1023.4119047619054 
3075.9769849638824 130.7257936507935 
1539.7183175423172 562.8682539682553 
1524.0045532721888 573.4130952380966 
1507.461966976602 590.3198412698428 
1500.9152559525498 597.2007936507952 
1475.2635819670493 599.1265873015888 
1450.0622793111027 609.9472222222237 
1435.8438221152321 621.9535714285727 
1424.130822636825 644.8746031746047 
1406.1344062916692 660.7841269841284 
1399.9627755126746 673.2305555555571 
2737.3046742703423 299.3619047619048 
2543.330911690742 305.8650793650794 
2316.714249921563 316.9912698412702 
2292.7633650732796 324.3769841269845 
2150.846996629903 332.2976190476193 
2099.0779048455624 335.3206349206353 
2028.5855275880733 342.03809523809565 
1987.2822096430532 360.8571428571434 
1945.7014567944839 368.63730158730215 
1928.788399739763 373.8265873015879 
1913.3728668261924 379.30198412698485 
1900.6628017094804 382.77380952381037 
1885.606492774939 388.0285714285723 
1719.4853365910794 453.77380952381014 
1696.895921420097 464.5706349206356 
1659.6923101097955 482.3980158730166 
1641.1757396523572 499.42857142857235 
1627.5014861194695 504.4246031746042 
1605.0240057135256 515.3968253968263 
1596.6210980579135 518.583730158731 
1580.8262821183541 533.9523809523819 
1572.8154162350777 536.6436507936518 
1555.5573316937646 545.5142857142869 
1547.8071299728304 556.1095238095252 
1531.4090320013388 572.5091269841283 
4422.955418601709 101.08809523809518 
4689.424492298091 58.32222222222225 
4566.4320321616915 96.88015873015867 
4667.619877183654 78.67658730158728 
4749.921548924542 57.055555555555586 
4776.248565206994 48.276190476190514 

1369.2476933487071 1023.4119047619054 
4848.9318227050135 35.62698412698414 
3075.9769849638824 130.7257936507935 
4204.690705985852 90.9333333333333 
1385.398359541187 1018.9206349206366 
1387.8818461226042 683.5027777777793 
2690.5957484102264 299.3619047619048 
4646.811651895651 74.75595238095237 
4729.885551782889 52.800793650793665 
2509.6750110738208 312.50039682539705 
2316.714249921563 316.9912698412702 
2543.330911690742 305.8650793650794 
2150.846996629903 332.2976190476193 
2244.589020093499 327.44007936507967 
2069.4107470708473 335.3206349206353 
2008.2212285033795 351.9678571428576 
1964.266166888152 360.8571428571434 
2028.5855275880733 342.03809523809565 
2292.7633650732796 324.3769841269845 
1813.229835784917 410.49285714285804 
1682.9131736641266 473.8142857142864 
1844.9065050030472 400.78531746031837 
1429.2991280286578 634.7861111111124 
1627.5014861194695 504.4246031746042 
1435.8438221152321 621.9535714285727 
1659.6923101097955 482.3980158730166 
1765.837017815771 430.99285714285793 
1870.0868907086415 388.0285714285723 
1406.1344062916692 660.7841269841284 
1751.8619359613956 439.3388888888895 
1945.7014567944839 368.63730158730215 
1776.2203844196174 420.92301587301665 
1605.0240057135256 515.3968253968263 
1424.130822636825 644.8746031746047 
1649.8366554198424 489.7785714285724 
1547.8071299728304 556.1095238095252 
1515.9503062833185 586.435317460319 
1539.7183175423172 562.8682539682553 
1414.4757714293298 653.194841269843 
1900.6628017094804 382.77380952381037 
1641.1757396523572 499.42857142857235 
1787.3225293345845 414.0821428571437 
1399.9627755126746 673.2305555555571 
1856.9932900819367 394.83452380952474 
1588.2189239102809 530.2043650793659 
1928.788399739763 373.8265873015879 
1696.895921420097 464.5706349206356 
1596.6210980579135 518.583730158731 
1555.5573316937646 545.5142857142869 
1742.6910866269386 447.5416666666673 
1524.0045532721888 573.4130952380966 
1507.461966976602 590.3198412698428 
1710.672405774594 461.97420634920695 
1913.3728668261924 379.30198412698485 
1444.0343606326153 613.0007936507952 
1457.762934137257 603.3329365079379 
1719.4853365910794 453.77380952381014 
1493.219851480487 597.2007936507952 
1531.4090320013388 572.5091269841283 
1562.5162803930677 540.8011904761917 
1394.108353787177 677.8087301587318 
1450.0622793111027 609.9472222222237 
1730.5569218110752 451.8353174603181 
1572.8154162350777 536.6436507936518 
1468.0738649037723 599.1265873015888 
1580.8262821183541 533.9523809523819 
1483.5159273411562 598.8587301587316 

1369.2476933487071 1023.4119047619054 
4848.9318227050135 35.62698412698414 
3075.9769849638824 130.7257936507935 
4182.035784068282 129.9642857142856 
1385.398359541187 1018.9206349206366 
1387.8818461226042 683.5027777777793 
2690.5957484102264 299.3619047619048 
4258.272280671008 86.00119047619042 
4561.824338736222 66.95079365079366 
2509.6750110738208 312.50039682539705 
2316.714249921563 316.9912698412702 
2543.330911690742 305.8650793650794 
2150.846996629903 332.2976190476193 
2244.589020093499 327.44007936507967 
2069.4107470708473 335.3206349206353 
2008.2212285033795 351.9678571428576 
1964.266166888152 360.8571428571434 
2028.5855275880733 342.03809523809565 
4732.703854660565 54.307539682539684 
2292.7633650732796 324.3769841269845 
4796.943426351512 48.09761904761906 
4661.101610657299 60.740873015873035 
1813.229835784917 410.49285714285804 
1682.9131736641266 473.8142857142864 
1844.9065050030472 400.78531746031837 
1429.2991280286578 634.7861111111124 
1627.5014861194695 504.4246031746042 
1435.8438221152321 621.9535714285727 
1659.6923101097955 482.3980158730166 
1765.837017815771 430.99285714285793 
1870.0868907086415 388.0285714285723 
1406.1344062916692 660.7841269841284 
1751.8619359613956 439.3388888888895 
1945.7014567944839 368.63730158730215 
1776.2203844196174 420.92301587301665 
1605.0240057135256 515.3968253968263 
1424.130822636825 644.8746031746047 
1649.8366554198424 489.7785714285724 
1547.8071299728304 556.1095238095252 
1515.9503062833185 586.435317460319 
1539.7183175423172 562.8682539682553 
1414.4757714293298 653.194841269843 
1900.6628017094804 382.77380952381037 
1641.1757396523572 499.42857142857235 
1787.3225293345845 414.0821428571437 
1399.9627755126746 673.2305555555571 
1856.9932900819367 394.83452380952474 
1588.2189239102809 530.2043650793659 
1928.788399739763 373.8265873015879 
1696.895921420097 464.5706349206356 
1596.6210980579135 518.583730158731 
1555.5573316937646 545.5142857142869 
1742.6910866269386 447.5416666666673 
1524.0045532721888 573.4130952380966 
1507.461966976602 590.3198412698428 
1710.672405774594 461.97420634920695 
1913.3728668261924 379.30198412698485 
4708.680551215662 56.10912698412699 
1444.0343606326153 613.0007936507952 
1457.762934137257 603.3329365079379 
1719.4853365910794 453.77380952381014 
1493.219851480487 597.2007936507952 
1531.4090320013388 572.5091269841283 
1562.5162803930677 540.8011904761917 
1394.108353787177 677.8087301587318 
1450.0622793111027 609.9472222222237 
1730.5569218110752 451.8353174603181 
1572.8154162350777 536.6436507936518 
1468.0738649037723 599.1265873015888 
1580.8262821183541 533.9523809523819 
4689.424492298091 58.32222222222225 
1483.5159273411562 598.8587301587316 

1524.0045532721888 573.4130952380966 
1515.9503062833185 586.435317460319 
1507.461966976602 590.3198412698428 
1493.219851480487 597.2007936507952 
1483.5159273411562 598.8587301587316 
1468.0738649037723 599.1265873015888 
1457.762934137257 603.3329365079379 
1450.0622793111027 609.9472222222237 
1444.0343606326153 613.0007936507952 
1435.8438221152321 621.9535714285727 
1429.2991280286578 634.7861111111124 
1424.130822636825 644.8746031746047 
1414.4757714293298 653.194841269843 
1406.1344062916692 660.7841269841284 
1399.9627755126746 673.2305555555571 
1394.108353787177 677.8087301587318 
1387.8818461226042 683.5027777777793 
4856.500132008192 45.65952380952382 
2690.5957484102264 299.3619047619048 
2543.330911690742 305.8650793650794 
2509.6750110738208 312.50039682539705 
2316.714249921563 316.9912698412702 
2292.7633650732796 324.3769841269845 
2244.589020093499 327.44007936507967 
2150.846996629903 332.2976190476193 
2069.4107470708473 335.3206349206353 
2028.5855275880733 342.03809523809565 
2008.2212285033795 351.9678571428576 
1964.266166888152 360.8571428571434 
1945.7014567944839 368.63730158730215 
1928.788399739763 373.8265873015879 
1913.3728668261924 379.30198412698485 
1900.6628017094804 382.77380952381037 
1870.0868907086415 388.0285714285723 
1856.9932900819367 394.83452380952474 
1844.9065050030472 400.78531746031837 
1813.229835784917 410.49285714285804 
1787.3225293345845 414.0821428571437 
1776.2203844196174 420.92301587301665 
1765.837017815771 430.99285714285793 
1751.8619359613956 439.3388888888895 
1742.6910866269386 447.5416666666673 
1730.5569218110752 451.8353174603181 
1719.4853365910794 453.77380952381014 
1710.672405774594 461.97420634920695 
1696.895921420097 464.5706349206356 
1682.9131736641266 473.8142857142864 
1659.6923101097955 482.3980158730166 
1649.8366554198424 489.7785714285724 
1641.1757396523572 499.42857142857235 
1627.5014861194695 504.4246031746042 
1605.0240057135256 515.3968253968263 
1596.6210980579135 518.583730158731 
1588.2189239102809 530.2043650793659 
1580.8262821183541 533.9523809523819 
1572.8154162350777 536.6436507936518 
1562.5162803930677 540.8011904761917 
1555.5573316937646 545.5142857142869 
1547.8071299728304 556.1095238095252 
1385.398359541187 1018.9206349206366 
1369.2476933487071 1023.4119047619054 
3075.9769849638824 130.7257936507935 
1539.7183175423172 562.8682539682553 
1531.4090320013388 572.5091269841283 
4303.628110871043 84.95277777777773 
4278.171996694506 129.61587301587286 
4673.874109623142 73.27579365079362 
4824.809510542054 59.292857142857144 
4707.915260275888 64.80476190476193 
4916.132726933306 39.31349206349208 

4856.500132008192 45.65952380952382 
1369.2476933487071 1023.4119047619054 
3075.9769849638824 130.7257936507935 
4346.861560285515 126.98015873015862 
1385.398359541187 1018.9206349206366 
1387.8818461226042 683.5027777777793 
2690.5957484102264 299.3619047619048 
2509.6750110738208 312.50039682539705 
2316.714249921563 316.9912698412702 
2543.330911690742 305.8650793650794 
2150.846996629903 332.2976190476193 
4762.944099442062 82.67658730158729 
2244.589020093499 327.44007936507967 
4639.458935168021 93.11071428571422 
2069.4107470708473 335.3206349206353 
4554.73604508478 104.14246031746023 
4488.698772615358 122.3813492063491 
2008.2212285033795 351.9678571428576 
4461.507101420742 126.66071428571418 
1964.266166888152 360.8571428571434 
2028.5855275880733 342.03809523809565 
2292.7633650732796 324.3769841269845 
4678.722110358957 92.28611111111105 
1813.229835784917 410.49285714285804 
1682.9131736641266 473.8142857142864 
1844.9065050030472 400.78531746031837 
1429.2991280286578 634.7861111111124 
1627.5014861194695 504.4246031746042 
1435.8438221152321 621.9535714285727 
1765.837017815771 430.99285714285793 
1659.6923101097955 482.3980158730166 
1870.0868907086415 388.0285714285723 
1406.1344062916692 660.7841269841284 
1751.8619359613956 439.3388888888895 
1776.2203844196174 420.92301587301665 
1945.7014567944839 368.63730158730215 
1605.0240057135256 515.3968253968263 
1424.130822636825 644.8746031746047 
1649.8366554198424 489.7785714285724 
1547.8071299728304 556.1095238095252 
1515.9503062833185 586.435317460319 
1539.7183175423172 562.8682539682553 
1414.4757714293298 653.194841269843 
1641.1757396523572 499.42857142857235 
1900.6628017094804 382.77380952381037 
1787.3225293345845 414.0821428571437 
4717.170390411786 84.54404761904759 
4542.550661316113 109.55158730158718 
1399.9627755126746 673.2305555555571 
1856.9932900819367 394.83452380952474 
1588.2189239102809 530.2043650793659 
1928.788399739763 373.8265873015879 
1696.895921420097 464.5706349206356 
1596.6210980579135 518.583730158731 
1555.5573316937646 545.5142857142869 
1742.6910866269386 447.5416666666673 
1524.0045532721888 573.4130952380966 
1507.461966976602 590.3198412698428 
1710.672405774594 461.97420634920695 
1913.3728668261924 379.30198412698485 
1444.0343606326153 613.0007936507952 
1457.762934137257 603.3329365079379 
1719.4853365910794 453.77380952381014 
1493.219851480487 597.2007936507952 
1531.4090320013388 572.5091269841283 
1562.5162803930677 540.8011904761917 
1394.108353787177 677.8087301587318 
1450.0622793111027 609.9472222222237 
1730.5569218110752 451.8353174603181 
1572.8154162350777 536.6436507936518 
1468.0738649037723 599.1265873015888 
1580.8262821183541 533.9523809523819 
1483.5159273411562 598.8587301587316 

4856.500132008192 45.65952380952382 
1369.2476933487071 1023.4119047619054 
3075.9769849638824 130.7257936507935 
4084.154938909707 108.27738095238088 
1385.398359541187 1018.9206349206366 
1387.8818461226042 683.5027777777793 
2690.5957484102264 299.3619047619048 
4456.3540239444355 92.65119047619041 
4559.242151230676 68.28452380952382 
2509.6750110738208 312.50039682539705 
2316.714249921563 316.9912698412702 
2543.330911690742 305.8650793650794 
4692.215756653193 62.87500000000002 
2150.846996629903 332.2976190476193 
2244.589020093499 327.44007936507967 
4729.885551782889 52.800793650793665 
2069.4107470708473 335.3206349206353 
2008.2212285033795 351.9678571428576 
1964.266166888152 360.8571428571434 
2028.5855275880733 342.03809523809565 
2292.7633650732796 324.3769841269845 
1813.229835784917 410.49285714285804 
1682.9131736641266 473.8142857142864 
1844.9065050030472 400.78531746031837 
1429.2991280286578 634.7861111111124 
1627.5014861194695 504.4246031746042 
1435.8438221152321 621.9535714285727 
1765.837017815771 430.99285714285793 
1659.6923101097955 482.3980158730166 
1870.0868907086415 388.0285714285723 
1406.1344062916692 660.7841269841284 
1751.8619359613956 439.3388888888895 
1776.2203844196174 420.92301587301665 
1945.7014567944839 368.63730158730215 
1605.0240057135256 515.3968253968263 
1424.130822636825 644.8746031746047 
1649.8366554198424 489.7785714285724 
1547.8071299728304 556.1095238095252 
1515.9503062833185 586.435317460319 
1539.7183175423172 562.8682539682553 
1414.4757714293298 653.194841269843 
1641.1757396523572 499.42857142857235 
1900.6628017094804 382.77380952381037 
1787.3225293345845 414.0821428571437 
1399.9627755126746 673.2305555555571 
1856.9932900819367 394.83452380952474 
1588.2189239102809 530.2043650793659 
1928.788399739763 373.8265873015879 
1696.895921420097 464.5706349206356 
1596.6210980579135 518.583730158731 
1555.5573316937646 545.5142857142869 
1742.6910866269386 447.5416666666673 
1524.0045532721888 573.4130952380966 
1507.461966976602 590.3198412698428 
1710.672405774594 461.97420634920695 
1913.3728668261924 379.30198412698485 
1444.0343606326153 613.0007936507952 
1457.762934137257 603.3329365079379 
1719.4853365910794 453.77380952381014 
1493.219851480487 597.2007936507952 
1531.4090320013388 572.5091269841283 
1562.5162803930677 540.8011904761917 
1394.108353787177 677.8087301587318 
1450.0622793111027 609.9472222222237 
1730.5569218110752 451.8353174603181 
1572.8154162350777 536.6436507936518 
1468.0738649037723 599.1265873015888 
1580.8262821183541 533.9523809523819 
1483.5159273411562 598.8587301587316 

1369.2476933487071 1023.4119047619054 
3075.9769849638824 130.7257936507935 
4084.154938909707 108.27738095238088 
1385.398359541187 1018.9206349206366 
1387.8818461226042 683.5027777777793 
2690.5957484102264 299.3619047619048 
2509.6750110738208 312.50039682539705 
2316.714249921563 316.9912698412702 
2543.330911690742 305.8650793650794 
2150.846996629903 332.2976190476193 
2244.589020093499 327.44007936507967 
2069.4107470708473 335.3206349206353 
2008.2212285033795 351.9678571428576 
1964.266166888152 360.8571428571434 
2028.5855275880733 342.03809523809565 
2292.7633650732796 324.3769841269845 
1813.229835784917 410.49285714285804 
1682.9131736641266 473.8142857142864 
1844.9065050030472 400.78531746031837 
1429.2991280286578 634.7861111111124 
1627.5014861194695 504.4246031746042 
1435.8438221152321 621.9535714285727 
1765.837017815771 430.99285714285793 
1659.6923101097955 482.3980158730166 
1870.0868907086415 388.0285714285723 
1406.1344062916692 660.7841269841284 
1751.8619359613956 439.3388888888895 
1776.2203844196174 420.92301587301665 
1945.7014567944839 368.63730158730215 
1605.0240057135256 515.3968253968263 
1424.130822636825 644.8746031746047 
1649.8366554198424 489.7785714285724 
1547.8071299728304 556.1095238095252 
1515.9503062833185 586.435317460319 
1539.7183175423172 562.8682539682553 
1414.4757714293298 653.194841269843 
1641.1757396523572 499.42857142857235 
1900.6628017094804 382.77380952381037 
1787.3225293345845 414.0821428571437 
1399.9627755126746 673.2305555555571 
1856.9932900819367 394.83452380952474 
1588.2189239102809 530.2043650793659 
1928.788399739763 373.8265873015879 
1696.895921420097 464.5706349206356 
1596.6210980579135 518.583730158731 
1555.5573316937646 545.5142857142869 
1742.6910866269386 447.5416666666673 
1524.0045532721888 573.4130952380966 
1507.461966976602 590.3198412698428 
1710.672405774594 461.97420634920695 
1913.3728668261924 379.30198412698485 
1444.0343606326153 613.0007936507952 
1457.762934137257 603.3329365079379 
1719.4853365910794 453.77380952381014 
1493.219851480487 597.2007936507952 
1531.4090320013388 572.5091269841283 
1562.5162803930677 540.8011904761917 
1394.108353787177 677.8087301587318 
1450.0622793111027 609.9472222222237 
1730.5569218110752 451.8353174603181 
1572.8154162350777 536.6436507936518 
1468.0738649037723 599.1265873015888 
1580.8262821183541 533.9523809523819 
1483.5159273411562 598.8587301587316 
4447.314841031333 81.4730158730158 
4690.330700590115 74.51626984126983 
4901.949607259418 15.363095238095234 
4745.680040551584 53.64960317460321 
4743.740747459987 71.2404761904762 
4798.51916290117 32.83928571428573 
4601.364681226544 80.80079365079358 
4023.780070511088 125.08650793650777 

1524.0045532721888 573.4130952380966 
1515.9503062833185 586.435317460319 
1507.461966976602 590.3198412698428 
1493.219851480487 597.2007936507952 
1483.5159273411562 598.8587301587316 
1468.0738649037723 599.1265873015888 
1457.762934137257 603.3329365079379 
1450.0622793111027 609.9472222222237 
1444.0343606326153 613.0007936507952 
1435.8438221152321 621.9535714285727 
1429.2991280286578 634.7861111111124 
1424.130822636825 644.8746031746047 
1414.4757714293298 653.194841269843 
1406.1344062916692 660.7841269841284 
1399.9627755126746 673.2305555555571 
1394.108353787177 677.8087301587318 
1387.8818461226042 683.5027777777793 
4856.500132008192 45.65952380952382 
2690.5957484102264 299.3619047619048 
2543.330911690742 305.8650793650794 
2509.6750110738208 312.50039682539705 
2316.714249921563 316.9912698412702 
2292.7633650732796 324.3769841269845 
2244.589020093499 327.44007936507967 
2150.846996629903 332.2976190476193 
2069.4107470708473 335.3206349206353 
4586.006783451339 108.26150793650788 
2028.5855275880733 342.03809523809565 
2008.2212285033795 351.9678571428576 
1964.266166888152 360.8571428571434 
1945.7014567944839 368.63730158730215 
1928.788399739763 373.8265873015879 
1913.3728668261924 379.30198412698485 
1900.6628017094804 382.77380952381037 
1870.0868907086415 388.0285714285723 
1856.9932900819367 394.83452380952474 
1844.9065050030472 400.78531746031837 
1813.229835784917 410.49285714285804 
1787.3225293345845 414.0821428571437 
1776.2203844196174 420.92301587301665 
1765.837017815771 430.99285714285793 
1751.8619359613956 439.3388888888895 
1742.6910866269386 447.5416666666673 
1730.5569218110752 451.8353174603181 
1719.4853365910794 453.77380952381014 
1710.672405774594 461.97420634920695 
1696.895921420097 464.5706349206356 
1682.9131736641266 473.8142857142864 
1659.6923101097955 482.3980158730166 
1649.8366554198424 489.7785714285724 
1641.1757396523572 499.42857142857235 
1627.5014861194695 504.4246031746042 
1605.0240057135256 515.3968253968263 
1596.6210980579135 518.583730158731 
1588.2189239102809 530.2043650793659 
1580.8262821183541 533.9523809523819 
1572.8154162350777 536.6436507936518 
1562.5162803930677 540.8011904761917 
1555.5573316937646 545.5142857142869 
1547.8071299728304 556.1095238095252 
1385.398359541187 1018.9206349206366 
1369.2476933487071 1023.4119047619054 
3075.9769849638824 130.7257936507935 
1539.7183175423172 562.8682539682553 
1531.4090320013388 572.5091269841283 
4698.244646770279 82.67658730158729 
4401.3585807602985 111.76785714285704 
4850.781804556314 66.48650793650798 
4853.994373939604 66.36150793650798 
4628.401618878255 108.079365079365 
4565.715420781439 110.76269841269824 
4639.458935168021 93.11071428571422 
4839.480013795289 70.9738095238095 
4274.647882411547 130.21984126984117 
4908.275725935202 29.77222222222223 
4692.294094111591 84.69960317460315 
4803.862824215338 82.16468253968252 

1393.6328586540758 981.8019841269859 
1385.398359541187 1018.9206349206366 
1369.2476933487071 1023.4119047619054 
3075.9769849638824 130.7257936507935 
1539.7183175423172 562.8682539682553 
1515.9503062833185 586.435317460319 
1500.9152559525498 597.2007936507952 
1483.5159273411562 598.8587301587316 
1468.0738649037723 599.1265873015888 
1457.762934137257 603.3329365079379 
1444.0343606326153 613.0007936507952 
1429.2991280286578 634.7861111111124 
1414.4757714293298 653.194841269843 
1399.9627755126746 673.2305555555571 
2737.3046742703423 299.3619047619048 
2577.372677457495 305.8650793650794 
2509.6750110738208 312.50039682539705 
2351.5445629626442 316.9912698412702 
2292.7633650732796 324.3769841269845 
2244.589020093499 327.44007936507967 
2150.846996629903 332.2976190476193 
2069.4107470708473 335.3206349206353 
2051.625982964399 342.03809523809565 
2008.2212285033795 351.9678571428576 
1964.266166888152 360.8571428571434 
1928.788399739763 373.8265873015879 
1913.3728668261924 379.30198412698485 
1870.0868907086415 388.0285714285723 
1856.9932900819367 394.83452380952474 
1844.9065050030472 400.78531746031837 
1813.229835784917 410.49285714285804 
1787.3225293345845 414.0821428571437 
1776.2203844196174 420.92301587301665 
1765.837017815771 430.99285714285793 
1751.8619359613956 439.3388888888895 
1742.6910866269386 447.5416666666673 
1730.5569218110752 451.8353174603181 
1710.672405774594 461.97420634920695 
1696.895921420097 464.5706349206356 
1659.6923101097955 482.3980158730166 
1641.1757396523572 499.42857142857235 
1627.5014861194695 504.4246031746042 
1605.0240057135256 515.3968253968263 
1596.6210980579135 518.583730158731 
1572.8154162350777 536.6436507936518 
1555.5573316937646 545.5142857142869 
1547.8071299728304 556.1095238095252 
4152.230520942393 121.73888888888874 
4666.007046012624 107.00357142857129 
4464.828310503214 118.81587301587287 
4685.273952882104 86.07579365079364 
4740.274258686718 76.08531746031741 
4669.3678136138005 97.6365079365079 
4893.839180801507 7.3615079365079366 
4784.9586320471435 41.851190476190474 

4856.500132008192 45.65952380952382 
1369.2476933487071 1023.4119047619054 
3075.9769849638824 130.7257936507935 
4547.717519352217 108.26150793650788 
1385.398359541187 1018.9206349206366 
1387.8818461226042 683.5027777777793 
2690.5957484102264 299.3619047619048 
4685.294148709793 95.61904761904754 
2509.6750110738208 312.50039682539705 
2316.714249921563 316.9912698412702 
4689.424492298091 58.32222222222225 
2543.330911690742 305.8650793650794 
4782.499650126431 58.07222222222225 
2150.846996629903 332.2976190476193 
2244.589020093499 327.44007936507967 
2069.4107470708473 335.3206349206353 
2008.2212285033795 351.9678571428576 
1964.266166888152 360.8571428571434 
2028.5855275880733 342.03809523809565 
2292.7633650732796 324.3769841269845 
1813.229835784917 410.49285714285804 
1682.9131736641266 473.8142857142864 
1844.9065050030472 400.78531746031837 
1429.2991280286578 634.7861111111124 
1627.5014861194695 504.4246031746042 
1435.8438221152321 621.9535714285727 
1765.837017815771 430.99285714285793 
1659.6923101097955 482.3980158730166 
1870.0868907086415 388.0285714285723 
1406.1344062916692 660.7841269841284 
1751.8619359613956 439.3388888888895 
1776.2203844196174 420.92301587301665 
1945.7014567944839 368.63730158730215 
1605.0240057135256 515.3968253968263 
1424.130822636825 644.8746031746047 
1649.8366554198424 489.7785714285724 
1547.8071299728304 556.1095238095252 
1515.9503062833185 586.435317460319 
1539.7183175423172 562.8682539682553 
1414.4757714293298 653.194841269843 
1641.1757396523572 499.42857142857235 
1900.6628017094804 382.77380952381037 
1787.3225293345845 414.0821428571437 
1399.9627755126746 673.2305555555571 
1856.9932900819367 394.83452380952474 
1588.2189239102809 530.2043650793659 
1928.788399739763 373.8265873015879 
1696.895921420097 464.5706349206356 
1596.6210980579135 518.583730158731 
1555.5573316937646 545.5142857142869 
1742.6910866269386 447.5416666666673 
1524.0045532721888 573.4130952380966 
1507.461966976602 590.3198412698428 
1710.672405774594 461.97420634920695 
1913.3728668261924 379.30198412698485 
1444.0343606326153 613.0007936507952 
1457.762934137257 603.3329365079379 
1719.4853365910794 453.77380952381014 
1493.219851480487 597.2007936507952 
1531.4090320013388 572.5091269841283 
1562.5162803930677 540.8011904761917 
1394.108353787177 677.8087301587318 
1450.0622793111027 609.9472222222237 
1730.5569218110752 451.8353174603181 
1572.8154162350777 536.6436507936518 
1468.0738649037723 599.1265873015888 
1580.8262821183541 533.9523809523819 
1483.5159273411562 598.8587301587316 

1369.2476933487071 1023.4119047619054 
3075.9769849638824 130.7257936507935 
4327.698811889748 127.44087301587285 
1385.398359541187 1018.9206349206366 
1387.8818461226042 683.5027777777793 
2690.5957484102264 299.3619047619048 
4486.331435429066 125.58888888888877 
2509.6750110738208 312.50039682539705 
2316.714249921563 316.9912698412702 
2543.330911690742 305.8650793650794 
2150.846996629903 332.2976190476193 
4542.550661316113 109.55158730158718 
4779.9608754925985 62.05396825396827 
2244.589020093499 327.44007936507967 
4692.215756653193 62.87500000000002 
2069.4107470708473 335.3206349206353 
4668.609815185397 77.53690476190474 
2008.2212285033795 351.9678571428576 
1964.266166888152 360.8571428571434 
2028.5855275880733 342.03809523809565 
4624.9406967009545 87.11626984126988 
2292.7633650732796 324.3769841269845 
1813.229835784917 410.49285714285804 
1682.9131736641266 473.8142857142864 
4563.430317038065 90.33412698412688 
1844.9065050030472 400.78531746031837 
1429.2991280286578 634.7861111111124 
1627.5014861194695 504.4246031746042 
1435.8438221152321 621.9535714285727 
1765.837017815771 430.99285714285793 
1659.6923101097955 482.3980158730166 
1870.0868907086415 388.0285714285723 
1406.1344062916692 660.7841269841284 
1751.8619359613956 439.3388888888895 
1776.2203844196174 420.92301587301665 
1945.7014567944839 368.63730158730215 
1605.0240057135256 515.3968253968263 
1424.130822636825 644.8746031746047 
1649.8366554198424 489.7785714285724 
1547.8071299728304 556.1095238095252 
1515.9503062833185 586.435317460319 
1539.7183175423172 562.8682539682553 
1414.4757714293298 653.194841269843 
1641.1757396523572 499.42857142857235 
1900.6628017094804 382.77380952381037 
1787.3225293345845 414.0821428571437 
1399.9627755126746 673.2305555555571 
1856.9932900819367 394.83452380952474 
1588.2189239102809 530.2043650793659 
1928.788399739763 373.8265873015879 
1696.895921420097 464.5706349206356 
1596.6210980579135 518.583730158731 
1555.5573316937646 545.5142857142869 
1742.6910866269386 447.5416666666673 
1524.0045532721888 573.4130952380966 
1507.461966976602 590.3198412698428 
1710.672405774594 461.97420634920695 
1913.3728668261924 379.30198412698485 
1444.0343606326153 613.0007936507952 
1457.762934137257 603.3329365079379 
1719.4853365910794 453.77380952381014 
1493.219851480487 597.2007936507952 
1531.4090320013388 572.5091269841283 
1562.5162803930677 540.8011904761917 
1394.108353787177 677.8087301587318 
1450.0622793111027 609.9472222222237 
1730.5569218110752 451.8353174603181 
1572.8154162350777 536.6436507936518 
1468.0738649037723 599.1265873015888 
1580.8262821183541 533.9523809523819 
4594.938167516647 88.9496031746032 
1483.5159273411562 598.8587301587316 
4788.726233362284 45.65952380952382 
4537.00847676451 119.8734126984126 
4634.964464918007 79.87420634920635 

1369.2476933487071 1023.4119047619054 
4916.364752256863 6.818650793650793 
3075.9769849638824 130.7257936507935 
3868.3539785226153 122.4103174603173 
1385.398359541187 1018.9206349206366 
1387.8818461226042 683.5027777777793 
2690.5957484102264 299.3619047619048 
4421.728155592684 91.69523809523807 
2509.6750110738208 312.50039682539705 
2316.714249921563 316.9912698412702 
2543.330911690742 305.8650793650794 
4563.430317038065 90.33412698412688 
2150.846996629903 332.2976190476193 
2244.589020093499 327.44007936507967 
2069.4107470708473 335.3206349206353 
4772.768327310701 55.57976190476194 
4700.931103119399 60.63650793650798 
4613.330183948835 84.12103174603175 
2008.2212285033795 351.9678571428576 
4814.631803497898 30.250793650793636 
1964.266166888152 360.8571428571434 
2028.5855275880733 342.03809523809565 
2292.7633650732796 324.3769841269845 
4690.741919239545 78.92499999999998 
1813.229835784917 410.49285714285804 
1682.9131736641266 473.8142857142864 
1844.9065050030472 400.78531746031837 
4810.753924165701 47.526984126984146 
4672.858465560313 82.88611111111109 
1627.5014861194695 504.4246031746042 
1429.2991280286578 634.7861111111124 
1435.8438221152321 621.9535714285727 
1659.6923101097955 482.3980158730166 
1765.837017815771 430.99285714285793 
1870.0868907086415 388.0285714285723 
1406.1344062916692 660.7841269841284 
1751.8619359613956 439.3388888888895 
1945.7014567944839 368.63730158730215 
1776.2203844196174 420.92301587301665 
1605.0240057135256 515.3968253968263 
1424.130822636825 644.8746031746047 
1649.8366554198424 489.7785714285724 
1547.8071299728304 556.1095238095252 
1515.9503062833185 586.435317460319 
1900.6628017094804 382.77380952381037 
1539.7183175423172 562.8682539682553 
1414.4757714293298 653.194841269843 
1641.1757396523572 499.42857142857235 
1787.3225293345845 414.0821428571437 
1399.9627755126746 673.2305555555571 
1856.9932900819367 394.83452380952474 
1928.788399739763 373.8265873015879 
1588.2189239102809 530.2043650793659 
1696.895921420097 464.5706349206356 
1596.6210980579135 518.583730158731 
1555.5573316937646 545.5142857142869 
1742.6910866269386 447.5416666666673 
1524.0045532721888 573.4130952380966 
4875.150993163086 23.318650793650797 
4910.688548478122 11.010714285714284 
1507.461966976602 590.3198412698428 
1710.672405774594 461.97420634920695 
1913.3728668261924 379.30198412698485 
1444.0343606326153 613.0007936507952 
1457.762934137257 603.3329365079379 
1719.4853365910794 453.77380952381014 
1493.219851480487 597.2007936507952 
1531.4090320013388 572.5091269841283 
4857.653521739731 25.186111111111114 
1562.5162803930677 540.8011904761917 
1394.108353787177 677.8087301587318 
1450.0622793111027 609.9472222222237 
4895.613167589952 18.317063492063497 
1730.5569218110752 451.8353174603181 
1572.8154162350777 536.6436507936518 
1468.0738649037723 599.1265873015888 
1580.8262821183541 533.9523809523819 
1483.5159273411562 598.8587301587316 

