0.8303423013325231
0.8269762367942475
0.8293903388155544
0.8334546272410466
0.830111379259645
0.8275543500353988
0.8297432275607733
0.8304151463445434
0.8281037936219018
0.8298941705205488
0.8285362502468367
0.8273428816093285
0.8275907955874272
0.8276594273121768
0.8303479781407511
0.8320183622075726
0.8314675059671285
0.8269759961105438
0.8278969014730732
0.828671105120938
0.8344649372344439
0.8274503671399384
0.8284592802112815
0.8285478628112739
0.8306834093514461
0.8310584368760064
0.8315079233856822
0.8295606864692501
0.8276779208464745
0.827426271930794
