0.7733758350296098
0.7733758350296098
0.7733758350296098
0.7718769088365763
0.7733758350296098
0.7733758350296098
0.7733758350296098
0.7733758350296098
0.7733758350296098
0.7587678611748513
0.7733758350296098
0.7733758350296098
0.7733758350296098
0.761616988091349
0.7733503738527506
0.7733758350296098
0.7733758350296098
0.7733758350296098
0.7734621963676359
0.7733758350296098
0.7733758350296098
0.7734876575444951
0.7733758350296098
0.7733758350296098
0.7733758350296098
0.7733758350296098
0.7733758350296098
0.7733758350296098
0.7734876575444951
0.7733503738527506
