0.803381115689296
0.803381115689296
0.803381115689296
0.803381115689296
0.803381115689296
0.803381115689296
0.803381115689296
0.803381115689296
0.803381115689296
0.803381115689296
0.803381115689296
0.803381115689296
0.803381115689296
0.803381115689296
0.803381115689296
0.803381115689296
0.803381115689296
0.803381115689296
0.803381115689296
0.803381115689296
0.803381115689296
0.803381115689296
0.803381115689296
0.803381115689296
0.803381115689296
0.803381115689296
0.803381115689296
0.803381115689296
0.803381115689296
0.803381115689296
