0.8724117597412495
0.9690208682355398
0.8724117597412495
0.9690208682355398
0.8724117597412495
0.8985861299862012
0.8724117597412495
0.9690208682355398
0.8665501189241707
0.9690208682355398
0.8985861299862012
0.9690208682355398
0.8724117597412495
0.8724117597412495
0.8744986070751997
0.8724117597412495
0.8985861299862012
0.8724117597412495
0.8985861299862012
0.9690208682355398
0.8985861299862012
0.8724117597412495
0.8724117597412495
0.9690208682355398
0.8985861299862012
0.8985861299862012
0.9690208682355398
0.8724117597412495
0.8724117597412495
0.9690208682355398
