0.7943206470174436
0.7856281579189949
0.7942852260868339
0.7854640256678044
0.7941955052001984
0.793755294126287
0.798329448325478
0.7894403204255249
0.7873369206445912
0.7854640256678044
0.798329448325478
0.7854640256678044
0.7854640256678044
0.798329448325478
0.7944389957998904
0.7895618269457041
0.7854640256678044
0.798329448325478
0.798329448325478
0.7854640256678044
0.7854640256678044
0.7941955052001984
0.798329448325478
0.7854640256678044
0.7873369206445912
0.7856281579189949
0.7944389957998904
0.7983262671513818
0.7873369206445912
0.7921115237776598
