0.890428568749782
0.8907005755196139
0.8893656965756412
0.8904994890940363
0.891227418792986
0.8905936591489398
0.892431664283769
0.8880371941674141
0.8904121376728389
0.889864200070426
0.8911617422847499
0.8896899550596319
0.8897259918623366
0.8915953583472406
0.8932183525415853
0.8900881402070212
0.8901933467663461
0.8896371362228248
0.8897673730932442
0.887676638847418
0.8911461113266878
0.8908533345947778
0.8929603461683433
0.8895042397067664
0.8905808414869161
0.8922413203310261
0.8897362626377779
0.8923297163389374
0.8892109670380948
0.8907469351981938
