0.579422884200015
0.6231169229732372
0.6233936612358232
0.6233936612358232
0.6227194225822864
0.6231169229732372
0.6233936612358232
0.6233936612358232
0.6231169229732372
0.6224188945105749
0.6231169229732372
0.6095142080781457
0.6233936612358232
0.6233936612358232
0.6231270549468563
0.6050653758316215
0.6233936612358232
0.6231169229732372
0.6233936612358232
0.6224188945105749
0.6233936612358232
0.6227194225822864
0.579422884200015
0.6231169229732372
0.6233936612358232
0.6227194225822864
0.6227194225822864
0.6231169229732372
0.5877468818652685
0.6231169229732372
