0.37078111041845757
0.3524654341898858
0.3759001090115491
0.38040232217461856
0.38132577049950384
0.35324133894527365
0.3695849999588991
0.3812839609003514
0.38072128444339715
0.37416267214134635
0.38040232217461856
0.3524654341898858
0.32311104143712865
0.3810404576509505
0.3759001090115491
0.3237319076598673
0.3695849999588991
0.37078111041845757
0.38040232217461856
0.3812839609003514
0.3695849999588991
0.3892708398946923
0.38823163341470407
0.3759001090115491
0.38040232217461856
0.3695849999588991
0.38072128444339715
0.3695849999588991
0.38040232217461856
0.37416267214134635
