0.5837313556059511
0.5837313556059511
0.5837313556059511
0.5837313556059511
0.672211479930285
0.5869376822893727
0.5837313556059511
0.5837313556059511
0.5837313556059511
0.5837313556059511
0.5869376822893727
0.6139657451741286
0.5837313556059511
0.5837313556059511
0.5837313556059511
0.5837313556059511
0.5869376822893727
0.5837313556059511
0.674264367872214
0.5837313556059511
0.5869376822893727
0.5837313556059511
0.5869376822893727
0.5869376822893727
0.5837313556059511
0.5837313556059511
0.5837313556059511
0.6139657451741286
0.672211479930285
0.5837313556059511
