0.7890154756765685
0.7892315553167528
0.7890154756765685
0.7890154756765685
0.7892315553167528
0.7890154756765685
0.7890154756765685
0.7890154756765685
0.7892315553167528
0.7890154756765685
0.7890154756765685
0.7890154756765685
0.7890154756765685
0.7890154756765685
0.7890154756765685
0.7892315553167528
0.7892315553167528
0.7892315553167528
0.7890154756765685
0.7892315553167528
0.7892315553167528
0.7890154756765685
0.7890154756765685
0.7892315553167528
0.7892315553167528
0.7890154756765685
0.7890154756765685
0.7890154756765685
0.7890154756765685
0.7890154756765685
