0.7889771438572496
0.7889771438572496
0.7889771438572496
0.7889771438572496
0.7889771438572496
0.7889771438572496
0.7889771438572496
0.7889771438572496
0.7889771438572496
0.7622471385108051
0.7889771438572496
0.7889771438572496
0.7889771438572496
0.7889771438572496
0.7889771438572496
0.7889771438572496
0.7889771438572496
0.7889771438572496
0.7514323485045126
0.7889771438572496
0.7889771438572496
0.7889771438572496
0.7889771438572496
0.7889771438572496
0.7877375933549361
0.7889771438572496
0.7884293070664271
0.7889771438572496
0.7889771438572496
0.7889771438572496
