0.7977264587011828
0.7977264587011828
0.7977592514224128
0.7977592514224128
0.7977264587011828
0.7977264587011828
0.7977592514224128
0.7977592514224128
0.7977592514224128
0.7977592514224128
0.7977592514224128
0.7977264587011828
0.7977264587011828
0.7974187381067697
0.7977592514224128
0.7977264587011828
0.7977264587011828
0.7977264587011828
0.7977264587011828
0.7977592514224128
0.7977264587011828
0.7977264587011828
0.7390383186528344
0.7977264587011828
0.7977592514224128
0.7977264587011828
0.7977592514224128
0.7977592514224128
0.7977264587011828
0.7977592514224128
