0.8775333438681566
0.8775333438681566
0.8775333438681566
0.8765271713377984
0.8786203961766866
0.8775333438681566
0.8786203961766866
0.9298304661744533
0.8775333438681566
0.8775333438681566
0.8775333438681566
0.8775333438681566
0.8775333438681566
0.9298304661744533
0.8775333438681566
0.8775333438681566
0.9518483611866629
0.8775333438681566
0.8775333438681566
0.9298304661744533
0.9518483611866629
0.9053392028701828
0.8775333438681566
0.8775333438681566
0.9298304661744533
0.8821188009345958
0.838946249997522
0.8775333438681566
0.839994563722634
0.8775333438681566
