0.7891823373937136
0.8302779878117845
0.7945494839509103
0.8336143443555343
0.8482830685876623
0.831195645901774
0.8269651695635338
0.8349367317288993
0.8465133976744761
0.7897686786212423
0.8019022897466291
0.8075286112310078
0.7565309580369038
0.845494781838705
0.769026441193318
0.8273709723336251
0.8226420080821796
0.8386832574369547
0.8093936801280299
0.7897686786212423
0.8383448917420357
0.7937624518590903
0.8091734723033992
0.8340688772421019
0.7745926045085674
0.796608911217838
0.8308007980389887
0.7957078781874978
0.7959798718318554
0.8466447823225819
