0.8292500138374894
0.8286587392198023
0.8292500138374894
0.7850807838016393
0.8249893986084749
0.8292500138374894
0.8292500138374894
0.8249893986084749
0.8292500138374894
0.8197356939172245
0.8292500138374894
0.8292500138374894
0.8292500138374894
0.7900036104133601
0.8190150424851622
0.8292500138374894
0.8292500138374894
0.8292500138374894
0.8199985731383546
0.8292500138374894
0.8292500138374894
0.8292500138374894
0.8292500138374894
0.8288147983678218
0.8292500138374894
0.8292500138374894
0.8206450713564384
0.8292500138374894
0.8292500138374894
0.8292500138374894
