0.8076613103406195
0.7941955052001984
0.798329448325478
0.8116933163685038
0.798329448325478
0.7904182562662203
0.7944389957998904
0.7904182562662203
0.7853926436719006
0.7968924133902336
0.7941955052001984
0.798329448325478
0.7854640256678044
0.7895618269457041
0.8049362782064621
0.7854640256678044
0.7856281579189949
0.7854640256678044
0.7941955052001984
0.798329448325478
0.798329448325478
0.7856281579189949
0.7858471206155395
0.798329448325478
0.7854640256678044
0.798329448325478
0.7854640256678044
0.7856281579189949
0.8009753262850938
0.7941955052001984
