0.82670188487125
0.8136926904336661
0.82670188487125
0.8136926904336661
0.8136926904336661
0.8136926904336661
0.8136926904336661
0.8136926904336661
0.8136926904336661
0.8136926904336661
0.8136926904336661
0.8136926904336661
0.82670188487125
0.8136926904336661
0.8136926904336661
0.8136926904336661
0.8136926904336661
0.82670188487125
0.8136926904336661
0.8136926904336661
0.82670188487125
0.8136926904336661
0.8136926904336661
0.8136926904336661
0.8136926904336661
0.82670188487125
0.8136926904336661
0.8136926904336661
0.8136926904336661
0.8136926904336661
