0.7941990003030077
0.7941951019434712
0.7941990003030077
0.7941951019434712
0.7941951019434712
0.7941990003030077
0.7941951019434712
0.7941951019434712
0.7941951019434712
0.7941951019434712
0.794195908756757
0.7941951019434712
0.7941951019434712
0.7941951019434712
0.7941951019434712
0.7941951019434712
0.7865194082500705
0.7941951019434712
0.7866191344070956
0.7941951019434712
0.7941951019434712
0.7941951019434712
0.7941951019434712
0.7941951019434712
0.794195908756757
0.7941951019434712
0.7941951019434712
0.7941990003030077
0.7941951019434712
0.7941951019434712
