0.7854640256678044
0.7854640256678044
0.7854640256678044
0.7854640256678044
0.7730805425993017
0.7854640256678044
0.7854640256678044
0.7854640256678044
0.7854640256678044
0.7854640256678044
0.7854640256678044
0.7854640256678044
0.7854640256678044
0.7854640256678044
0.7854640256678044
0.7854640256678044
0.7854640256678044
0.7854640256678044
0.7854640256678044
0.7854640256678044
0.7854640256678044
0.7854640256678044
0.7854640256678044
0.7854640256678044
0.7854640256678044
0.7854640256678044
0.7854640256678044
0.7854640256678044
0.7854640256678044
0.7854640256678044
