0.8421929386388931
0.8455013886638237
0.8393683418194787
0.8455013886638237
0.8455013886638237
0.8455013886638237
0.8455013886638237
0.8455013886638237
0.8455013886638237
0.8439622829885394
0.8455013886638237
0.8455013886638237
0.8417792091492515
0.8455013886638237
0.8408255120269299
0.8455013886638237
0.8455013886638237
0.8455013886638237
0.8455013886638237
0.8455013886638237
0.8455013886638237
0.8455013886638237
0.8455013886638237
0.8455013886638237
0.8455013886638237
0.8455013886638237
0.8455013886638237
0.8455013886638237
0.8455013886638237
0.8421929386388931
