0.4179480673967566
0.4179480673967566
0.4179480673967566
0.4179480673967566
0.4179480673967566
0.46140415039580945
0.4179480673967566
0.4179480673967566
0.4179480673967566
0.4179480673967566
0.5334402982433373
0.4179480673967566
0.4179480673967566
0.4179480673967566
0.4179480673967566
0.4179480673967566
0.4179480673967566
0.4179480673967566
0.4179480673967566
0.4179480673967566
0.4179480673967566
0.4179480673967566
0.47070098881172867
0.4179480673967566
0.4179480673967566
0.4179480673967566
0.5444008511290829
0.4179480673967566
0.4179480673967566
0.4179480673967566
