0.5061148221190751
0.5061148221190751
0.5061148221190751
0.5071255438891903
0.5061378846350761
0.5061148221190751
0.5077947133818291
0.5061148221190751
0.5061148221190751
0.5061148221190751
0.507335224752125
0.5061148221190751
0.5061148221190751
0.5070967782559785
0.5061148221190751
0.5061148221190751
0.5094470763931188
0.5061148221190751
0.5064729228398096
0.5061148221190751
0.5061148221190751
0.5061148221190751
0.5071255438891903
0.5059135823452048
0.5061148221190751
0.4656819991973628
0.4931077316419029
0.5033357599747642
0.5061148221190751
0.44765081356710235
