0.7977332157314008
0.7977332157314008
0.7977332157314008
0.7977592514224128
0.7977592514224128
0.7977332157314008
0.7977332157314008
0.7977332157314008
0.7941346265099809
0.7977332157314008
0.7872729226602984
0.7977592514224128
0.7977332157314008
0.7977332157314008
0.7977332157314008
0.7977592514224128
0.7977332157314008
0.7977592514224128
0.7912206182017085
0.7977332157314008
0.7977332157314008
0.7977592514224128
0.7977332157314008
0.7977592514224128
0.7977332157314008
0.7977592514224128
0.7977592514224128
0.7807863608216181
0.7977264587011828
0.7977332157314008
