0.25934736173283457
0.25934736173283457
0.22304580065251506
0.25934736173283457
0.25934736173283457
0.25934736173283457
0.25934736173283457
0.25934736173283457
0.25934736173283457
0.21093207417346493
0.25934736173283457
0.24846784496848462
0.21093207417346493
0.25934736173283457
0.25934736173283457
0.25934736173283457
0.25934736173283457
0.25934736173283457
0.25934736173283457
0.25934736173283457
0.25934736173283457
0.25934736173283457
0.24846784496848462
0.21093207417346493
0.25934736173283457
0.30491245952144924
0.2553492798764818
0.22304580065251506
0.22304580065251506
0.25934736173283457
