0.8583409295471072
0.8651588379941841
0.8570936933149679
0.843366953419994
0.8584891446933696
0.8465106632883301
0.8417936449250832
0.8533002173051045
0.8780824033543839
0.8414026232370394
0.8536108318384217
0.8414026232370394
0.8417936449250832
0.8576068940534721
0.8570936933149679
0.8780824033543839
0.8414026232370394
0.8414026232370394
0.8570936933149679
0.8570936933149679
0.8414026232370394
0.8414026232370394
0.8414026232370394
0.8414026232370394
0.8714802703148478
0.853212031314141
0.8414026232370394
0.8414026232370394
0.8414026232370394
0.8632347739809643
