0.8363560203064625
0.8244468014317625
0.8215470347460431
0.8314667801417024
0.8323179301147344
0.8304860098271379
0.8237806815703916
0.8278221720063245
0.825594836926303
0.8289189438710036
0.8252949836594917
0.8292733479676674
0.8271805564980546
0.8342420774443406
0.830874014483328
0.8334991159067277
0.8303288488717098
0.8290302760117978
0.8287127386402422
0.8262091710205305
0.8324192120467797
0.8305051934178407
0.8279659278720385
0.8280530892549937
0.8285901566915642
0.82385581168681
0.8277230245676879
0.8306395044331398
0.8305996189213254
0.8307352950737403
