0.7067937069189183
0.7077764439144565
0.7079448687971566
0.7077764439144565
0.6821366381704767
0.7264836687619493
0.7114060121291088
0.7067937069189183
0.7067937069189183
0.7077764439144565
0.7124700717673206
0.6816718521287953
0.6999857124301425
0.6816718521287953
0.7089276057926948
0.6803386827284156
0.7067937069189183
0.7090960306753946
0.7067937069189183
0.7067937069189183
0.7077764439144565
0.7067937069189183
0.6893980708282845
0.6816718521287953
0.6803386827284156
0.7067937069189183
0.7067937069189183
0.7077764439144565
0.6803386827284156
0.7114060121291088
