0.47891587000805924
0.47891587000805924
0.47891587000805924
0.47891587000805924
0.47891587000805924
0.47891587000805924
0.47891587000805924
0.47891587000805924
0.47891587000805924
0.47891587000805924
0.47891587000805924
0.47891587000805924
0.47891587000805924
0.47891587000805924
0.47891587000805924
0.47891587000805924
0.47891587000805924
0.47891587000805924
0.47891587000805924
0.47891587000805924
0.47891587000805924
0.47891587000805924
0.47891587000805924
0.47891587000805924
0.47891587000805924
0.47891587000805924
0.47891587000805924
0.47891587000805924
0.47891587000805924
0.47891587000805924
