0.8453004693148407
0.8453004693148407
0.8453004693148407
0.8453004693148407
0.8453004693148407
0.8453004693148407
0.8453004693148407
0.8453004693148407
0.8453004693148407
0.8453004693148407
0.8453004693148407
0.8453004693148407
0.8453004693148407
0.8453004693148407
0.8453004693148407
0.8453004693148407
0.8453004693148407
0.8453004693148407
0.8453004693148407
0.8453004693148407
0.8453004693148407
0.8453004693148407
0.8453004693148407
0.8453004693148407
0.8453004693148407
0.8453004693148407
0.8453004693148407
0.8453004693148407
0.7922133103161879
0.8453004693148407
