0.5223060901064381
0.4896965954390824
0.5012178358738469
0.48274761696201374
0.4957016010724288
0.49476895232460577
0.5309905298022229
0.5221891910025566
0.5189650071680055
0.5248178992178562
0.4631282520193021
0.5041696373769332
0.49025744558296097
0.4941542809422284
0.49340788903390087
0.5122335983551497
0.4752556383605449
0.5229019528427196
0.5147076254966412
0.5159250885372084
0.5070019341968127
0.4793812337595307
0.506505690699309
0.4966850330583097
0.5439918834255351
0.49989366389767526
0.4871894679424099
0.49170682434403057
0.4799649139353519
0.5156829726943055
