0.7024870213845007
0.2569403306691923
0.6189932122441667
0.6189932122441667
0.7068366390602223
0.7410350052932753
0.6768682250625544
0.6756472091894918
0.6898923442269339
0.7183962439037459
0.6690941526469687
0.7091057204045974
0.2569403306691923
0.2569403306691923
0.7079545585263591
0.7183962439037459
0.7183962439037459
0.5993461825424398
0.622698562261371
0.08910501469184431
0.24893596278887475
0.6999003760802572
0.2569403306691923
0.6999003760802572
0.7195474057819842
0.7183962439037459
0.7079545585263591
0.5700288441231428
0.2569403306691923
0.08910501469184431
