0.8985861299862012
0.8985861299862012
1.0
0.9690208682355398
0.9690208682355398
0.9690208682355398
0.9690208682355398
0.9690208682355398
0.8985861299862012
0.8985861299862012
0.8985861299862012
0.9690208682355398
0.8918765425649301
0.9690208682355398
0.8724117597412495
0.8985861299862012
0.9690208682355398
0.8985861299862012
0.9690208682355398
0.9690208682355398
0.8724117597412495
1.0
0.8985861299862012
0.8985861299862012
0.8985861299862012
0.8985861299862012
0.9690208682355398
0.8985861299862012
0.8985861299862012
0.8985861299862012
