0.7849258628966929
0.8156054477834219
0.8155816857306472
0.7849258628966929
0.7849258628966929
0.8155816857306472
0.8155816857306472
0.8155816857306472
0.8155816857306472
0.8155816857306472
0.8155816857306472
0.8155816857306472
0.8155816857306472
0.8155816857306472
0.7849258628966929
0.8156054477834219
0.8155816857306472
0.8155816857306472
0.8155816857306472
0.7855627342483588
0.8155816857306472
0.8156054477834219
0.8155816857306472
0.8156054477834219
0.8155816857306472
0.8155816857306472
0.7849258628966929
0.8155816857306472
0.8155816857306472
0.7849258628966929
