0.8401907860655373
0.8401907860655373
0.8401907860655373
0.8401907860655373
0.8401907860655373
0.8401907860655373
0.8401907860655373
0.8401907860655373
0.8401907860655373
0.8401907860655373
0.8401907860655373
0.8401907860655373
0.8401907860655373
0.8401907860655373
0.8401907860655373
0.8401907860655373
0.8401907860655373
0.8401907860655373
0.8401907860655373
0.8401907860655373
0.8401907860655373
0.8401907860655373
0.8401907860655373
0.8401907860655373
0.8401907860655373
0.8401907860655373
0.8401907860655373
0.8401907860655373
0.8401907860655373
0.8401907860655373
