0.7273408144676987
0.7273408144676987
0.7373535000140398
0.7273408144676987
0.7273408144676987
0.7273408144676987
0.7273408144676987
0.7273408144676987
0.7273408144676987
0.7273408144676987
0.7273408144676987
0.7273408144676987
0.7273408144676987
0.7273408144676987
0.7273408144676987
0.7273408144676987
0.7273408144676987
0.7273408144676987
0.7273408144676987
0.7273408144676987
0.7273408144676987
0.7273408144676987
0.7273408144676987
0.7273408144676987
0.7273408144676987
0.7273408144676987
0.7273408144676987
0.7273408144676987
0.7273408144676987
0.7273408144676987
