0.6231169229732372
0.6231169229732372
0.6199857097941813
0.6231169229732372
0.6231169229732372
0.6199857097941813
0.6199857097941813
0.579422884200015
0.6199857097941813
0.6199857097941813
0.6202624480567673
0.6199857097941813
0.6199857097941813
0.6231169229732372
0.6199857097941813
0.6231169229732372
0.6199857097941813
0.6199857097941813
0.6199857097941813
0.6199857097941813
0.6231169229732372
0.6199857097941813
0.6199857097941813
0.6199857097941813
0.6231169229732372
0.6199857097941813
0.6199857097941813
0.6199857097941813
0.6199857097941813
0.6199857097941813
