0.7889771438572496
0.7889771438572496
0.7889771438572496
0.7889771438572496
0.7889771438572496
0.7889771438572496
0.7889771438572496
0.7889771438572496
0.7889771438572496
0.7889771438572496
0.7889771438572496
0.7889771438572496
0.7889771438572496
0.7889771438572496
0.7889771438572496
0.7889771438572496
0.7889771438572496
0.7889771438572496
0.7889771438572496
0.7889771438572496
0.7889771438572496
0.7889771438572496
0.7889771438572496
0.7889771438572496
0.7889771438572496
0.7889771438572496
0.7889331404856643
0.7889679079230252
0.7889771438572496
0.7889771438572496
