0.8235698801707619
0.8235698801707619
0.8235698801707619
0.8235698801707619
0.8235698801707619
0.8235698801707619
0.8235698801707619
0.823197388771684
0.8235698801707619
0.8151570242624291
0.8235698801707619
0.8235698801707619
0.8235698801707619
0.8235698801707619
0.8235698801707619
0.8235698801707619
0.8235698801707619
0.8235698801707619
0.8235698801707619
0.8235698801707619
0.8235698801707619
0.8235698801707619
0.823197388771684
0.8235698801707619
0.8235698801707619
0.8235698801707619
0.8235698801707619
0.8235698801707619
0.8235698801707619
0.8235698801707619
