0.7849258628966929
0.7849258628966929
0.7849258628966929
0.7849258628966929
0.8155816857306472
0.8155816857306472
0.8155816857306472
0.7849258628966929
0.8155816857306472
0.8155816857306472
0.7849258628966929
0.8155816857306472
0.7849258628966929
0.7849258628966929
0.8155816857306472
0.8155816857306472
0.7849258628966929
0.8155816857306472
0.7263089843100372
0.8155816857306472
0.7849258628966929
0.8155816857306472
0.8155816857306472
0.7849258628966929
0.8155816857306472
0.7263089843100372
0.7849258628966929
0.7849258628966929
0.7849258628966929
0.8155816857306472
