0.8005774934576952
0.7815819281778807
0.7964445489618501
0.7903344064760696
0.7982138636320542
0.7851065380651138
0.8005774934576952
0.7964445489618501
0.7862014619802244
0.800744018241783
0.7964445489618501
0.8005774934576952
0.7900271559830608
0.7904582389757884
0.800744018241783
0.8005774934576952
0.7905009312601573
0.7900271559830608
0.8005774934576952
0.794160100478906
0.7964445489618501
0.7905009312601573
0.7900271559830608
0.8005774934576952
0.7946338757560024
0.7892394825609589
0.8011180396298874
0.7964445489618501
0.8048769627376281
0.785401567178967
