0.8046561304642968
0.8052384493510754
0.8049624863213322
0.8066204832935212
0.8036115014139599
0.8033509287660826
0.8103361916496442
0.8022909076495374
0.8077503048719433
0.8045976885354429
0.8045976885354429
0.8122257889031975
0.8044072231584916
0.8048078800605138
0.8136059500738894
0.8050841299103498
0.8038609161729761
0.8075193796617914
0.8045976885354429
0.8054371352040028
0.8061672203609677
0.8065157076260784
0.8084922685763435
0.805859949296286
0.8071160185639271
0.8030602618344532
0.8030605277222709
0.8038950196682175
0.8040074211601573
0.8036115014139599
