0.45679500122674055
0.44882605217578375
0.435196471949194
0.4470127806357308
0.49422797326415446
0.45305679921724706
0.4470127806357308
0.4914580590142109
0.44072360872112104
0.44295661036031164
0.45419425255871837
0.48635079614168475
0.4391597736963212
0.4639113480971412
0.4352819171705531
0.48636551708834685
0.45377367466788887
0.45280083226335577
0.47362971171146306
0.45512477040012844
0.48011370343158155
0.47838977423538254
0.45643948824916947
0.4774885070182152
0.435427574297754
0.5101700902062025
0.4410571216414647
0.5083926538428483
0.42492737624274657
0.4564406266390163
