0.8208065756359032
0.8223396215434461
0.821549604565123
0.8205191060191298
0.8223396215434461
0.8223396215434461
0.8223396215434461
0.8222085285598058
0.8223396215434461
0.8223256514168256
0.8223396215434461
0.8222085285598058
0.8223396215434461
0.8223396215434461
0.8223396215434461
0.8223396215434461
0.8223396215434461
0.8223396215434461
0.8212484999560026
0.8217700512858263
0.8218092341856501
0.8136915091315237
0.8219669935971251
0.8222085285598058
0.8223396215434461
0.8223396215434461
0.8223396215434461
0.8223396215434461
0.8223285299997605
0.8223285299997605
