0.757590410211387
0.7607237959379786
0.7519053958275139
0.7657862703170966
0.7604871699364899
0.7652207275033279
0.7745843870894605
0.7641020486725761
0.7646704537477109
0.7651403333811267
0.7542346987100147
0.7478764833473521
0.788461075830893
0.7596570587126006
0.755048766581107
0.760661110820118
0.7625038794749527
0.7605697659156159
0.7208560764847043
0.7788576739174741
0.7508738396407195
0.7831589881745081
0.7562077554921803
0.7618865459322002
0.7523609683581451
0.7773732150172482
0.7798707475363797
0.788905020363543
0.7642006715208994
0.7813291357960779
