0.8278170553163247
0.827817251324363
0.8278171402578635
0.8278180139684779
0.8278169768306752
0.8278169768306752
0.8278169768306752
0.8278173075667284
0.8278209523595226
0.8278171556379134
0.8278182441634598
0.8278171817541843
0.8278174443213036
0.8278195130776546
0.8278172038348819
0.816784186213128
0.8278169768306752
0.8278169768306752
0.8278179386444049
0.8278169768306752
0.8278173396274714
0.8278176938308648
0.8278173936815433
0.827817610770774
0.8278169768306752
0.8278171491437377
0.8278171857276333
0.8278183831753033
0.826855647599427
0.8278175027988289
