6.666666666666666574e-02
6.666666666666666574e-02
6.666666666666666574e-02
6.666666666666666574e-02
6.666666666666666574e-02
2.222222222222222099e-01
6.666666666666666574e-02
0.000000000000000000e+00
0.000000000000000000e+00
0.000000000000000000e+00
6.666666666666666574e-02
0.000000000000000000e+00
6.666666666666666574e-02
6.666666666666666574e-02
6.666666666666666574e-02
6.250000000000000000e-02
6.666666666666666574e-02
0.000000000000000000e+00
6.666666666666666574e-02
6.666666666666666574e-02
1.764705882352941291e-01
0.000000000000000000e+00
6.666666666666666574e-02
1.764705882352941291e-01
0.000000000000000000e+00
0.000000000000000000e+00
6.666666666666666574e-02
6.666666666666666574e-02
1.250000000000000000e-01
6.666666666666666574e-02
