0.4179480673967566
0.4179480673967566
0.4179480673967566
0.4179480673967566
0.4179480673967566
0.4179480673967566
0.5334402982433373
0.4179480673967566
0.5334402982433373
0.4179480673967566
0.4179480673967566
0.4179480673967566
0.4179480673967566
0.4179480673967566
0.4179480673967566
0.4179480673967566
0.4179480673967566
0.4179480673967566
0.4179480673967566
0.4179480673967566
0.4179480673967566
0.4179480673967566
0.43720105139474946
0.4179480673967566
0.4179480673967566
0.4179480673967566
0.49582594187446305
0.3786226209566197
0.4179480673967566
0.5334402982433373
