0.5061148221190751
0.5061148221190751
0.5061148221190751
0.5071255438891903
0.5061148221190751
0.5071255438891903
0.5073740815143184
0.5071255438891903
0.49545026100275513
0.5037218439763786
0.5033357599747642
0.5071255438891903
0.507335224752125
0.5061148221190751
0.5065009061206895
0.5061148221190751
0.47079208689455815
0.5061148221190751
0.5061148221190751
0.5061148221190751
0.5061148221190751
0.5071255438891903
0.5061148221190751
0.5071255438891903
0.5061148221190751
0.5061148221190751
0.5061148221190751
0.49545026100275513
0.49545026100275513
0.506209089276331
