0.34481090864326
0.34481090864326
0.3510814143979973
0.3510814143979973
0.3499124362813429
0.350737318576661
0.3510814143979973
0.3510814143979973
0.3510814143979973
0.3510814143979973
0.3510814143979973
0.3499124362813429
0.34481090864326
0.3521962329673712
0.3393037460464846
0.3511685204927165
0.33619937499887254
0.3510814143979973
0.3510814143979973
0.3454998127028755
0.21794800313903728
0.33626993493374785
0.33619937499887254
0.3510814143979973
0.3488158725333682
0.3510814143979973
0.34481090864326
0.33619937499887254
0.33619937499887254
0.3454998127028755
