0.5029322460027592
0.40867581657293167
0.03828138857645495
0.24293481771199682
0.4520496837888127
0.2565898283581282
0.4380295600853522
0.3514981504722986
0.3985454038785583
0.4460995383419454
0.44450053342291523
0.309081003477786
0.18956072165819174
0.2932960300541731
0.03826982373949168
0.0
0.196638747276485
0.4029849774831371
0.45274482765765534
0.3177975140495679
0.0
0.38590621105317435
0.309081003477786
0.015862384133230767
0.16692540153476906
0.33226576622818604
0.3992472814426959
0.25774066697814246
0.21322623035581156
0.20143891312430845
