0.34481090864326
0.34481090864326
0.34481090864326
0.34481090864326
0.34481090864326
0.34481090864326
0.34481090864326
0.34481090864326
0.34481090864326
0.34481090864326
0.34481090864326
0.34481090864326
0.34481090864326
0.34481090864326
0.34481090864326
0.34481090864326
0.34481090864326
0.34481090864326
0.34481090864326
0.34205025034059483
0.34481090864326
0.34481090864326
0.34481090864326
0.34481090864326
0.34481090864326
0.34481090864326
0.34481090864326
0.34481090864326
0.34481090864326
0.34481090864326
