0.6532129228112813
0.6533535344795663
0.6532531261558437
0.6532129228112813
0.6532129228112813
0.6532129228112813
0.6539468909665387
0.6532129228112813
0.6577046981932375
0.6488454294975315
0.6532129228112813
0.6532129228112813
0.6532129228112813
0.6539468909665387
0.6532129228112813
0.6532129228112813
0.6488827436854295
0.6532129228112813
0.6501991952781068
0.6532129228112813
0.6532129228112813
0.6532129228112813
0.6532129228112813
0.6577307679146728
0.6533535344795663
0.6532448213282587
0.6321918971975686
0.654011896166621
0.66114123592813
0.6534258260814209
