0.000000000000000000e+00
3.225806451612903136e-02
0.000000000000000000e+00
0.000000000000000000e+00
0.000000000000000000e+00
0.000000000000000000e+00
0.000000000000000000e+00
0.000000000000000000e+00
0.000000000000000000e+00
0.000000000000000000e+00
0.000000000000000000e+00
0.000000000000000000e+00
3.125000000000000000e-02
0.000000000000000000e+00
0.000000000000000000e+00
0.000000000000000000e+00
3.030303030303030387e-02
3.225806451612903136e-02
3.125000000000000000e-02
0.000000000000000000e+00
3.030303030303030387e-02
0.000000000000000000e+00
3.125000000000000000e-02
0.000000000000000000e+00
0.000000000000000000e+00
0.000000000000000000e+00
0.000000000000000000e+00
0.000000000000000000e+00
0.000000000000000000e+00
0.000000000000000000e+00
