0.833536921693363
0.833536921693363
0.833536921693363
0.833536921693363
0.833536921693363
0.833536921693363
0.833536921693363
0.833536921693363
0.833536921693363
0.7823028316188528
0.833536921693363
0.833536921693363
0.833536921693363
0.833536921693363
0.833536921693363
0.833536921693363
0.833536921693363
0.833536921693363
0.833536921693363
0.833536921693363
0.833536921693363
0.833536921693363
0.833536921693363
0.8263255969525302
0.833536921693363
0.833536921693363
0.833536921693363
0.833536921693363
0.833536921693363
0.833536921693363
