0.34481090864326
0.34481090864326
0.34481090864326
0.34481090864326
0.34481090864326
0.34481090864326
0.34481090864326
0.34481090864326
0.34481090864326
0.34481090864326
0.34481090864326
0.34481090864326
0.34481090864326
0.34481090864326
0.34481090864326
0.34481090864326
0.34481090864326
0.34481090864326
0.34481090864326
0.34481090864326
0.34481090864326
0.34481090864326
0.34481090864326
0.34481090864326
0.34481090864326
0.34481090864326
0.34481090864326
0.34481090864326
0.34481090864326
0.34481090864326
