0.6611705550712216
0.6612261533200168
0.6617313836108865
0.6612787519416222
0.6613118211198944
0.661337063310768
0.6613523474942574
0.6629257569469744
0.6613118211198944
0.6613523474942574
0.6614235158000237
0.6613118211198944
0.6613118211198944
0.6613640913626774
0.6611873056027494
0.6613523474942574
0.6613118211198944
0.6612755682699996
0.6613118211198944
0.6613118211198944
0.6611904945403674
0.661717615206203
0.6612755682699996
0.6612755682699996
0.6613118211198944
0.6614235158000237
0.6634814290381212
0.6613118211198944
0.6613118211198944
0.6614235158000237
