0.46535456454248963
0.4872121108662803
0.5018588615967883
0.5021313122463342
0.49596776793752817
0.5144731676125271
0.5176084265860282
0.47016361111630905
0.4840884170706526
0.4985936568923276
0.4952579923251386
0.5171671438733316
0.5040997072528425
0.5164193871045695
0.45227649318645874
0.45194061205774544
0.5325034000811768
0.506544916551136
0.5138037724736384
0.45928465971829957
0.49841687923444766
0.46427934367797324
0.47879335525889616
0.5138396909835076
0.5277560385815431
0.46781410525028355
0.47984010426507456
0.4938705554884367
0.4901963687319578
0.5176188212540014
