0.2553492798764818
0.2553492798764818
0.2553492798764818
0.25934736173283457
0.2553492798764818
0.2553492798764818
0.2553492798764818
0.2553492798764818
0.2553492798764818
0.2553492798764818
0.25934736173283457
0.2553492798764818
0.2553492798764818
0.2553492798764818
0.2553492798764818
0.2553492798764818
0.2553492798764818
0.2553492798764818
0.2553492798764818
0.2553492798764818
0.25934736173283457
0.25934736173283457
0.2553492798764818
0.2553492798764818
0.25934736173283457
0.2553492798764818
0.2553492798764818
0.2553492798764818
0.2553492798764818
0.2553492798764818
