0.6497466240320274
0.6497466240320274
0.6497466240320274
0.6497466240320274
0.6497466240320274
0.6497466240320274
0.6497466240320274
0.6497466240320274
0.6497466240320274
0.6517781254148933
0.6497466240320274
0.6497466240320274
0.6497466240320274
0.6497466240320274
0.6497466240320274
0.6497466240320274
0.6497466240320274
0.6497466240320274
0.6497466240320274
0.6517781254148933
0.6497466240320274
0.6497466240320274
0.6497466240320274
0.6497466240320274
0.6497466240320274
0.6497466240320274
0.6497466240320274
0.6497466240320274
0.6497466240320274
0.6497466240320274
