0.9838639252941609
0.9838639252941609
0.9838639252941609
0.9838639252941609
0.9838639252941609
0.9838639252941609
0.9838639252941609
0.9838639252941609
0.9838639252941609
0.9574875183596268
0.9838639252941609
0.9838639252941609
0.9838639252941609
0.9838639252941609
0.9838639252941609
0.9838639252941609
0.9838639252941609
0.9838639252941609
0.9838639252941609
0.9838639252941609
1.0
0.9838639252941609
0.9838639252941609
0.9838639252941609
0.9838639252941609
0.9838639252941609
0.9838639252941609
0.9838639252941609
0.9838639252941609
0.9838639252941609
