0.7158922325854278
0.7194855418960279
0.7194855418960279
0.7158922325854278
0.7194855418960279
0.7158922325854278
0.7138793649167342
0.7194855418960279
0.7158922325854278
0.7194855418960279
0.7194855418960279
0.7158922325854278
0.7140728719196598
0.7158922325854278
0.7158922325854278
0.7158922325854278
0.7158922325854278
0.7072749486756367
0.7158922325854278
0.7158922325854278
0.7194855418960279
0.7158922325854278
0.7158922325854278
0.7194855418960279
0.7194855418960279
0.7158922325854278
0.7158922325854278
0.7194855418960279
0.7158922325854278
0.7194855418960279
