0.7162261858130767
0.7226737353911633
0.7186669697710921
0.7144356614741357
0.7244907180959874
0.7176762088142454
0.7113938432314765
0.7212937419527848
0.7212081592658679
0.7172323393464314
0.7203384647172846
0.727039017271622
0.723408114232309
0.7272847619560469
0.7218071284829435
0.7147264767158054
0.7143949823198451
0.7196968552586214
0.7189820349720694
0.7196846157968265
0.71347818114002
0.7190933885401954
0.7219336513527318
0.7150714211991763
0.71872191094469
0.7133842560814488
0.7219953435508804
0.7207535725832283
0.7178164307085266
0.7181815883887945
