0.8455013886638237
0.8455013886638237
0.8455013886638237
0.8455013886638237
0.8455013886638237
0.8455013886638237
0.8455013886638237
0.8455013886638237
0.8455013886638237
0.8455013886638237
0.8455013886638237
0.8455013886638237
0.8455013886638237
0.8455013886638237
0.8455013886638237
0.8425531443418149
0.8410050650431138
0.8455013886638237
0.8432004225582808
0.8455013886638237
0.8455013886638237
0.8455013886638237
0.8455013886638237
0.8455013886638237
0.8455013886638237
0.8455013886638237
0.8455013886638237
0.8455013886638237
0.8425531443418149
0.8455013886638237
