0.6653383838326852
0.6653383838326852
0.6653383838326852
0.6653383838326852
0.7067937069189183
0.7067937069189183
0.5780733368400421
0.6653383838326852
0.6653383838326852
0.5780733368400421
0.6653383838326852
0.6653383838326852
0.7067937069189183
0.5780733368400421
0.6653383838326852
0.5780733368400421
0.7067937069189183
0.7067937069189183
0.7067937069189183
0.7067937069189183
0.6653383838326852
0.6653383838326852
0.5791856070941812
0.5789259085699038
0.7067937069189183
0.6653383838326852
0.7067937069189183
0.6653383838326852
0.6653383838326852
0.5780733368400421
