0.6156152646871981
0.7088195592723563
0.6768682250625544
0.7184793008816317
0.6509495197626824
0.7088195592723563
0.6606092613719579
0.6509495197626824
0.6659273394348544
0.6509495197626824
0.7088195592723563
0.7088195592723563
0.6587348879617384
0.7088195592723563
0.7300159452658848
0.656267597825579
0.6509495197626824
0.656267597825579
0.7088195592723563
0.7088195592723563
0.6059845250234926
0.7184793008816317
0.6509495197626824
0.6509495197626824
0.7088195592723563
0.6439578277149228
0.6509495197626824
0.6509495197626824
0.6509495197626824
0.7099707211505946
