0.7194855418960279
0.7194855418960279
0.7194855418960279
0.7194855418960279
0.7194855418960279
0.7194855418960279
0.7194855418960279
0.7194855418960279
0.7194855418960279
0.6992554159276833
0.7194855418960279
0.7194855418960279
0.7194855418960279
0.7194855418960279
0.7194855418960279
0.7194855418960279
0.6503117675215062
0.7194855418960279
0.6741233888543382
0.7194855418960279
0.7194855418960279
0.7194855418960279
0.7194855418960279
0.7194855418960279
0.7194855418960279
0.7194855418960279
0.6696274122812529
0.7194855418960279
0.7194855418960279
0.7194855418960279
