0.7977592514224128
0.7974187381067697
0.7977592514224128
0.7977592514224128
0.7977592514224128
0.7977592514224128
0.7974187381067697
0.7977592514224128
0.7977592514224128
0.7859445776585672
0.7977592514224128
0.7973927024157577
0.7977592514224128
0.7977592514224128
0.7977592514224128
0.7977592514224128
0.7977592514224128
0.7977592514224128
0.7977592514224128
0.7974187381067697
0.7977592514224128
0.7977592514224128
0.7977592514224128
0.7974187381067697
0.7974187381067697
0.7977592514224128
0.7977592514224128
0.7977592514224128
0.7977592514224128
0.7973927024157577
