0.8223396215434461
0.8223396215434461
0.8213958041322279
0.8223396215434461
0.8223396215434461
0.8223396215434461
0.8223396215434461
0.8219669935971251
0.8223396215434461
0.8223396215434461
0.8223396215434461
0.8223396215434461
0.8219669935971251
0.8223396215434461
0.8223396215434461
0.8223396215434461
0.8223396215434461
0.8223396215434461
0.8223396215434461
0.8223396215434461
0.8223396215434461
0.8223396215434461
0.8223396215434461
0.8223396215434461
0.8223396215434461
0.8223396215434461
0.8223396215434461
0.8223396215434461
0.8223396215434461
0.8223396215434461
