0.9480035062178811
0.9480079460750198
0.9480035062178811
0.9480035062178811
0.8505270872866197
0.8558598424000385
0.9480035062178811
0.903132864068259
0.9347145579570661
0.9012502962770189
0.9480035062178811
0.9480035062178811
0.8361369682567855
0.9480046849477058
0.8722469419482171
0.8603673533588544
0.8340402477365979
0.9480035062178811
0.8645609588359369
0.9090987550014122
0.9347145579570661
0.9045864662994799
0.9480079460750198
0.8422805491966424
0.8176482088528717
0.9480038950414621
0.8643286985437317
0.8562119290726802
0.8706675314123352
0.9480035062178811
