0.7892315553167528
0.7892315553167528
0.7892315553167528
0.7892315553167528
0.7892315553167528
0.7892315553167528
0.7892315553167528
0.7892315553167528
0.7892315553167528
0.7892315553167528
0.7892315553167528
0.7892315553167528
0.7892315553167528
0.7892315553167528
0.7892315553167528
0.7892315553167528
0.7892315553167528
0.7892315553167528
0.7892315553167528
0.7892315553167528
0.7892315553167528
0.7892315553167528
0.7587020142955697
0.7892315553167528
0.7892315553167528
0.7892315553167528
0.7892315553167528
0.7892315553167528
0.7892315553167528
0.7892315553167528
