0.5071255438891903
0.5061148221190751
0.5070967782559785
0.506783991611714
0.5061148221190751
0.5061148221190751
0.5061148221190751
0.5061148221190751
0.5061148221190751
0.5075261430635105
0.5061148221190751
0.5061148221190751
0.5061148221190751
0.5081075000260937
0.5076436776764994
0.5061148221190751
0.5063254820963028
0.5061148221190751
0.5063245029820097
0.5061148221190751
0.5061148221190751
0.5061148221190751
0.5061148221190751
0.5061148221190751
0.5071255438891903
0.5071255438891903
0.5061148221190751
0.5103888298753642
0.506783991611714
0.5061148221190751
