0.7942852260868339
0.798329448325478
0.798329448325478
0.798329448325478
0.7854640256678044
0.7854640256678044
0.7854640256678044
0.7854640256678044
0.7854640256678044
0.798329448325478
0.7854640256678044
0.7921115237776598
0.798329448325478
0.7854640256678044
0.798329448325478
0.7854640256678044
0.7854640256678044
0.7854640256678044
0.7854640256678044
0.7854640256678044
0.7944389957998904
0.7854640256678044
0.7854640256678044
0.798329448325478
0.798329448325478
0.7944389957998904
0.7854640256678044
0.7854640256678044
0.8049362782064621
0.7854640256678044
