0.7996100234166537
0.6883870290704739
0.7996060862582519
0.6883870290704739
0.7996060862582519
0.7981413639685233
0.7989079811582372
0.7990411567095872
0.72839336843219
0.6149795886142974
0.7985096174021534
0.7996060862582519
0.7996060862582519
0.7990411567095872
0.7996060862582519
0.7996060862582519
0.7992750285874278
0.7992750285874278
0.7996060862582519
0.7992750285874278
0.7996060862582519
0.7978277820147759
0.7996060862582519
0.7996060862582519
0.7996060862582519
0.6753755035853188
0.6741608939734922
0.7996060862582519
0.7996060862582519
0.6601193029851429
