0.875296958127466
0.8870200901488517
0.886760586427712
0.8869509194731953
0.8754305940091377
0.8869883205020938
0.874192003521105
0.8876298959697931
0.8875960532227671
0.8829570951718777
0.8866681634651388
0.8741646068432573
0.8868200296079852
0.8853359384015813
0.8883310475542632
0.8743505882853914
0.8877754534324177
0.8883578657077994
0.8883781853089978
0.8873990387881996
0.8747720439046173
0.8883574546265028
0.8870971008545793
0.8877149159141083
0.8739782751797396
0.8866303662593834
0.8869474002695504
0.8817561143928732
0.887494806283314
0.8859920470871195
