0.8300536130089488
0.8312926211170545
0.8310084373949782
0.8311919386584385
0.8303033467304999
0.8308808679117331
0.8312084767341591
0.8299140159694699
0.8279068513563946
0.8274385252442703
0.8300749110832768
0.8304333928366316
0.8297288350871362
0.8309412958919039
0.8311433674462626
0.830470042844391
0.8302328200258424
0.8295989998497589
0.8310615883974904
0.8314020348975744
0.8296949165835077
0.829722150205452
0.8299765221211785
0.830578350903392
0.828336158133776
0.8302569300115116
0.8312169014438671
0.8303454020680743
0.8301214071692227
0.8309899910350084
