0.781354053284458
0.768313636961408
0.8275369414195229
0.7597088244162176
0.7546139154478425
0.7567721376554387
0.8031427319346792
0.7569062818910693
0.7583380001370686
0.7604174661425929
0.7564858100910163
0.8059557276743232
0.7569062818910693
0.7947068356769823
0.7632611028618157
0.7582890028900059
0.7571910439147608
0.7595936163039512
0.7584661758353015
0.759301926238541
0.7594539239201777
0.7605331398975742
0.7564858100910163
0.7546139154478425
0.7774254972263233
0.7773662795757459
0.7793420480783753
0.7725492977994544
0.7580288884824746
0.7564858100910163
