0.7854640256678044
0.7854640256678044
0.7854640256678044
0.7942852260868339
0.7854640256678044
0.7854640256678044
0.7854640256678044
0.7854640256678044
0.7854640256678044
0.7854640256678044
0.7854640256678044
0.7941955052001984
0.7854640256678044
0.7854640256678044
0.7854640256678044
0.7918742914015322
0.7854640256678044
0.7854640256678044
0.7854640256678044
0.7854640256678044
0.7854640256678044
0.7854640256678044
0.798329448325478
0.7854640256678044
0.7941955052001984
0.7854640256678044
0.7854640256678044
0.7854640256678044
0.7854640256678044
0.7854640256678044
