0.857390977335605
0.8546575259900656
0.8572676292464895
0.8570831220563083
0.8579698561784045
0.8575547097829693
0.8565878579310466
0.8472427087402071
0.8571130678724842
0.8577779459059359
0.8577184422303336
0.8582388465137398
0.8544767623996234
0.8544767623996234
0.8577396091591882
0.8575547097829693
0.8558279415827009
0.8563675105675107
0.8577779459059359
0.8583568247487354
0.8551580889252132
0.8574459151909855
0.858285551456715
0.8574313616938538
0.857390977335605
0.855200147351403
0.8559338986350863
0.8565878579310466
0.8561039153199375
0.8580743291727683
