0.8278169768306752
0.8278169768306752
0.8278169768306752
0.8278169768306752
0.8278169768306752
0.8278169768306752
0.8278169768306752
0.8278169768306752
0.8278169768306752
0.8278169768306752
0.8278169768306752
0.8278169768306752
0.8278169768306752
0.8278169768306752
0.8278169768306752
0.8278169768306752
0.8278169768306752
0.8278169768306752
0.8278169768306752
0.8278169768306752
0.8278169768306752
0.8278169768306752
0.8278169768306752
0.8278169768306752
0.8278169768306752
0.8278169768306752
0.8278169768306752
0.8278169768306752
0.8278169768306752
0.8278169768306752
