0.9982234285473592
0.9988195761195141
0.9994062232926022
0.9994062232926022
0.9994062232926022
0.9994062232926022
0.9994062232926022
0.9982234285473592
0.9994062232926022
0.9988195761195141
0.9994062232926022
0.9994062232926022
0.9994062232926022
0.9988195761195141
0.9988195761195141
0.9994062232926022
0.9988195761195141
0.9994062232926022
0.9994062232926022
0.9988195761195141
0.9994062232926022
0.9994062232926022
0.9988195761195141
0.9994062232926022
0.9994062232926022
0.9994062232926022
0.9994062232926022
0.9994062232926022
0.9994062232926022
0.9994062232926022
