0.7597917477204578
0.771732290080405
0.7774195408356089
0.7701034725504475
0.7702652554700774
0.7710648827202186
0.7670326565137788
0.7655122603348533
0.7674778837207441
0.7655054655170486
0.7627737505494732
0.7607223277149393
0.7625642534050726
0.7635137467879592
0.7681499034612881
0.7739950263066703
0.7674116057930744
0.7821555044557263
0.7574727442045073
0.7689960386728935
0.771023818678653
0.7688346576570578
0.7604239750284353
0.7695867264670833
0.7630700289516746
0.7673857507580745
0.7709970028836717
0.7585835620036063
0.7697252179647734
0.7659255302944382
