0.42714280224085543
0.4759012121887277
0.44989547138136465
0.4537601380472783
0.48011370343158155
0.456429061802053
0.4832982141463038
0.431857414973439
0.49476531617920605
0.43199100551646574
0.4576418561090074
0.455957626756189
0.503198515745523
0.4916038196512579
0.4470127806357308
0.43918849865319065
0.4646312132950948
0.42265036108824106
0.451869970147068
0.4537601380472783
0.4815495124879279
0.4438678849917437
0.4564406266390163
0.4537601380472783
0.459465545454143
0.42714280224085543
0.45641587194219835
0.4642351791907593
0.5087298607417395
0.45641587194219835
