0.7607850122218385
0.7633401355145133
0.7641860263297436
0.7603307658495436
0.7645690793032588
0.7629212824401045
0.7642828015976181
0.764419444015698
0.765258134430678
0.7679648939490367
0.7713428140560086
0.7658443035361927
0.7675981833130999
0.7635078810178627
0.7639819670832608
0.7630133021356691
0.7618210147856185
0.7624760339059657
0.7585818784638805
0.7648324128640673
0.7656166506535551
0.7638014361407413
0.7593971740828662
0.7649409023685819
0.7651802883749845
0.759906916699634
0.7588762474039187
0.7600332797267072
0.7611966117109528
0.7639694922582684
