0.7766856220370651
0.7988180505045311
0.7968191651796835
0.7981767869514034
0.8123682460553636
0.7938661382411661
0.7893863437502474
0.8003476306152274
0.7987566237221857
0.8065968231209554
0.8085991990528171
0.8091611547351988
0.8020901714561169
0.7925336513720974
0.802737350418034
0.798633550931209
0.7982966652228037
0.7938801142933963
0.7980353959593449
0.8059100492203679
0.8124443546824939
0.8021519719550708
0.771162471405325
0.8061222293786923
0.7965896665309865
0.8033392172171827
0.8051219506915185
0.8154529620793606
0.8097041654618502
0.8058744733883907
