0.7955245771817474
0.7906864358378525
0.7947229349891949
0.7885725034579166
0.8012594536789137
0.8070300416331382
0.7943273944284559
0.7834945868673389
0.786224440630357
0.7975161917319776
0.7935443305178804
0.7951461437749968
0.7875054299820402
0.8012441416297745
0.8035899132119368
0.801615179239731
0.7960336004414386
0.7874823738129207
0.8000563759336652
0.7876868150293452
0.7860313667966304
0.8044402372158914
0.7916129317146985
0.7987190169664784
0.7939572583634307
0.8030372394142915
0.7949895323147727
0.8058228507399483
0.7879181155103228
0.790845523093805
