0.9542017931807618
0.9541622732272244
0.9541622732272244
0.9528670120298844
0.9541622732272244
0.9541622732272244
0.9542017931807618
0.9528330604382989
0.9528330604382989
0.9534959097983691
0.9534994217678184
0.9534994217678184
0.9528602811497744
0.9534994217678184
0.9534994217678184
0.9534994217678184
0.9534994217678184
0.9535020547849296
0.9541622732272244
0.9534891788546432
0.9541417914483766
0.9528330604382989
0.9534994217678184
0.9541622732272244
0.9541622732272244
0.9534959097983691
0.9528330604382989
0.9534959097983691
0.9548046511964465
0.9534994217678184
