0.9379857541471024
0.937985654059046
0.9379857930207733
0.9378929457711395
0.937985654059046
0.9378929065184677
0.9378927464602875
0.9379856148063742
0.9378934761270766
0.9320824851398511
0.937985654059046
0.9379857230105879
0.937985654059046
0.9380034124995917
0.9378930458591959
0.9379854547481941
0.9378927464602875
0.9378927827343224
0.9193945755039483
0.937892767457635
0.9379854757455415
0.9379854757455415
0.937892767457635
0.9379854757455415
0.9362869125546839
0.9378929457711395
0.9384505608903656
0.9379860446514034
0.9379854547481941
0.9379854757455415
