1.785714285714285615e-02
1.785714285714285615e-02
1.785714285714285615e-02
1.785714285714285615e-02
1.785714285714285615e-02
3.508771929824561209e-02
1.785714285714285615e-02
1.785714285714285615e-02
1.785714285714285615e-02
1.785714285714285615e-02
0.000000000000000000e+00
0.000000000000000000e+00
1.785714285714285615e-02
0.000000000000000000e+00
0.000000000000000000e+00
0.000000000000000000e+00
0.000000000000000000e+00
6.666666666666666574e-02
1.785714285714285615e-02
1.754385964912280604e-02
1.785714285714285615e-02
1.785714285714285615e-02
0.000000000000000000e+00
1.785714285714285615e-02
1.785714285714285615e-02
1.785714285714285615e-02
1.785714285714285615e-02
1.785714285714285615e-02
1.785714285714285615e-02
0.000000000000000000e+00
