0.80406094691316
0.8057087340004483
0.8072890245385607
0.8039808428754464
0.8058883767649275
0.8059788302558073
0.8037984333464105
0.8050013587453964
0.8058883767649275
0.7962621626671562
0.8051470589929871
0.8123909707045166
0.8058883767649275
0.8042771736076862
0.805996051754532
0.8038751075411531
0.8024384863501208
0.8060707862939633
0.808439055151308
0.8049646494639513
0.8055894922926966
0.804183739476869
0.8079177775328749
0.8058883767649275
0.8027295053968646
0.8049646494639513
0.7994106021988567
0.8037984333464105
0.8060707862939633
0.8060707862939633
