0.7273408144676987
0.7273408144676987
0.7273408144676987
0.7273408144676987
0.7273408144676987
0.7273408144676987
0.7273408144676987
0.7273408144676987
0.7273408144676987
0.7273408144676987
0.7273408144676987
0.7273408144676987
0.7273408144676987
0.7273408144676987
0.7273408144676987
0.7273408144676987
0.7273408144676987
0.7273408144676987
0.7273408144676987
0.7273408144676987
0.7273408144676987
0.7273408144676987
0.7273408144676987
0.7273408144676987
0.7273408144676987
0.7273408144676987
0.7273408144676987
0.7273408144676987
0.7273408144676987
0.7273408144676987
