0.6231169229732372
0.6088430477517391
0.6231169229732372
0.6233372907920737
0.6231169229732372
0.6231169229732372
0.6231169229732372
0.6231169229732372
0.6231169229732372
0.6231169229732372
0.6231169229732372
0.6231169229732372
0.6231169229732372
0.6231169229732372
0.6231169229732372
0.6231169229732372
0.6231169229732372
0.6231169229732372
0.6231169229732372
0.6231169229732372
0.6231169229732372
0.579422884200015
0.6231169229732372
0.6086226799329026
0.6231169229732372
0.6202060776130178
0.6231169229732372
0.6231169229732372
0.6231169229732372
0.6231169229732372
