0.9183475902689805
0.9183475902689805
0.9183475902689805
0.9177275222058257
0.9183475902689805
0.9183475902689805
0.9183475902689805
0.8213742363132799
0.9183475902689805
0.9183475902689805
0.7785139905469283
0.9183475902689805
0.9183475902689805
0.9183475902689805
0.9599762637192323
0.9183475902689805
0.9183475902689805
0.9183475902689805
0.9183475902689805
0.9183475902689805
0.9183475902689805
0.9183475902689805
0.9183475902689805
0.9183475902689805
0.9183475902689805
0.9183475902689805
0.9183475902689805
0.9183475902689805
0.9183475902689805
0.9183475902689805
