0.6887286078448027
0.6894733152506952
0.6996120762325991
0.704816321310956
0.7032566003698574
0.6885001579022865
0.7050133365001446
0.703254042503325
0.6893362372157169
0.6886089644004303
0.6886192100145543
0.7034232994014253
0.7125331056995858
0.7042955679199274
0.6947078080741995
0.6895034896809469
0.7017951784212165
0.6889337122358447
0.7126064719674884
0.6938369749439959
0.6987638074481153
0.707877944234382
0.691774039724845
0.6895939743868577
0.7022000355685848
0.6934098453465205
0.6967032601020966
0.6875585167360421
0.6998546894050961
0.6872411604926711
