0.3510814143979973
0.36371255131040964
0.3510814143979973
0.350737318576661
0.3499124362813429
0.35983799523371257
0.3510814143979973
0.34481090864326
0.3510814143979973
0.350737318576661
0.3510814143979973
0.3510814143979973
0.3510814143979973
0.34481090864326
0.3532138973790368
0.3510814143979973
0.34481090864326
0.34481090864326
0.34481090864326
0.3488158725333682
0.3510814143979973
0.3510814143979973
0.3488158725333682
0.3510814143979973
0.3522090399067266
0.34481090864326
0.350737318576661
0.3510814143979973
0.350737318576661
0.3510814143979973
