0.6885048435097734
0.695749192385925
0.6872657370741821
0.6883611774588574
0.6924705998886349
0.6886741930534673
0.6907674175597146
0.6919716827167993
0.6851308685881952
0.6897993723454288
0.6979743556411652
0.6895742338275436
0.6873411475692613
0.6824656477297623
0.6939143277868873
0.6891925077059493
0.6899660961842119
0.695170062726741
0.6908968560134483
0.6856867609440856
0.6862192374191152
0.6818958108087926
0.6868907452366986
0.6908055010926294
0.6956455486614423
0.6885839006084763
0.6946336098793461
0.6861006341963712
0.6858742942815369
0.691907449936181
