0.7889771438572496
0.7889771438572496
0.7889771438572496
0.7889771438572496
0.7889771438572496
0.7889771438572496
0.7889771438572496
0.7889771438572496
0.7889771438572496
0.7889771438572496
0.7889771438572496
0.7889771438572496
0.7889771438572496
0.7889771438572496
0.7889771438572496
0.7889771438572496
0.7889771438572496
0.7889771438572496
0.7889771438572496
0.788948505560863
0.7889673759034865
0.7889771438572496
0.7889771438572496
0.7889771438572496
0.7889771438572496
0.7889771438572496
0.7889771438572496
0.7889771438572496
0.7889771438572496
0.7889771438572496
