0.47891587000805924
0.47891587000805924
0.4752560291243758
0.4752560291243758
0.4752560291243758
0.47891587000805924
0.4752560291243758
0.4752560291243758
0.47891587000805924
0.4752560291243758
0.4752560291243758
0.47891587000805924
0.4752560291243758
0.4752560291243758
0.4752560291243758
0.4752560291243758
0.4752560291243758
0.4752560291243758
0.4752560291243758
0.47891587000805924
0.4752560291243758
0.47891587000805924
0.4752560291243758
0.47891587000805924
0.47891587000805924
0.4752560291243758
0.4752560291243758
0.47891587000805924
0.47891587000805924
0.47891587000805924
