0.8570936933149679
0.8482051746726617
0.8414026232370394
0.8414026232370394
0.8414026232370394
0.8570548141865945
0.8570936933149679
0.8414026232370394
0.8414026232370394
0.8414026232370394
0.8414026232370394
0.8414026232370394
0.8421854833229891
0.8414026232370394
0.8414026232370394
0.8414026232370394
0.8414026232370394
0.8570936933149679
0.8570936933149679
0.8570936933149679
0.8414026232370394
0.8414026232370394
0.8414026232370394
0.8414026232370394
0.8414026232370394
0.8136926904336661
0.8414026232370394
0.8414026232370394
0.8414026232370394
0.8570936933149679
