0.8191789129772644
0.8265564394352515
0.8280272882067939
0.8239275465296064
0.8151645725967706
0.8175566552508144
0.8218929004878541
0.8213290194577646
0.818285447719003
0.8221973687559858
0.8215727785738325
0.8210353720334819
0.8247321185941741
0.8177075356357815
0.8279665814355149
0.8235735594627682
0.8196686932471516
0.8175376454920101
0.8198136209041796
0.8233107222681605
0.8287182632110639
0.8261413686327617
0.8210295297905451
0.820152706325753
0.8203954496580129
0.8214292961497949
0.821962045281667
0.8280681161009639
0.8147697531769476
0.820353079126711
