0.7194855418960279
0.7194855418960279
0.7194855418960279
0.7040436693063181
0.7194855418960279
0.7194855418960279
0.7194855418960279
0.7194855418960279
0.7194855418960279
0.7194855418960279
0.499178426281856
0.7194855418960279
0.7194855418960279
0.7194855418960279
0.7194855418960279
0.7194855418960279
0.7194855418960279
0.7194855418960279
0.7147285789962151
0.7194855418960279
0.7194855418960279
0.7194855418960279
0.7194855418960279
0.7194855418960279
0.7194855418960279
0.499178426281856
0.7194855418960279
0.7194855418960279
0.7194855418960279
0.7194855418960279
