0.7846307172796501
0.7853799511612702
0.7853799511612702
0.7853799511612702
0.7853799511612702
0.7853799511612702
0.7853799511612702
0.7853799511612702
0.7853799511612702
0.781664844838096
0.7853799511612702
0.7853799511612702
0.7853799511612702
0.7853799511612702
0.7853799511612702
0.7853799511612702
0.7853799511612702
0.7853799511612702
0.7808242606414564
0.7853799511612702
0.7853799511612702
0.7853799511612702
0.7853799511612702
0.7853799511612702
0.7933038657196709
0.7853799511612702
0.7921616961916581
0.7853799511612702
0.7853799511612702
0.7853799511612702
