0.9464490568348196
0.9534994217678184
0.9534994217678184
0.9464490568348196
0.9470697232260089
0.9464490568348196
0.9464490568348196
0.9534994217678184
0.9534994217678184
0.9471674911281417
0.9534994217678184
0.9478428177643239
0.9464490568348196
0.9534994217678184
0.9464490568348196
0.9534994217678184
0.9464490568348196
0.9478524217692915
0.9464490568348196
0.9534994217678184
0.9509529697812591
0.9464490568348196
0.9483666053428
0.9464490568348196
0.9534994217678184
0.9497246806354342
0.9464490568348196
0.9464490568348196
0.9464490568348196
0.9534994217678184
