0.9227893317893162
0.9291339689810874
0.940953343538828
0.9461415918386831
0.9227636031301069
0.9220056280737524
0.9228306122093974
0.9291424355799769
0.9291445633896959
0.9198672306183713
0.9219851849792454
0.9227703763311543
0.9409439906059813
0.9219906110879542
0.9219923965449656
0.940940040695886
0.9219855849567632
0.929150882344229
0.9420834324964843
0.9227942500054324
0.9400604329050708
0.9409614653478098
0.921979520602975
0.9227647818599316
0.9385841858085243
0.9220106732138418
0.9220395339325751
0.9219898441972394
0.9409506563986704
0.9220204886446741
