1.147540983606557402e-01
3.389830508474576259e-02
3.508771929824561209e-02
1.129032258064516098e-01
3.389830508474576259e-02
5.263157894736841813e-02
1.290322580645161255e-01
7.936507936507936067e-02
9.836065573770491621e-02
1.129032258064516098e-01
1.428571428571428492e-01
1.290322580645161255e-01
1.764705882352941291e-01
1.499999999999999944e-01
9.677419354838709409e-02
0.000000000000000000e+00
1.785714285714285615e-02
3.513513513513513709e-01
8.620689655172414367e-02
5.263157894736841813e-02
8.474576271186440302e-02
3.389830508474576259e-02
1.718750000000000000e-01
8.510638297872340219e-02
0.000000000000000000e+00
1.333333333333333315e-01
1.000000000000000056e-01
1.250000000000000000e-01
1.764705882352941291e-01
1.025641025641025605e-01
