0.6612698497056733
0.6613875431837859
0.6611669280055935
0.6613118211198944
0.6613787138765148
0.6611766874390105
0.6611920720107504
0.6611669280055935
0.661393237730555
0.6611669280055935
0.6611669280055935
0.6613106684922692
0.6611669280055935
0.661285938204632
0.6614573496740261
0.6588382682973113
0.6611669280055935
0.6611669280055935
0.6611669280055935
0.6611669280055935
0.6611753252091547
0.6611762678961062
0.6612103766007451
0.6629000543566325
0.6611669280055935
0.6611898920450321
0.6611669280055935
0.6611669280055935
0.6589140539323595
0.6613556695638535
