7.692307692307692735e-02
2.702702702702702853e-02
0.000000000000000000e+00
1.000000000000000056e-01
0.000000000000000000e+00
1.219512195121951192e-01
1.000000000000000056e-01
2.777777777777777624e-02
0.000000000000000000e+00
0.000000000000000000e+00
0.000000000000000000e+00
0.000000000000000000e+00
0.000000000000000000e+00
2.702702702702702853e-02
2.702702702702702853e-02
2.702702702702702853e-02
5.555555555555555247e-02
0.000000000000000000e+00
5.263157894736841813e-02
0.000000000000000000e+00
0.000000000000000000e+00
2.777777777777777624e-02
1.219512195121951192e-01
2.702702702702702853e-02
1.000000000000000056e-01
2.702702702702702853e-02
5.263157894736841813e-02
0.000000000000000000e+00
7.692307692307692735e-02
0.000000000000000000e+00
