0.661122312277272
0.6584197426976369
0.6585497482733935
0.6364208738553002
0.6578577240068024
0.6584197426976369
0.6620461772172136
0.6630390459173684
0.6397194836727779
0.6585435284184029
0.6584197426976369
0.6585497482733935
0.6584197426976369
0.6584892006113906
0.6584197426976369
0.6341987418993563
0.6343123817413108
0.6348334330960236
0.6589046702962807
0.6584197426976369
0.6584197426976369
0.6584197426976369
0.661122312277272
0.661246097998038
0.6584197426976369
0.6584197426976369
0.629277342824965
0.6654860766010452
0.6305979582883268
0.6585123247327687
