0.000000000000000000e+00
0.000000000000000000e+00
0.000000000000000000e+00
3.125000000000000000e-02
0.000000000000000000e+00
3.125000000000000000e-02
0.000000000000000000e+00
0.000000000000000000e+00
0.000000000000000000e+00
3.703703703703703498e-02
1.363636363636363535e-01
0.000000000000000000e+00
3.125000000000000000e-02
0.000000000000000000e+00
0.000000000000000000e+00
0.000000000000000000e+00
2.941176470588235253e-02
0.000000000000000000e+00
0.000000000000000000e+00
0.000000000000000000e+00
3.030303030303030387e-02
4.166666666666666435e-02
3.125000000000000000e-02
3.571428571428571230e-02
3.125000000000000000e-02
0.000000000000000000e+00
3.030303030303030387e-02
6.060606060606060774e-02
1.250000000000000000e-01
3.030303030303030387e-02
