0.4747913361646453
0.46712716617712097
0.4669234329690588
0.4716653862875399
0.4333003665903463
0.50768039693978
0.45410944304188194
0.48560037332364
0.457878978384006
0.43400214119797853
0.49556315488750474
0.4748698669045565
0.43116423339582116
0.4345486499209336
0.49982624877989035
0.44289352437277335
0.43758687644378735
0.49847764684824064
0.4318007903679983
0.46576501061141057
0.45800783107791804
0.44330888178625266
0.44212348927520895
0.49520963405836665
0.44375483684903766
0.43673672751254305
0.43496584324583204
0.5024556271640804
0.43758687644378735
0.4978664636089823
