0.5099631980594582
0.4749605693494195
0.5442328507281944
0.5442328507281944
0.4749605693494195
0.5442328507281944
0.4749605693494195
0.5442328507281944
0.4749605693494195
0.5442328507281944
0.5442328507281944
0.5442328507281944
0.5442328507281944
0.5442328507281944
0.5442328507281944
0.4749605693494195
0.5099631980594582
0.47423188623235785
0.5084413446372826
0.5442328507281944
0.5442328507281944
0.477275406427829
0.5442328507281944
0.5442328507281944
0.5084413446372826
0.5442328507281944
0.5442328507281944
0.5442328507281944
0.5434439733473213
0.5442328507281944
