0.38792710358766214
0.38040232217461856
0.3873993678126209
0.3873993678126209
0.3879369244132959
0.3873993678126209
0.3873993678126209
0.2599437810172801
0.3881881058141657
0.38823163341470407
0.3873993678126209
0.3873993678126209
0.3883892011689595
0.3873993678126209
0.38040232217461856
0.3873993678126209
0.3560443925387799
0.3873993678126209
0.3873993678126209
0.3873993678126209
0.3873993678126209
0.3873993678126209
0.38040232217461856
0.38792710358766214
0.3830362096704588
0.3879369244132959
0.3873993678126209
0.3873993678126209
0.38271933141055053
0.37687858447595873
