0.5936750471691049
0.5936750471691049
0.5936750471691049
0.5936750471691049
0.5966384092799076
0.5936750471691049
0.5936750471691049
0.5936750471691049
0.5936750471691049
0.5936750471691049
0.5936750471691049
0.5936750471691049
0.6462758125677702
0.5936750471691049
0.5936750471691049
0.5936750471691049
0.5936750471691049
0.5966384092799076
0.5936750471691049
0.6157820771466759
0.5936750471691049
0.5936750471691049
0.5936750471691049
0.5936750471691049
0.5936750471691049
0.5936750471691049
0.5936750471691049
0.5936750471691049
0.5936750471691049
0.5936750471691049
