27.814370796498487 89.61944444444447 
29.630366889312757 66.99523809523812 
32.14132745841448 50.81111111111113 
33.87699666172884 46.017857142857146 
34.79915671134424 35.73095238095238 
38.52985541821721 28.04325396825396 
38.666938828328924 25.373809523809513 
44.23469869273486 21.323015873015873 
48.20497473986124 13.635317460317458 
48.605932073114694 10.965873015873015 
87.33879167875791 4.220634920634921 
33.271617738381636 50.70198412698415 

27.814370796498487 89.61944444444447 
29.630366889312757 66.99523809523812 
32.14132745841448 50.81111111111113 
33.271617738381636 50.70198412698415 
34.79915671134424 35.73095238095238 
38.52985541821721 28.04325396825396 
38.666938828328924 25.373809523809513 
44.23469869273486 21.323015873015873 
48.20497473986124 13.635317460317458 
48.605932073114694 10.965873015873015 
87.33879167875791 4.220634920634921 

27.814370796498487 89.61944444444447 
29.630366889312757 66.99523809523812 
32.14132745841448 50.81111111111113 
33.87699666172884 46.017857142857146 
34.79915671134424 35.73095238095238 
38.444990505140446 30.02222222222222 
38.666938828328924 25.373809523809513 
44.23469869273486 21.323015873015873 
48.20497473986124 13.635317460317458 
48.605932073114694 10.965873015873015 
87.33879167875791 4.220634920634921 

27.814370796498487 89.61944444444447 
29.630366889312757 66.99523809523812 
32.14132745841448 50.81111111111113 
33.27789547506118 48.61230158730161 
34.79915671134424 35.73095238095238 
38.52985541821721 28.04325396825396 
38.59803949598226 25.263095238095232 
44.23469869273486 21.323015873015873 
48.20497473986124 13.635317460317458 
48.605932073114694 10.965873015873015 
87.33879167875791 4.220634920634921 

27.814370796498487 89.61944444444447 
29.630366889312757 66.99523809523812 
32.14132745841448 50.81111111111113 
33.87699666172884 46.017857142857146 
34.79915671134424 35.73095238095238 
38.52985541821721 28.04325396825396 
38.666938828328924 25.373809523809513 
44.23469869273486 21.323015873015873 
48.20497473986124 13.635317460317458 
48.605932073114694 10.965873015873015 
87.33879167875791 4.220634920634921 

27.814370796498487 89.61944444444447 
29.630366889312757 66.99523809523812 
32.14132745841448 50.81111111111113 
33.87699666172884 46.017857142857146 
34.79915671134424 35.73095238095238 
38.52985541821721 28.04325396825396 
38.666938828328924 25.373809523809513 
44.23469869273486 21.323015873015873 
48.20497473986124 13.635317460317458 
48.605932073114694 10.965873015873015 
87.33879167875791 4.220634920634921 
33.271617738381636 50.70198412698415 

27.814370796498487 89.61944444444447 
29.630366889312757 66.99523809523812 
32.14132745841448 50.81111111111113 
33.87497021118882 46.873809523809534 
34.675621823970204 35.53849206349207 
38.41937425641798 27.850793650793648 
38.57848121073009 25.181349206349203 
44.23469869273486 21.323015873015873 
48.20497473986124 13.635317460317458 
48.605932073114694 10.965873015873015 
87.33879167875791 4.220634920634921 

27.814370796498487 89.61944444444447 
29.630366889312757 66.99523809523812 
32.14132745841448 50.81111111111113 
33.87699666172884 46.017857142857146 
34.79915671134424 35.73095238095238 
38.52985541821721 28.04325396825396 
38.666938828328924 25.373809523809513 
44.23469869273486 21.323015873015873 
48.20497473986124 13.635317460317458 
48.605932073114694 10.965873015873015 
87.33879167875791 4.220634920634921 

27.814370796498487 89.61944444444447 
29.630366889312757 66.99523809523812 
32.14132745841448 50.81111111111113 
33.28102107565769 47.435714285714305 
34.716399135832695 35.303174603174604 
38.467704953378444 27.615476190476187 
38.61641433525999 24.94603174603174 
44.23469869273486 21.323015873015873 
48.20497473986124 13.635317460317458 
48.605932073114694 10.965873015873015 
87.33879167875791 4.220634920634921 

27.814370796498487 89.61944444444447 
29.630366889312757 66.99523809523812 
32.14132745841448 50.81111111111113 
34.79915671134424 35.73095238095238 
38.35087994841202 30.78174603174603 
38.52985541821721 28.04325396825396 
38.666938828328924 25.373809523809513 
44.23469869273486 21.323015873015873 
48.20497473986124 13.635317460317458 
48.605932073114694 10.965873015873015 

27.814370796498487 89.61944444444447 
29.630366889312757 66.99523809523812 
32.14132745841448 50.81111111111113 
33.271617738381636 50.70198412698415 
34.79915671134424 35.73095238095238 
38.52985541821721 28.04325396825396 
38.666938828328924 25.373809523809513 
44.23469869273486 21.323015873015873 
48.20497473986124 13.635317460317458 
48.605932073114694 10.965873015873015 
87.33879167875791 4.220634920634921 

27.814370796498487 89.61944444444447 
29.630366889312757 66.99523809523812 
32.14132745841448 50.81111111111113 
34.6742754351879 35.6202380952381 
38.432748868999056 27.93253968253968 
38.666938828328924 25.373809523809513 
44.23469869273486 21.323015873015873 
48.20497473986124 13.635317460317458 
48.605932073114694 10.965873015873015 

27.814370796498487 89.61944444444447 
29.630366889312757 66.99523809523812 
32.14132745841448 50.81111111111113 
33.87699666172884 46.017857142857146 
34.68861405963738 35.37658730158731 
38.44448865231685 27.68888888888889 
38.666938828328924 25.373809523809513 
44.23469869273486 21.323015873015873 
48.20497473986124 13.635317460317458 
48.605932073114694 10.965873015873015 
87.33879167875791 4.220634920634921 

27.814370796498487 89.61944444444447 
29.630366889312757 66.99523809523812 
32.14132745841448 50.81111111111113 
33.28032503882575 50.248015873015895 
34.79915671134424 35.73095238095238 
38.52985541821721 28.04325396825396 
38.666938828328924 25.373809523809513 
44.23469869273486 21.323015873015873 
48.20497473986124 13.635317460317458 
48.605932073114694 10.965873015873015 
87.33879167875791 4.220634920634921 

27.814370796498487 89.61944444444447 
29.630366889312757 66.99523809523812 
32.14132745841448 50.81111111111113 
33.271617738381636 50.70198412698415 
34.79915671134424 35.73095238095238 
38.52985541821721 28.04325396825396 
38.666938828328924 25.373809523809513 
44.23469869273486 21.323015873015873 
48.20497473986124 13.635317460317458 
48.605932073114694 10.965873015873015 
87.33879167875791 4.220634920634921 

27.814370796498487 89.61944444444447 
29.630366889312757 66.99523809523812 
32.14132745841448 50.81111111111113 
33.87496348108326 45.936111111111124 
34.79915671134424 35.73095238095238 
38.52985541821721 28.04325396825396 
38.666938828328924 25.373809523809513 
44.23469869273486 21.323015873015873 
48.20497473986124 13.635317460317458 
48.605932073114694 10.965873015873015 
87.33879167875791 4.220634920634921 

27.814370796498487 89.61944444444447 
29.630366889312757 66.99523809523812 
32.14132745841448 50.81111111111113 
33.87699666172884 46.017857142857146 
34.79915671134424 35.73095238095238 
38.52985541821721 28.04325396825396 
38.666938828328924 25.373809523809513 
44.23469869273486 21.323015873015873 
48.20497473986124 13.635317460317458 
48.605932073114694 10.965873015873015 
87.33879167875791 4.220634920634921 

27.814370796498487 89.61944444444447 
29.630366889312757 66.99523809523812 
32.14132745841448 50.81111111111113 
33.874189135785215 45.895634920634926 
34.79915671134424 35.73095238095238 
38.52985541821721 28.04325396825396 
38.666938828328924 25.373809523809513 
44.23469869273486 21.323015873015873 
48.20497473986124 13.635317460317458 
48.605932073114694 10.965873015873015 
87.33879167875791 4.220634920634921 

27.814370796498487 89.61944444444447 
29.630366889312757 66.99523809523812 
32.14132745841448 50.81111111111113 
34.69475847081429 37.363095238095234 
34.79915671134424 35.73095238095238 
38.44218137217001 28.019444444444442 
38.666938828328924 25.373809523809513 
44.23469869273486 21.323015873015873 
48.20497473986124 13.635317460317458 
48.605932073114694 10.965873015873015 
87.33879167875791 4.220634920634921 

27.814370796498487 89.61944444444447 
29.630366889312757 66.99523809523812 
32.14132745841448 50.81111111111113 
33.271617738381636 50.70198412698415 
34.79915671134424 35.73095238095238 
38.52985541821721 28.04325396825396 
38.666938828328924 25.373809523809513 
44.23469869273486 21.323015873015873 
48.20497473986124 13.635317460317458 
48.605932073114694 10.965873015873015 
87.33879167875791 4.220634920634921 

27.814370796498487 89.61944444444447 
29.591339895129728 65.15238095238101 
32.12350602003472 51.96944444444449 
32.24916914805951 50.072222222222265 
34.673493583319456 37.62817460317461 
34.79915671134424 35.73095238095238 
38.52985541821721 28.04325396825396 
38.666938828328924 25.373809523809513 
44.23469869273486 21.323015873015873 
48.20497473986124 13.635317460317458 
48.605932073114694 10.965873015873015 
87.33879167875791 4.220634920634921 

27.814370796498487 89.61944444444447 
29.630366889312757 66.99523809523812 
32.14132745841448 50.81111111111113 
33.87217181435199 47.275 
34.79915671134424 35.73095238095238 
38.52985541821721 28.04325396825396 
38.666938828328924 25.373809523809513 
44.23469869273486 21.323015873015873 
48.20497473986124 13.635317460317458 
48.605932073114694 10.965873015873015 
87.33879167875791 4.220634920634921 
87.24759234102721 9.514682539682537 

27.814370796498487 89.61944444444447 
29.630366889312757 66.99523809523812 
32.14132745841448 50.81111111111113 
33.87217181435199 47.275 
34.79915671134424 35.73095238095238 
38.52985541821721 28.04325396825396 
38.666938828328924 25.373809523809513 
44.23469869273486 21.323015873015873 
48.20497473986124 13.635317460317458 
48.605932073114694 10.965873015873015 
87.33879167875791 4.220634920634921 
33.271617738381636 50.70198412698415 

27.814370796498487 89.61944444444447 
29.630366889312757 66.99523809523812 
32.14132745841448 50.81111111111113 
33.87699666172884 46.017857142857146 
34.67552676396503 37.709920634920636 
34.79915671134424 35.73095238095238 
38.444990505140446 30.02222222222222 
38.666938828328924 25.373809523809513 
44.23469869273486 21.323015873015873 
48.20497473986124 13.635317460317458 
48.605932073114694 10.965873015873015 
87.33879167875791 4.220634920634921 

27.814370796498487 89.61944444444447 
29.630366889312757 66.99523809523812 
32.14132745841448 50.81111111111113 
33.87339786430873 44.84126984126984 
34.67552676396503 37.709920634920636 
34.79915671134424 35.73095238095238 
38.43533712873504 28.845634920634915 
38.666938828328924 25.373809523809513 
44.23469869273486 21.323015873015873 
48.20497473986124 13.635317460317458 
48.605932073114694 10.965873015873015 
87.33879167875791 4.220634920634921 
87.24759234102721 9.514682539682537 

27.814370796498487 89.61944444444447 
29.630366889312757 66.99523809523812 
32.14132745841448 50.81111111111113 
33.271617738381636 50.70198412698415 
34.79915671134424 35.73095238095238 
38.666938828328924 25.373809523809513 
44.23469869273486 21.323015873015873 
48.20497473986124 13.635317460317458 
48.605932073114694 10.965873015873015 
87.33879167875791 4.220634920634921 

27.814370796498487 89.61944444444447 
29.630366889312757 66.99523809523812 
32.14132745841448 50.81111111111113 
33.271617738381636 50.70198412698415 
34.79915671134424 35.73095238095238 
38.52985541821721 28.04325396825396 
38.666938828328924 25.373809523809513 
44.23469869273486 21.323015873015873 
48.20497473986124 13.635317460317458 
48.605932073114694 10.965873015873015 
87.33879167875791 4.220634920634921 

27.814370796498487 89.61944444444447 
29.630366889312757 66.99523809523812 
32.14132745841448 50.81111111111113 
33.27789547506118 48.61230158730161 
34.675621823970204 35.53849206349207 
38.52985541821721 28.04325396825396 
38.57848121073009 25.181349206349203 
44.23469869273486 21.323015873015873 
48.20497473986124 13.635317460317458 
48.605932073114694 10.965873015873015 
87.33879167875791 4.220634920634921 

27.814370796498487 89.61944444444447 
29.630366889312757 66.99523809523812 
32.01863402775834 53.123809523809534 
32.14132745841448 50.81111111111113 
34.67646328068811 38.0436507936508 
34.79915671134424 35.73095238095238 
38.52985541821721 28.04325396825396 
38.666938828328924 25.373809523809513 
44.068472566103424 23.635714285714283 
44.23469869273486 21.323015873015873 
48.20497473986124 13.635317460317458 
48.605932073114694 10.965873015873015 

27.814370796498487 89.61944444444447 
29.630366889312757 66.99523809523812 
32.14132745841448 50.81111111111113 
33.28032503882575 50.248015873015895 
34.67256416186311 37.25595238095238 
34.79915671134424 35.73095238095238 
38.427253595307675 29.568253968253963 
38.666938828328924 25.373809523809513 
44.23469869273486 21.323015873015873 
48.20497473986124 13.635317460317458 
48.605932073114694 10.965873015873015 
87.33879167875791 4.220634920634921 

