48.19739023017323 545.709126984127 
48.20497473986124 13.635317460317458 

48.605932073114694 10.965873015873015 

29.630366889312757 66.99523809523812 
38.35087994841202 30.78174603174603 
34.726109297725706 43.34325396825398 
34.692636485426064 46.05873015873018 
34.79915671134424 35.73095238095238 
38.52985541821721 28.04325396825396 
38.666938828328924 25.373809523809513 
32.14132745841448 50.81111111111113 

29.630366889312757 66.99523809523812 
34.6730188352586 43.3234126984127 
38.35087994841202 30.78174603174603 
32.14132745841448 50.81111111111113 
38.666938828328924 25.373809523809513 
34.79915671134424 35.73095238095238 
38.52985541821721 28.04325396825396 

87.24759234102721 9.514682539682537 
48.605932073114694 10.965873015873015 
48.574542165370055 547.3984126984127 
48.57811109005167 528.9448412698414 

38.35087994841202 30.78174603174603 
38.666938828328924 25.373809523809513 

38.666938828328924 25.373809523809513 

29.630366889312757 66.99523809523812 
32.14132745841448 50.81111111111113 
33.29269355138858 48.53055555555557 
34.67171258257312 34.44365079365079 
33.87318248033693 42.7515873015873 
38.35087994841202 30.78174603174603 
34.579135404777375 39.590476190476195 
34.62265869629177 38.62539682539683 
38.57848121073009 25.181349206349203 
38.355250982465435 30.145238095238092 
38.41937425641798 27.850793650793648 
33.27789547506118 48.61230158730161 

34.73254562628632 38.64761904761905 
33.271617738381636 50.70198412698415 
34.79915671134424 35.73095238095238 
38.35087994841202 30.78174603174603 
32.14132745841448 50.81111111111113 
38.52985541821721 28.04325396825396 
34.71264170711834 38.65714285714286 
33.273694588039575 49.52539682539685 
38.666938828328924 25.373809523809513 

32.14132745841448 50.81111111111113 
33.271617738381636 50.70198412698415 
38.35087994841202 30.78174603174603 
34.778077583686596 38.182539682539684 
34.79915671134424 35.73095238095238 
44.23469869273486 21.323015873015873 
38.666938828328924 25.373809523809513 
34.691051140337215 40.79484126984128 
34.00062660910805 44.0388888888889 
48.20497473986124 13.635317460317458 
33.4257787047029 48.72301587301589 

57.15789696652261 14.407936507936503 
38.666938828328924 25.373809523809513 

38.35087994841202 30.78174603174603 
38.666938828328924 25.373809523809513 
38.52985541821721 28.04325396825396 

29.630366889312757 66.99523809523812 
33.271617738381636 50.70198412698415 
32.14132745841448 50.81111111111113 
38.35087994841202 30.78174603174603 
34.74789078791601 35.420634920634924 
34.686131889483384 41.65833333333334 
33.87699666172884 46.017857142857146 
38.666938828328924 25.373809523809513 
48.605932073114694 10.965873015873015 
48.20497473986124 13.635317460317458 
38.52985541821721 28.04325396825396 
44.23469869273486 21.323015873015873 

44.23469869273486 21.323015873015873 
38.35087994841202 30.78174603174603 
48.605932073114694 10.965873015873015 
38.666938828328924 25.373809523809513 
38.50897386749226 28.24365079365079 
38.507826151728544 29.281349206349205 
48.20497473986124 13.635317460317458 
38.52985541821721 28.04325396825396 
34.79915671134424 35.73095238095238 

29.630366889312757 66.99523809523812 
33.340939600028165 49.367857142857154 
38.35087994841202 30.78174603174603 
33.35825864804343 48.2857142857143 
33.3837904373895 47.37500000000002 
33.87709172173401 43.84642857142858 
34.79915671134424 35.73095238095238 
38.52985541821721 28.04325396825396 
32.14132745841448 50.81111111111113 

48.605932073114694 10.965873015873015 
38.666938828328924 25.373809523809513 

38.666938828328924 25.373809523809513 

38.35087994841202 30.78174603174603 
44.23469869273486 21.323015873015873 
34.79915671134424 35.73095238095238 
38.52985541821721 28.04325396825396 
38.666938828328924 25.373809523809513 

50.226792175654644 15.623412698412698 
38.35087994841202 30.78174603174603 
76.71106544835068 14.341269841269837 
48.338425178959 16.56626984126984 

29.630366889312757 66.99523809523812 
33.271617738381636 50.70198412698415 
32.13704728788978 60.47896825396827 
34.682851772348236 47.26507936507939 
34.68285338005137 38.8920634920635 
32.14132745841448 50.81111111111113 
34.74107062154335 36.250793650793646 
34.71973298345154 37.95714285714286 

33.271617738381636 50.70198412698415 
32.14132745841448 50.81111111111113 
32.13425886895692 51.011507936507954 
34.66516095011583 40.59801587301588 
34.66874200001748 39.71071428571429 
34.675621823970204 35.53849206349207 

29.630366889312757 66.99523809523812 
33.271617738381636 50.70198412698415 
32.14132745841448 50.81111111111113 
33.27789547506118 48.61230158730161 
33.87574533295171 43.92817460317462 
31.342797356178277 59.11904761904764 
34.675621823970204 35.53849206349207 
38.41937425641798 27.850793650793648 
38.35087994841202 30.78174603174603 
38.666938828328924 25.373809523809513 
33.87709172173401 43.84642857142858 

38.666938828328924 25.373809523809513 

33.271617738381636 50.70198412698415 
32.14132745841448 50.81111111111113 
34.79915671134424 35.73095238095238 

33.271617738381636 50.70198412698415 
34.79915671134424 35.73095238095238 
34.70922878824879 48.99444444444446 
38.35087994841202 30.78174603174603 
38.666938828328924 25.373809523809513 
38.52985541821721 28.04325396825396 

34.751055717307025 46.32658730158731 

34.79915671134424 35.73095238095238 
34.65593055613678 39.37658730158731 
34.67646328068811 38.0436507936508 
38.52985541821721 28.04325396825396 
38.666938828328924 25.373809523809513 
38.35087994841202 30.78174603174603 

48.20497473986124 13.635317460317458 

33.271617738381636 50.70198412698415 
27.814370796498487 89.61944444444447 
29.630366889312757 66.99523809523812 
34.67274765161664 42.21785714285715 
34.67633922779708 40.330555555555556 
38.35087994841202 30.78174603174603 
32.14132745841448 50.81111111111113 
34.79915671134424 35.73095238095238 
38.666938828328924 25.373809523809513 
33.87699666172884 46.017857142857146 
38.52985541821721 28.04325396825396 

48.605932073114694 10.965873015873015 
38.666938828328924 25.373809523809513 
48.20497473986124 13.635317460317458 
38.52985541821721 28.04325396825396 

