87.33879167875791 4.220634920634921 
27.814370796498487 89.61944444444447 
87.24759234102721 9.514682539682537 
48.605932073114694 10.965873015873015 
29.630366889312757 66.99523809523812 
32.14132745841448 50.81111111111113 
44.23469869273486 21.323015873015873 
34.756563658528755 34.382936507936506 
33.271617738381636 50.70198412698415 
38.666938828328924 25.373809523809513 
34.66516095011583 40.59801587301588 
38.35087994841202 30.78174603174603 
48.20497473986124 13.635317460317458 
34.74764028922143 39.68809523809524 

27.814370796498487 89.61944444444447 
87.33879167875791 4.220634920634921 
87.24759234102721 9.514682539682537 
48.605932073114694 10.965873015873015 
29.630366889312757 66.99523809523812 
32.14132745841448 50.81111111111113 
38.666938828328924 25.373809523809513 
48.20497473986124 13.635317460317458 
34.79915671134424 35.73095238095238 
34.726077394925134 44.125396825396834 
33.271617738381636 50.70198412698415 
38.35087994841202 30.78174603174603 
38.52985541821721 28.04325396825396 

87.33879167875791 4.220634920634921 
27.814370796498487 89.61944444444447 
48.605932073114694 10.965873015873015 
87.24759234102721 9.514682539682537 
29.630366889312757 66.99523809523812 
32.14132745841448 50.81111111111113 
38.666938828328924 25.373809523809513 
34.756563658528755 34.382936507936506 
34.673291012761716 43.777380952380966 
38.35087994841202 30.78174603174603 
33.271617738381636 50.70198412698415 
34.73130396591991 39.95793650793651 
38.52985541821721 28.04325396825396 

27.814370796498487 89.61944444444447 
87.33879167875791 4.220634920634921 
87.24759234102721 9.514682539682537 
48.605932073114694 10.965873015873015 
29.630366889312757 66.99523809523812 
32.14132745841448 50.81111111111113 
44.23469869273486 21.323015873015873 
34.756563658528755 34.382936507936506 
38.666938828328924 25.373809523809513 
38.35087994841202 30.78174603174603 
48.20497473986124 13.635317460317458 
34.7012112341002 43.88650793650793 
34.748612084505005 38.55515873015873 
38.468185043145354 30.000793650793643 
34.711879638373745 40.54801587301587 

27.814370796498487 89.61944444444447 
87.33879167875791 4.220634920634921 
48.605932073114694 10.965873015873015 
87.24746688140038 10.167460317460318 
29.630366889312757 66.99523809523812 
32.14132745841448 50.81111111111113 
34.79915671134424 35.73095238095238 
33.89167430471799 50.45674603174604 
38.666938828328924 25.373809523809513 
48.20497473986124 13.635317460317458 
38.35087994841202 30.78174603174603 
87.24759234102721 9.514682539682537 
38.52985541821721 28.04325396825396 
33.271617738381636 50.70198412698415 

27.814370796498487 89.61944444444447 
87.33879167875791 4.220634920634921 
48.605932073114694 10.965873015873015 
87.24759234102721 9.514682539682537 
29.630366889312757 66.99523809523812 
32.14132745841448 50.81111111111113 
34.79915671134424 35.73095238095238 
33.271617738381636 50.70198412698415 
44.23469869273486 21.323015873015873 
38.35087994841202 30.78174603174603 
38.666938828328924 25.373809523809513 

27.814370796498487 89.61944444444447 
87.33879167875791 4.220634920634921 
87.24759234102721 9.514682539682537 
48.605932073114694 10.965873015873015 
29.630366889312757 66.99523809523812 
32.14132745841448 50.81111111111113 
44.23469869273486 21.323015873015873 
38.666938828328924 25.373809523809513 
34.74789078791601 35.420634920634924 
34.687442499949704 40.338492063492076 
48.20497473986124 13.635317460317458 
38.35087994841202 30.78174603174603 
34.680337634302454 44.5107142857143 
38.4874226321807 27.732936507936504 

27.814370796498487 89.61944444444447 
87.33879167875791 4.220634920634921 
48.605932073114694 10.965873015873015 
87.24759234102721 9.514682539682537 
29.630366889312757 66.99523809523812 
34.79915671134424 35.73095238095238 
38.666938828328924 25.373809523809513 
33.271617738381636 50.70198412698415 
32.14132745841448 50.81111111111113 
38.35087994841202 30.78174603174603 

27.814370796498487 89.61944444444447 
87.33879167875791 4.220634920634921 
87.24759234102721 9.514682539682537 
48.605932073114694 10.965873015873015 
29.630366889312757 66.99523809523812 
32.14132745841448 50.81111111111113 
44.23469869273486 21.323015873015873 
34.79915671134424 35.73095238095238 
38.35087994841202 30.78174603174603 
34.68623351956581 44.205158730158736 
38.666938828328924 25.373809523809513 
33.87699666172884 46.017857142857146 
48.20497473986124 13.635317460317458 
33.271617738381636 50.70198412698415 
38.52985541821721 28.04325396825396 

27.814370796498487 89.61944444444447 
87.33879167875791 4.220634920634921 
87.24759234102721 9.514682539682537 
48.605932073114694 10.965873015873015 
29.630366889312757 66.99523809523812 
32.14132745841448 50.81111111111113 
44.23469869273486 21.323015873015873 
34.68031526310633 44.89365079365081 
34.756563658528755 34.382936507936506 
38.666938828328924 25.373809523809513 
48.20497473986124 13.635317460317458 
38.35087994841202 30.78174603174603 
34.72327397472115 39.45476190476191 
34.70182505533986 43.87976190476191 
38.46089038949995 29.138095238095236 
34.70906298385816 39.70753968253968 

27.814370796498487 89.61944444444447 
87.33879167875791 4.220634920634921 
48.605932073114694 10.965873015873015 
87.24746688140038 10.167460317460318 
29.630366889312757 66.99523809523812 
32.14132745841448 50.81111111111113 
34.745059575833274 47.515873015873034 
44.23469869273486 21.323015873015873 
34.778077583686596 38.182539682539684 
38.666938828328924 25.373809523809513 
48.20497473986124 13.635317460317458 
38.35087994841202 30.78174603174603 
34.79915671134424 35.73095238095238 
87.24759234102721 9.514682539682537 
38.52985541821721 28.04325396825396 

27.814370796498487 89.61944444444447 
87.33879167875791 4.220634920634921 
48.605932073114694 10.965873015873015 
87.24759234102721 9.514682539682537 
29.630366889312757 66.99523809523812 
32.14132745841448 50.81111111111113 
34.79915671134424 35.73095238095238 
33.271617738381636 50.70198412698415 
44.23469869273486 21.323015873015873 
38.35087994841202 30.78174603174603 
38.666938828328924 25.373809523809513 

27.814370796498487 89.61944444444447 
87.33879167875791 4.220634920634921 
48.605932073114694 10.965873015873015 
87.24759234102721 9.514682539682537 
29.630366889312757 66.99523809523812 
34.79915671134424 35.73095238095238 
32.14132745841448 50.81111111111113 
38.666938828328924 25.373809523809513 
33.271617738381636 50.70198412698415 
38.35087994841202 30.78174603174603 
38.52985541821721 28.04325396825396 

27.814370796498487 89.61944444444447 
87.33879167875791 4.220634920634921 
87.24759234102721 9.514682539682537 
48.605932073114694 10.965873015873015 
29.630366889312757 66.99523809523812 
32.14132745841448 50.81111111111113 
38.666938828328924 25.373809523809513 
48.20497473986124 13.635317460317458 
34.6730188352586 43.3234126984127 
33.271617738381636 50.70198412698415 
34.79915671134424 35.73095238095238 
38.35087994841202 30.78174603174603 
34.684381977175384 39.799603174603185 
38.52985541821721 28.04325396825396 

27.814370796498487 89.61944444444447 
87.33879167875791 4.220634920634921 
48.605932073114694 10.965873015873015 
87.24759234102721 9.514682539682537 
29.630366889312757 66.99523809523812 
32.14132745841448 50.81111111111113 
34.67274765161664 42.21785714285715 
38.666938828328924 25.373809523809513 
33.271617738381636 50.70198412698415 
34.79915671134424 35.73095238095238 
38.35087994841202 30.78174603174603 
38.52985541821721 28.04325396825396 

87.33879167875791 4.220634920634921 
27.814370796498487 89.61944444444447 
87.24759234102721 9.514682539682537 
48.605932073114694 10.965873015873015 
29.630366889312757 66.99523809523812 
32.14132745841448 50.81111111111113 
44.23469869273486 21.323015873015873 
33.271617738381636 50.70198412698415 
38.666938828328924 25.373809523809513 
34.67298172537057 40.95436507936509 
38.35087994841202 30.78174603174603 
34.79915671134424 35.73095238095238 
48.20497473986124 13.635317460317458 
34.684381977175384 39.799603174603185 

27.814370796498487 89.61944444444447 
87.33879167875791 4.220634920634921 
48.605932073114694 10.965873015873015 
87.24746688140038 10.167460317460318 
29.630366889312757 66.99523809523812 
32.14132745841448 50.81111111111113 
34.79915671134424 35.73095238095238 
33.271617738381636 50.70198412698415 
38.35087994841202 30.78174603174603 
38.666938828328924 25.373809523809513 
44.23469869273486 21.323015873015873 
48.578356913541946 16.21706349206349 
87.24759234102721 9.514682539682537 

27.814370796498487 89.61944444444447 
87.33879167875791 4.220634920634921 
87.24759234102721 9.514682539682537 
48.605932073114694 10.965873015873015 
29.630366889312757 66.99523809523812 
32.14132745841448 50.81111111111113 
38.666938828328924 25.373809523809513 
44.23469869273486 21.323015873015873 
34.79915671134424 35.73095238095238 
34.703686724776055 50.44920634920636 
34.709307703044225 43.10952380952382 
48.20497473986124 13.635317460317458 
38.35087994841202 30.78174603174603 
38.50366164087065 29.76626984126984 
34.722390065550165 40.671031746031744 
34.7765526596277 37.453968253968256 

27.814370796498487 89.61944444444447 
87.33879167875791 4.220634920634921 
87.24759234102721 9.514682539682537 
48.605932073114694 10.965873015873015 
29.630366889312757 66.99523809523812 
32.14132745841448 50.81111111111113 
38.666938828328924 25.373809523809513 
48.20497473986124 13.635317460317458 
34.730020407587176 46.92460317460318 
34.76159094175977 37.0734126984127 
38.35087994841202 30.78174603174603 
34.79915671134424 35.73095238095238 
33.28102107565769 47.435714285714305 
33.271617738381636 50.70198412698415 
38.52985541821721 28.04325396825396 

27.814370796498487 89.61944444444447 
87.33879167875791 4.220634920634921 
48.605932073114694 10.965873015873015 
87.24759234102721 9.514682539682537 
29.630366889312757 66.99523809523812 
32.14132745841448 50.81111111111113 
44.23469869273486 21.323015873015873 
34.79915671134424 35.73095238095238 
33.98243960182072 48.9043650793651 
38.35087994841202 30.78174603174603 
38.666938828328924 25.373809523809513 
33.271617738381636 50.70198412698415 

27.814370796498487 89.61944444444447 
87.33879167875791 4.220634920634921 
48.605932073114694 10.965873015873015 
87.24759234102721 9.514682539682537 
29.630366889312757 66.99523809523812 
32.14132745841448 50.81111111111113 
34.79915671134424 35.73095238095238 
38.666938828328924 25.373809523809513 
33.271617738381636 50.70198412698415 
38.35087994841202 30.78174603174603 

27.814370796498487 89.61944444444447 
87.33879167875791 4.220634920634921 
48.605932073114694 10.965873015873015 
87.24759234102721 9.514682539682537 
29.630366889312757 66.99523809523812 
32.14132745841448 50.81111111111113 
34.79915671134424 35.73095238095238 
44.23469869273486 21.323015873015873 
33.918923296105525 50.0936507936508 
38.35087994841202 30.78174603174603 
38.666938828328924 25.373809523809513 
33.271617738381636 50.70198412698415 

27.814370796498487 89.61944444444447 
87.33879167875791 4.220634920634921 
87.24759234102721 9.514682539682537 
48.605932073114694 10.965873015873015 
29.630366889312757 66.99523809523812 
32.14132745841448 50.81111111111113 
34.79915671134424 35.73095238095238 
44.23469869273486 21.323015873015873 
34.783384328514785 46.481746031746034 
38.666938828328924 25.373809523809513 
48.20497473986124 13.635317460317458 
38.35087994841202 30.78174603174603 
33.271617738381636 50.70198412698415 
34.778977193446984 47.45555555555556 
38.52985541821721 28.04325396825396 

27.814370796498487 89.61944444444447 
87.33879167875791 4.220634920634921 
87.24759234102721 9.514682539682537 
48.605932073114694 10.965873015873015 
29.630366889312757 66.99523809523812 
32.14132745841448 50.81111111111113 
38.35087994841202 30.78174603174603 
44.23469869273486 21.323015873015873 
33.271617738381636 50.70198412698415 
38.666938828328924 25.373809523809513 
34.66499289177713 40.39007936507937 
34.675621823970204 35.53849206349207 
48.20497473986124 13.635317460317458 
34.66874200001748 39.71071428571429 
34.66600694988171 40.31785714285715 

27.814370796498487 89.61944444444447 
87.33879167875791 4.220634920634921 
87.24759234102721 9.514682539682537 
48.605932073114694 10.965873015873015 
29.630366889312757 66.99523809523812 
34.79915671134424 35.73095238095238 
33.271617738381636 50.70198412698415 
32.14132745841448 50.81111111111113 
44.23469869273486 21.323015873015873 
38.35087994841202 30.78174603174603 
38.666938828328924 25.373809523809513 
48.20497473986124 13.635317460317458 
38.52985541821721 28.04325396825396 

27.814370796498487 89.61944444444447 
87.33879167875791 4.220634920634921 
87.24759234102721 9.514682539682537 
48.605932073114694 10.965873015873015 
29.630366889312757 66.99523809523812 
32.14132745841448 50.81111111111113 
34.79915671134424 35.73095238095238 
33.271617738381636 50.70198412698415 
44.23469869273486 21.323015873015873 
38.666938828328924 25.373809523809513 
48.20497473986124 13.635317460317458 
38.35087994841202 30.78174603174603 
38.52985541821721 28.04325396825396 

27.814370796498487 89.61944444444447 
87.33879167875791 4.220634920634921 
48.605932073114694 10.965873015873015 
87.24759234102721 9.514682539682537 
29.630366889312757 66.99523809523812 
48.207604619679266 24.321825396825396 
32.14132745841448 50.81111111111113 
38.666938828328924 25.373809523809513 
34.79915671134424 35.73095238095238 
38.35087994841202 30.78174603174603 
33.271617738381636 50.70198412698415 
34.672396716322126 41.44880952380953 
34.71971113295457 40.721428571428575 
38.52985541821721 28.04325396825396 

27.814370796498487 89.61944444444447 
87.33879167875791 4.220634920634921 
48.605932073114694 10.965873015873015 
87.24759234102721 9.514682539682537 
29.630366889312757 66.99523809523812 
34.79915671134424 35.73095238095238 
44.23469869273486 21.323015873015873 
32.14132745841448 50.81111111111113 
34.753410488896584 50.618650793650815 
38.35087994841202 30.78174603174603 
38.666938828328924 25.373809523809513 
38.52985541821721 28.04325396825396 
33.271617738381636 50.70198412698415 

87.33879167875791 4.220634920634921 
27.814370796498487 89.61944444444447 
48.605932073114694 10.965873015873015 
87.24746688140038 10.167460317460318 
29.630366889312757 66.99523809523812 
48.207604619679266 24.321825396825396 
32.14132745841448 50.81111111111113 
38.666938828328924 25.373809523809513 
34.67818602782078 42.15793650793652 
33.271617738381636 50.70198412698415 
34.77891041321713 37.06388888888889 
38.35087994841202 30.78174603174603 
34.79915671134424 35.73095238095238 
87.24759234102721 9.514682539682537 
38.52985541821721 28.04325396825396 

27.814370796498487 89.61944444444447 
87.33879167875791 4.220634920634921 
87.24759234102721 9.514682539682537 
48.605932073114694 10.965873015873015 
29.630366889312757 66.99523809523812 
44.23469869273486 21.323015873015873 
32.14132745841448 50.81111111111113 
38.666938828328924 25.373809523809513 
33.271617738381636 50.70198412698415 
34.79915671134424 35.73095238095238 
34.672002694929986 44.90238095238097 
48.20497473986124 13.635317460317458 
34.682277776811844 40.12301587301589 
38.35087994841202 30.78174603174603 
38.52985541821721 28.04325396825396 
34.67980649014224 43.57619047619048 

