1124.5218605591833 10.735317460317459 
1165.1804824759968 2.9289682539682538 
1143.6679206143288 5.969047619047618 
1086.9196446896156 18.820238095238093 
996.0981152841396 53.121428571428574 
999.0399891379268 48.61269841269843 

1143.6679206143288 5.969047619047618 
1165.1804824759968 2.9289682539682538 
1086.9196446896156 18.820238095238093 
1000.6894358625027 52.8797619047619 
996.957757939238 54.57142857142857 
997.2175517814712 53.1702380952381 
995.941350939279 56.044841269841264 
995.8024795002987 56.484920634920634 

1165.1804824759968 2.9289682539682538 
1143.6679206143288 5.969047619047618 
1098.9686219323423 17.774603174603172 
1086.9196446896156 18.820238095238093 
1023.6507083611797 49.831746031746036 
1000.6894358625027 52.8797619047619 
997.9644518842474 60.42658730158729 

1165.1804824759968 2.9289682539682538 
1143.6679206143288 5.969047619047618 
1098.9686219323423 17.774603174603172 
1086.9196446896156 18.820238095238093 
1023.6246488357576 50.39841269841271 
1000.6894358625027 52.8797619047619 
997.9644518842474 60.42658730158729 

1165.1804824759968 2.9289682539682538 
1143.6679206143288 5.969047619047618 
1098.9686219323423 17.774603174603172 
1086.9196446896156 18.820238095238093 
1023.3051524523779 51.59960317460317 
1000.6894358625027 52.8797619047619 
997.9644518842474 60.42658730158729 

1124.5218605591833 10.735317460317459 
1165.1804824759968 2.9289682539682538 
1143.6679206143288 5.969047619047618 
1086.9196446896156 18.820238095238093 
1000.6894358625027 52.8797619047619 
995.8864437830831 57.04722222222222 
996.4043251081077 53.848412698412695 

1143.6679206143288 5.969047619047618 
1165.1804824759968 2.9289682539682538 
1098.9686219323423 17.774603174603172 
1086.9196446896156 18.820238095238093 
1001.469366500887 51.60119047619048 
999.1461246690063 52.4936507936508 
997.9644518842474 60.42658730158729 

1165.1804824759968 2.9289682539682538 
1143.6679206143288 5.969047619047618 
1086.9196446896156 18.820238095238093 
1000.6894358625027 52.8797619047619 
999.2728383504875 53.69761904761906 
997.9644518842474 60.42658730158729 
998.3805516762962 58.77857142857143 

1165.1804824759968 2.9289682539682538 
1143.6679206143288 5.969047619047618 
1086.9196446896156 18.820238095238093 
997.1932240073708 50.33571428571429 
995.854355473293 55.12896825396825 

1165.1804824759968 2.9289682539682538 
1143.6679206143288 5.969047619047618 
1098.9686219323423 17.774603174603172 
1086.9196446896156 18.820238095238093 
1000.6894358625027 52.8797619047619 
997.9644518842474 60.42658730158729 

1148.2256783579467 10.592460317460317 
1124.5218605591833 10.735317460317459 
1165.1804824759968 2.9289682539682538 
1086.9196446896156 18.820238095238093 
999.5264374518383 53.25357142857144 
997.0672279898585 55.2218253968254 
995.8782180010473 57.842460317460336 

1143.6679206143288 5.969047619047618 
1165.1804824759968 2.9289682539682538 
1098.9686219323423 17.774603174603172 
1086.9196446896156 18.820238095238093 
1023.9994249931119 51.47063492063493 
1000.6894358625027 52.8797619047619 
997.9644518842474 60.42658730158729 

1124.5218605591833 10.735317460317459 
1165.1804824759968 2.9289682539682538 
1143.6679206143288 5.969047619047618 
1098.9686219323423 17.774603174603172 
1086.9196446896156 18.820238095238093 
1022.51543968635 49.65714285714286 
1023.0491848751792 48.101587301587315 
1000.6894358625027 52.8797619047619 
997.9644518842474 60.42658730158729 

1124.5218605591833 10.735317460317459 
1165.1804824759968 2.9289682539682538 
1143.6679206143288 5.969047619047618 
1086.9196446896156 18.820238095238093 
1000.6894358625027 52.8797619047619 
998.8761070429985 53.93293650793651 
995.8864437830831 57.04722222222222 
995.8782180010473 57.842460317460336 

1165.1804824759968 2.9289682539682538 
1143.6679206143288 5.969047619047618 
1086.9196446896156 18.820238095238093 
1000.6894358625027 52.8797619047619 
995.9504434192596 57.131746031746026 

1165.1804824759968 2.9289682539682538 
1143.6679206143288 5.969047619047618 
1098.9686219323423 17.774603174603172 
1086.9196446896156 18.820238095238093 
997.9644518842474 60.42658730158729 
1000.6894358625027 52.8797619047619 

1165.1804824759968 2.9289682539682538 
1143.6679206143288 5.969047619047618 
1124.5218605591833 10.735317460317459 
1086.9196446896156 18.820238095238093 
1022.6504335530726 50.28769841269841 
1000.6894358625027 52.8797619047619 
997.9644518842474 60.42658730158729 

1165.1804824759968 2.9289682539682538 
1124.5218605591833 10.735317460317459 
1098.9686219323423 17.774603174603172 
1086.9196446896156 18.820238095238093 
1022.8864514255323 50.997222222222234 
1000.6894358625027 52.8797619047619 
997.9644518842474 60.42658730158729 

1165.1804824759968 2.9289682539682538 
1143.6679206143288 5.969047619047618 
1124.5218605591833 10.735317460317459 
1086.9196446896156 18.820238095238093 
1023.3051524523779 51.59960317460317 
1000.6894358625027 52.8797619047619 

1124.5218605591833 10.735317460317459 
1165.1804824759968 2.9289682539682538 
1143.6679206143288 5.969047619047618 
1086.9196446896156 18.820238095238093 
1000.4049787877425 52.3174603174603 
996.461918312445 55.24761904761904 
996.5475849380017 53.35317460317461 

1124.5218605591833 10.735317460317459 
1165.1804824759968 2.9289682539682538 
1143.6679206143288 5.969047619047618 
1098.9686219323423 17.774603174603172 
1086.9196446896156 18.820238095238093 
1023.9994249931119 51.47063492063493 
1000.6894358625027 52.8797619047619 
997.9644518842474 60.42658730158729 

1165.1804824759968 2.9289682539682538 
1143.6679206143288 5.969047619047618 
1098.9686219323423 17.774603174603172 
1086.9196446896156 18.820238095238093 
1023.3051524523779 51.59960317460317 
1000.6894358625027 52.8797619047619 
997.9644518842474 60.42658730158729 

1165.1804824759968 2.9289682539682538 
1143.6679206143288 5.969047619047618 
1098.9686219323423 17.774603174603172 
1086.9196446896156 18.820238095238093 
1000.6894358625027 52.8797619047619 
997.9644518842474 60.42658730158729 

1165.1804824759968 2.9289682539682538 
1143.6679206143288 5.969047619047618 
1086.9196446896156 18.820238095238093 
1000.6894358625027 52.8797619047619 
999.7390741508232 53.969841269841275 
998.8159699658815 54.532539682539685 
998.1761071307862 55.267857142857146 
996.7556701415075 59.157142857142844 

1165.1804824759968 2.9289682539682538 
1143.6679206143288 5.969047619047618 
1098.9686219323423 17.774603174603172 
1086.9196446896156 18.820238095238093 
1022.7717144410859 50.22619047619049 
1000.6894358625027 52.8797619047619 
997.9644518842474 60.42658730158729 

1165.1804824759968 2.9289682539682538 
1143.6679206143288 5.969047619047618 
1098.9686219323423 17.774603174603172 
1086.9196446896156 18.820238095238093 
1023.3051524523779 51.59960317460317 
1000.6894358625027 52.8797619047619 
997.9644518842474 60.42658730158729 

1165.1804824759968 2.9289682539682538 
1143.6679206143288 5.969047619047618 
1098.9686219323423 17.774603174603172 
1086.9196446896156 18.820238095238093 
1023.9994249931119 51.47063492063493 
1000.6894358625027 52.8797619047619 
997.9644518842474 60.42658730158729 

1143.6679206143288 5.969047619047618 
1165.1804824759968 2.9289682539682538 
1098.9686219323423 17.774603174603172 
1086.9196446896156 18.820238095238093 
1022.8864514255323 50.997222222222234 
1000.6894358625027 52.8797619047619 
997.9644518842474 60.42658730158729 

1165.1804824759968 2.9289682539682538 
1143.6679206143288 5.969047619047618 
1124.5218605591833 10.735317460317459 
1086.9196446896156 18.820238095238093 
1023.3414106558464 52.37063492063492 
1000.6894358625027 52.8797619047619 
997.9644518842474 60.42658730158729 

1165.1804824759968 2.9289682539682538 
1143.6679206143288 5.969047619047618 
1098.9686219323423 17.774603174603172 
1086.9196446896156 18.820238095238093 
998.0173103677264 56.50357142857143 
1000.6894358625027 52.8797619047619 
998.8730970317471 53.36190476190475 
998.0948583674702 54.132936507936506 
997.9644518842474 60.42658730158729 

