1165.1804824759968 2.9289682539682538 
1086.9196446896156 18.820238095238093 
1124.5218605591833 10.735317460317459 
1018.2180276323534 51.64087301587303 
997.9644518842474 60.42658730158729 
1035.140821610932 38.540079365079364 
1098.9686219323423 17.774603174603172 
1048.0792577283553 36.38849206349206 
1051.7455615285483 35.84880952380953 
1072.735760952057 31.588492063492062 
1077.5470085290722 28.909523809523815 
1021.5977767093322 43.87182539682539 
1000.6894358625027 52.8797619047619 
1010.5699023425609 52.23095238095239 

1076.732287430701 30.06428571428572 
1086.9196446896156 18.820238095238093 
1061.7491798512876 36.49761904761905 
997.9644518842474 60.42658730158729 
1021.5977767093322 43.87182539682539 
1072.735760952057 31.588492063492062 
1124.5218605591833 10.735317460317459 
1048.634871907437 38.37619047619049 
1000.6894358625027 52.8797619047619 
1022.1898204014591 41.64920634920635 
1165.1804824759968 2.9289682539682538 
1098.9686219323423 17.774603174603172 

1065.664349537516 28.519047619047626 
1048.0792577283553 36.38849206349206 
1043.3181313839243 41.26746031746032 
1086.9196446896156 18.820238095238093 
1033.6338364636883 47.338888888888896 
1098.9686219323423 17.774603174603172 
1056.5336728141965 35.57698412698412 
996.5468328487503 51.76031746031746 
1165.1804824759968 2.9289682539682538 
1023.284526276139 47.3968253968254 
1124.5218605591833 10.735317460317459 

1083.0357856030164 26.595238095238095 
1021.5977767093322 43.87182539682539 
1098.9686219323423 17.774603174603172 
1000.6894358625027 52.8797619047619 
997.9644518842474 60.42658730158729 
1086.9196446896156 18.820238095238093 
1072.735760952057 31.588492063492062 
1031.404194941071 39.440079365079356 
1124.5218605591833 10.735317460317459 
1047.8284476981892 36.92896825396825 
1165.1804824759968 2.9289682539682538 

1026.0573771261295 51.430158730158716 
1048.634871907437 38.37619047619049 
1061.7491798512876 36.49761904761905 
1165.1804824759968 2.9289682539682538 
1072.735760952057 31.588492063492062 
997.9644518842474 60.42658730158729 
1098.9686219323423 17.774603174603172 
1086.9196446896156 18.820238095238093 
1124.5218605591833 10.735317460317459 
1000.6894358625027 52.8797619047619 

1124.5218605591833 10.735317460317459 
1083.3186316262222 28.140079365079366 
1048.2161100715916 32.52420634920636 
1062.8641799697807 31.45396825396826 
1022.1898204014591 41.64920634920635 
1086.9196446896156 18.820238095238093 
1009.6551440203375 46.42500000000001 
1020.2620000294897 41.975793650793655 
1027.61851700129 36.36309523809525 
1098.9686219323423 17.774603174603172 
1032.0367747327684 35.560317460317464 
997.9644518842474 60.42658730158729 
1165.1804824759968 2.9289682539682538 
1000.967919090145 50.989682539682555 

1024.2826197374995 52.12182539682539 
1165.1804824759968 2.9289682539682538 
1098.9686219323423 17.774603174603172 
1072.735760952057 31.588492063492062 
1124.5218605591833 10.735317460317459 
997.9644518842474 60.42658730158729 
1028.704502167578 47.9063492063492 
1035.9801539788155 42.91785714285714 
1000.6894358625027 52.8797619047619 
1049.2937283805688 35.61746031746032 
1086.9196446896156 18.820238095238093 

1124.5218605591833 10.735317460317459 
1165.1804824759968 2.9289682539682538 
1049.7105399693808 33.057142857142864 
1098.9686219323423 17.774603174603172 
1086.9196446896156 18.820238095238093 
1081.1782226717103 29.0468253968254 
1071.8325159952396 32.10595238095239 
1048.9505073474772 37.84007936507936 
1000.6894358625027 52.8797619047619 
1021.5977767093322 43.87182539682539 
1023.5825660838507 39.28968253968254 
997.9644518842474 60.42658730158729 

1165.1804824759968 2.9289682539682538 
1124.5218605591833 10.735317460317459 
1000.6894358625027 52.8797619047619 
1105.0592041439456 16.8531746031746 
997.9644518842474 60.42658730158729 
1048.0792577283553 36.38849206349206 
1042.8979767725798 43.99563492063492 
1030.0323339762076 49.734126984126995 
1024.8145374164799 51.99285714285713 
1070.1158304862763 27.387301587301586 
1082.553499729237 19.78214285714285 

1055.1897688220918 37.005555555555546 
1026.0573771261295 51.430158730158716 
1124.5218605591833 10.735317460317459 
1086.9196446896156 18.820238095238093 
1072.735760952057 31.588492063492062 
1048.634871907437 38.37619047619049 
997.9644518842474 60.42658730158729 
1098.9686219323423 17.774603174603172 
1000.6894358625027 52.8797619047619 
1165.1804824759968 2.9289682539682538 
1148.2256783579467 10.592460317460317 

1098.9686219323423 17.774603174603172 
1070.1158304862763 27.387301587301586 
1054.5923156741844 34.782936507936505 
1086.9196446896156 18.820238095238093 
1023.9257871169422 37.06706349206349 
997.9644518842474 60.42658730158729 
1124.5218605591833 10.735317460317459 
1165.1804824759968 2.9289682539682538 
1000.6894358625027 52.8797619047619 
1132.1145108861801 9.8265873015873 

1098.9686219323423 17.774603174603172 
1022.1898204014591 41.64920634920635 
1086.9196446896156 18.820238095238093 
1048.0792577283553 36.38849206349206 
1085.2632589676925 32.62777777777778 
1069.004189980263 33.083333333333336 
1030.176255891987 39.984920634920634 
1165.1804824759968 2.9289682539682538 
1124.5218605591833 10.735317460317459 
997.9644518842474 60.42658730158729 
1000.6894358625027 52.8797619047619 
1055.5399282117992 33.95198412698413 

1124.5218605591833 10.735317460317459 
1048.634871907437 38.37619047619049 
1072.735760952057 31.588492063492062 
1047.709202916932 48.31190476190476 
1000.6894358625027 52.8797619047619 
1086.9196446896156 18.820238095238093 
1165.1804824759968 2.9289682539682538 
997.9644518842474 60.42658730158729 
1098.9686219323423 17.774603174603172 
1026.0573771261295 51.430158730158716 

1061.7491798512876 36.49761904761905 
1026.0573771261295 51.430158730158716 
1084.3189161342061 27.599603174603175 
1165.1804824759968 2.9289682539682538 
1000.6894358625027 52.8797619047619 
1124.5218605591833 10.735317460317459 
1086.9196446896156 18.820238095238093 
997.9644518842474 60.42658730158729 
1098.9686219323423 17.774603174603172 
1048.634871907437 38.37619047619049 
1072.735760952057 31.588492063492062 

1098.9686219323423 17.774603174603172 
1049.5063932200549 30.697222222222223 
1031.013912414634 35.46785714285715 
1021.5977767093322 43.87182539682539 
1022.1898204014591 41.64920634920635 
1086.9196446896156 18.820238095238093 
1124.5218605591833 10.735317460317459 
997.9644518842474 60.42658730158729 
1165.1804824759968 2.9289682539682538 
1083.0872660479633 29.27738095238096 
1000.6894358625027 52.8797619047619 

1079.8280016769952 30.6718253968254 
1165.1804824759968 2.9289682539682538 
1098.9686219323423 17.774603174603172 
1072.735760952057 31.588492063492062 
1000.6894358625027 52.8797619047619 
1050.69988516186 34.682142857142864 
1048.0792577283553 36.38849206349206 
1026.0573771261295 51.430158730158716 
1086.9196446896156 18.820238095238093 
997.9644518842474 60.42658730158729 
1124.5218605591833 10.735317460317459 

1072.735760952057 31.588492063492062 
1086.9196446896156 18.820238095238093 
1098.9686219323423 17.774603174603172 
1124.5218605591833 10.735317460317459 
1048.0792577283553 36.38849206349206 
1165.1804824759968 2.9289682539682538 
1026.0573771261295 51.430158730158716 
1000.6894358625027 52.8797619047619 
997.9644518842474 60.42658730158729 

1086.9196446896156 18.820238095238093 
1098.9686219323423 17.774603174603172 
1165.1804824759968 2.9289682539682538 
1049.2937283805688 35.61746031746032 
1124.5218605591833 10.735317460317459 
1023.9257871169422 37.06706349206349 
997.9644518842474 60.42658730158729 
1000.6894358625027 52.8797619047619 
1051.1972098544825 30.83452380952381 
1117.0356278949282 14.170238095238094 

1098.9686219323423 17.774603174603172 
1124.5218605591833 10.735317460317459 
997.9644518842474 60.42658730158729 
1024.8145374164799 51.99285714285713 
1165.1804824759968 2.9289682539682538 
1061.7491798512876 36.49761904761905 
1048.634871907437 38.37619047619049 
1000.6894358625027 52.8797619047619 
1086.9196446896156 18.820238095238093 
1072.735760952057 31.588492063492062 

997.9644518842474 60.42658730158729 
1098.9686219323423 17.774603174603172 
1035.8751755781998 40.5313492063492 
1048.9505073474772 37.84007936507936 
1053.927245161198 37.54007936507937 
1079.3248602705078 28.252380952380957 
1086.9196446896156 18.820238095238093 
1000.6894358625027 52.8797619047619 
1124.5218605591833 10.735317460317459 
1072.735760952057 31.588492063492062 
1165.1804824759968 2.9289682539682538 
1034.6607049259865 41.30238095238095 
1019.6261553646315 45.27936507936507 

1048.0792577283553 36.38849206349206 
1069.6576077599243 31.801587301587304 
1098.9686219323423 17.774603174603172 
1000.6894358625027 52.8797619047619 
1024.7343708429273 49.97222222222223 
1124.5218605591833 10.735317460317459 
1086.9196446896156 18.820238095238093 
1026.461822767567 44.35515873015873 
1165.1804824759968 2.9289682539682538 
997.9644518842474 60.42658730158729 
1148.2256783579467 10.592460317460317 

1086.9196446896156 18.820238095238093 
1124.5218605591833 10.735317460317459 
1098.9686219323423 17.774603174603172 
1072.735760952057 31.588492063492062 
1084.9078477645173 29.414682539682545 
1000.6894358625027 52.8797619047619 
1165.1804824759968 2.9289682539682538 
1047.8284476981892 36.92896825396825 
1023.5609436396132 49.308333333333344 
997.9644518842474 60.42658730158729 

1124.5218605591833 10.735317460317459 
1048.0792577283553 36.38849206349206 
997.9644518842474 60.42658730158729 
1086.9196446896156 18.820238095238093 
1035.4821883928878 45.90317460317461 
1165.1804824759968 2.9289682539682538 
1072.735760952057 31.588492063492062 
1024.8145374164799 51.99285714285713 
1000.6894358625027 52.8797619047619 

1052.3186575052298 32.06071428571428 
1079.0715877530452 27.04920634920635 
997.6708471228548 55.751190476190466 
1082.553499729237 19.78214285714285 
1000.6894358625027 52.8797619047619 
1021.5738783967963 47.60952380952381 
1037.601214659486 36.49761904761905 
1027.1487114611446 38.43055555555557 
1124.5218605591833 10.735317460317459 
1025.1995191624346 39.20158730158731 
1165.1804824759968 2.9289682539682538 
1105.0592041439456 16.8531746031746 

1124.5218605591833 10.735317460317459 
1080.4534294550112 25.577777777777772 
1098.9686219323423 17.774603174603172 
1165.1804824759968 2.9289682539682538 
1069.813684920925 35.16428571428571 
1040.7711854890185 46.87063492063491 
1086.9196446896156 18.820238095238093 
1049.2937283805688 35.61746031746032 
1000.6894358625027 52.8797619047619 
1026.0573771261295 51.430158730158716 
997.9644518842474 60.42658730158729 

1088.406369919494 28.269444444444446 
1124.5218605591833 10.735317460317459 
1022.9561687577412 47.83333333333333 
1048.0792577283553 36.38849206349206 
1098.9686219323423 17.774603174603172 
1068.10205868209 31.716269841269845 
1000.6894358625027 52.8797619047619 
997.9644518842474 60.42658730158729 

1098.9686219323423 17.774603174603172 
997.9644518842474 60.42658730158729 
1027.9825436822318 48.89722222222222 
1024.7788541855627 52.990079365079374 
1086.9196446896156 18.820238095238093 
1165.1804824759968 2.9289682539682538 
1048.9505073474772 37.84007936507936 
1139.4360220190301 11.24126984126984 
1035.8751755781998 40.5313492063492 
1078.8342570745979 29.0468253968254 
1019.9678008273046 53.15079365079365 

1000.6894358625027 52.8797619047619 
1086.9196446896156 18.820238095238093 
1022.9323056449834 37.78373015873016 
1124.5218605591833 10.735317460317459 
1098.9686219323423 17.774603174603172 
1049.5063932200549 30.697222222222223 
997.9644518842474 60.42658730158729 
1165.1804824759968 2.9289682539682538 
1077.5470085290722 28.909523809523815 
1117.0356278949282 14.170238095238094 
1047.9407151696892 32.919841269841285 

1086.9196446896156 18.820238095238093 
1124.5218605591833 10.735317460317459 
1048.0792577283553 36.38849206349206 
1026.0573771261295 51.430158730158716 
997.9644518842474 60.42658730158729 
1098.9686219323423 17.774603174603172 
1072.735760952057 31.588492063492062 
1165.1804824759968 2.9289682539682538 
1000.6894358625027 52.8797619047619 

1055.811949060443 24.682936507936507 
1023.8080711654283 45.88849206349208 
1046.2443436787935 44.69285714285715 
1072.0373622917346 22.89563492063492 
1047.2015589265334 35.43412698412698 
1124.5218605591833 10.735317460317459 
1165.1804824759968 2.9289682539682538 
1106.045070548379 16.96746031746032 
1000.6894358625027 52.8797619047619 
1027.516139515008 44.961904761904755 
997.9644518842474 60.42658730158729 
1086.9196446896156 18.820238095238093 

