1000.6894358625027 52.8797619047619 
997.9644518842474 60.42658730158729 
1143.6679206143288 5.969047619047618 
1124.5218605591833 10.735317460317459 
1026.0573771261295 51.430158730158716 
1023.3051524523779 51.59960317460317 
1027.0955347205966 49.668253968253964 
1040.7711854890185 46.87063492063491 
1047.2134512080634 37.16507936507937 
1082.4136484770145 26.84920634920635 
1092.8896090177384 24.13650793650794 
1117.0356278949282 14.170238095238094 

1086.9196446896156 18.820238095238093 
1000.6894358625027 52.8797619047619 
1021.9029447659244 42.31507936507936 
1023.9257871169422 37.06706349206349 
1047.8284476981892 36.92896825396825 
1051.1972098544825 30.83452380952381 
997.9644518842474 60.42658730158729 
1078.8342570745979 29.0468253968254 
1124.5218605591833 10.735317460317459 
1098.9686219323423 17.774603174603172 
1117.0356278949282 14.170238095238094 

1086.9196446896156 18.820238095238093 
1000.6894358625027 52.8797619047619 
1021.5977767093322 43.87182539682539 
1047.75731522823 36.25515873015873 
1046.3238894707285 37.026190476190486 
1053.646613008778 36.237301587301594 
997.9644518842474 60.42658730158729 
1076.4710808748905 27.798015873015874 
1124.5218605591833 10.735317460317459 
1098.9686219323423 17.774603174603172 
1117.0356278949282 14.170238095238094 
1165.1804824759968 2.9289682539682538 

999.1608238223573 60.130555555555546 
1000.6894358625027 52.8797619047619 
1021.3162255926865 51.19166666666668 
1023.9257871169422 37.06706349206349 
997.9644518842474 60.42658730158729 
1051.1972098544825 30.83452380952381 
1081.1936724051895 28.298809523809528 
1086.9196446896156 18.820238095238093 
1105.0592041439456 16.8531746031746 
1117.0356278949282 14.170238095238094 
1154.4021256297415 6.897619047619048 

997.9644518842474 60.42658730158729 
1056.9767297672918 37.63928571428571 
1000.6894358625027 52.8797619047619 
1014.7519688451667 45.484920634920634 
1027.6175224554888 42.79365079365079 
1035.8751755781998 40.5313492063492 
1070.1158304862763 27.387301587301586 
1082.553499729237 19.78214285714285 
1086.9196446896156 18.820238095238093 
1117.0356278949282 14.170238095238094 
1165.1804824759968 2.9289682539682538 

1124.5218605591833 10.735317460317459 
1098.9686219323423 17.774603174603172 
1165.1804824759968 2.9289682539682538 
1086.9196446896156 18.820238095238093 
1021.5977767093322 43.87182539682539 
1000.6894358625027 52.8797619047619 
1048.0792577283553 36.38849206349206 
1057.053006273315 34.40595238095238 
1072.735760952057 31.588492063492062 
1082.4136484770145 26.84920634920635 
997.9644518842474 60.42658730158729 
1117.0356278949282 14.170238095238094 
1143.6679206143288 5.969047619047618 

998.2322078902549 58.61944444444443 
1000.6894358625027 52.8797619047619 
1021.7867573492437 42.18968253968254 
1022.1898204014591 41.64920634920635 
1031.6087885036654 39.08888888888889 
997.9644518842474 60.42658730158729 
1053.9254903425017 34.38531746031745 
1065.545786764494 32.08531746031747 
1082.619953866787 28.528571428571432 
1086.4765433572359 25.292063492063495 
1086.9196446896156 18.820238095238093 
1117.0356278949282 14.170238095238094 
1165.1804824759968 2.9289682539682538 

998.9536051710514 59.06865079365079 
1000.6894358625027 52.8797619047619 
1021.7867573492437 42.18968253968254 
997.9644518842474 60.42658730158729 
1049.2937283805688 35.61746031746032 
1054.5923156741844 34.782936507936505 
1076.302447478555 32.81706349206349 
1081.3395939026848 28.21468253968254 
1086.9196446896156 18.820238095238093 
1119.3285788829285 17.43174603174603 
1126.1464584529417 15.138492063492063 
1143.6679206143288 5.969047619047618 

997.9644518842474 60.42658730158729 
1143.6679206143288 5.969047619047618 
1124.5218605591833 10.735317460317459 
1098.9686219323423 17.774603174603172 
1165.1804824759968 2.9289682539682538 
1086.9196446896156 18.820238095238093 
1021.7867573492437 42.18968253968254 
1025.043396916302 39.5404761904762 
1038.6839036600013 37.8345238095238 
1000.6894358625027 52.8797619047619 
1053.5342249953953 33.848412698412695 
1064.19972500498 32.62579365079365 
1081.9695112103775 31.5202380952381 
1116.3214906215628 16.774603174603172 
1117.0356278949282 14.170238095238094 

1124.5218605591833 10.735317460317459 
1098.9686219323423 17.774603174603172 
1165.1804824759968 2.9289682539682538 
1086.9196446896156 18.820238095238093 
1021.7867573492437 42.18968253968254 
1021.9958617061627 37.83809523809524 
1000.6894358625027 52.8797619047619 
1047.9407151696892 32.919841269841285 
1076.302447478555 32.81706349206349 
1083.0872660479633 29.27738095238096 
997.9644518842474 60.42658730158729 
1117.0356278949282 14.170238095238094 
1143.6679206143288 5.969047619047618 

1000.6894358625027 52.8797619047619 
1012.4881038875413 52.012698412698406 
997.9644518842474 60.42658730158729 
1021.5977767093322 43.87182539682539 
1124.5218605591833 10.735317460317459 
1031.6087885036654 39.08888888888889 
1046.3238894707285 37.026190476190486 
1051.1972098544825 30.83452380952381 
1081.1936724051895 28.298809523809528 
1082.553499729237 19.78214285714285 
1117.0356278949282 14.170238095238094 
1154.4021256297415 6.897619047619048 

1086.9196446896156 18.820238095238093 
1000.6894358625027 52.8797619047619 
1024.5912987346524 46.740873015873014 
1040.0247175761103 42.22500000000001 
1051.432879610806 37.289285714285725 
1064.8426181048578 32.10079365079366 
1075.120995605369 30.587698412698423 
1124.5218605591833 10.735317460317459 
1098.9686219323423 17.774603174603172 
1117.0356278949282 14.170238095238094 
1143.6679206143288 5.969047619047618 

1098.9686219323423 17.774603174603172 
1165.1804824759968 2.9289682539682538 
1086.9196446896156 18.820238095238093 
1023.3051524523779 51.59960317460317 
1000.6894358625027 52.8797619047619 
1034.7656833266017 43.68888888888889 
1036.6817557840081 40.90992063492064 
1048.0792577283553 36.38849206349206 
1059.4904183710114 34.415476190476184 
1070.1158304862763 27.387301587301586 
997.9644518842474 60.42658730158729 
1116.3214906215628 16.774603174603172 
1124.5218605591833 10.735317460317459 

997.9644518842474 60.42658730158729 
1143.6679206143288 5.969047619047618 
1124.5218605591833 10.735317460317459 
1025.3556506506732 47.25119047619047 
1086.9196446896156 18.820238095238093 
1046.8066944433297 43.73769841269841 
1047.2134512080634 37.16507936507937 
1000.6894358625027 52.8797619047619 
1083.9877538618882 26.077380952380953 
1117.0356278949282 14.170238095238094 

997.9644518842474 60.42658730158729 
1000.6894358625027 52.8797619047619 
1143.6679206143288 5.969047619047618 
1022.1698935693138 40.09246031746032 
1165.1804824759968 2.9289682539682538 
1047.2134512080634 37.16507936507937 
1053.144646322174 33.29325396825397 
1064.3541785070138 28.38412698412699 
1082.7008145178088 28.046031746031748 
1105.661445461203 19.612301587301587 
1117.0356278949282 14.170238095238094 

995.7597031520469 51.98214285714286 
1143.6679206143288 5.969047619047618 
1124.5218605591833 10.735317460317459 
1098.9686219323423 17.774603174603172 
1020.2620000294897 41.975793650793655 
1046.3238894707285 37.026190476190486 
1068.10205868209 31.716269841269845 
1070.1158304862763 27.387301587301586 
1087.4909991900997 26.387301587301586 
1117.0356278949282 14.170238095238094 

997.9644518842474 60.42658730158729 
1143.6679206143288 5.969047619047618 
1124.5218605591833 10.735317460317459 
1098.9686219323423 17.774603174603172 
1165.1804824759968 2.9289682539682538 
1086.9196446896156 18.820238095238093 
1025.8104244141412 47.90595238095237 
1037.7844882159825 44.313888888888876 
1045.8743638320248 42.90555555555555 
1000.6894358625027 52.8797619047619 
1056.9767297672918 37.63928571428571 
1072.735760952057 31.588492063492062 
1078.2990380174479 31.073809523809523 
1085.818302929405 24.530158730158725 
1117.0356278949282 14.170238095238094 

998.526579554503 53.382936507936506 
1000.6894358625027 52.8797619047619 
1124.6170609354099 18.36111111111111 
1018.374735092104 42.77142857142857 
1022.2487166885442 40.20595238095238 
997.9644518842474 60.42658730158729 
1038.491487331642 37.3734126984127 
1048.3002469086105 36.33412698412699 
1049.5063932200549 30.697222222222223 
1081.5433998997526 26.23452380952381 
1090.7142695541797 21.607142857142854 
1114.2532484883143 21.523015873015872 
1126.1464584529417 15.138492063492063 
1154.4021256297415 6.897619047619048 

1124.5218605591833 10.735317460317459 
1098.9686219323423 17.774603174603172 
1165.1804824759968 2.9289682539682538 
1086.9196446896156 18.820238095238093 
1022.7717144410859 50.22619047619049 
1027.8824030183966 40.98095238095238 
1000.6894358625027 52.8797619047619 
1048.0792577283553 36.38849206349206 
1054.0103769039265 34.7484126984127 
1064.5509751444445 29.121031746031747 
1070.1158304862763 27.387301587301586 
1082.553499729237 19.78214285714285 
997.9644518842474 60.42658730158729 
1117.0356278949282 14.170238095238094 

999.2728383504875 53.69761904761906 
997.9644518842474 60.42658730158729 
1143.6679206143288 5.969047619047618 
1124.5218605591833 10.735317460317459 
1021.7867573492437 42.18968253968254 
1022.1898204014591 41.64920634920635 
1086.9196446896156 18.820238095238093 
1048.0792577283553 36.38849206349206 
1054.5923156741844 34.782936507936505 
1065.545786764494 32.08531746031747 
1000.6894358625027 52.8797619047619 
1107.0782024263963 18.344047619047615 
1117.0356278949282 14.170238095238094 

1000.6894358625027 52.8797619047619 
1004.8156365734771 42.83809523809524 
1021.7867573492437 42.18968253968254 
1022.9323056449834 37.78373015873016 
997.9644518842474 60.42658730158729 
1048.3002469086105 36.33412698412699 
1048.4032764244807 31.237698412698414 
1077.2991158060554 25.980555555555558 
1090.7142695541797 21.607142857142854 
1124.5673028886129 15.678968253968254 
1126.1464584529417 15.138492063492063 

1124.5218605591833 10.735317460317459 
1098.9686219323423 17.774603174603172 
1165.1804824759968 2.9289682539682538 
1086.9196446896156 18.820238095238093 
1021.7867573492437 42.18968253968254 
1000.6894358625027 52.8797619047619 
1049.2937283805688 35.61746031746032 
1050.9594217999252 34.30515873015873 
1070.1158304862763 27.387301587301586 
1082.553499729237 19.78214285714285 
997.9644518842474 60.42658730158729 
1117.0356278949282 14.170238095238094 

1086.9196446896156 18.820238095238093 
1000.4049787877425 52.3174603174603 
1021.5977767093322 43.87182539682539 
1046.4885331744174 42.336111111111116 
1046.5199831108657 36.9718253968254 
1052.8795677944258 35.603968253968254 
997.9644518842474 60.42658730158729 
1080.7006099726002 32.04047619047619 
1124.5218605591833 10.735317460317459 
1098.9686219323423 17.774603174603172 
1117.0356278949282 14.170238095238094 

1086.9196446896156 18.820238095238093 
1000.6894358625027 52.8797619047619 
1026.0573771261295 51.430158730158716 
1028.571065729849 48.206349206349195 
1045.8743638320248 42.90555555555555 
1046.3238894707285 37.026190476190486 
1051.958268736522 32.68849206349207 
997.9644518842474 60.42658730158729 
1074.5040090632026 28.0468253968254 
1119.3285788829285 17.43174603174603 
1098.9686219323423 17.774603174603172 
1136.7037475867521 16.43174603174603 
1143.6679206143288 5.969047619047618 

1000.6894358625027 52.8797619047619 
1003.5123052711335 51.97380952380952 
1021.7867573492437 42.18968253968254 
1022.9323056449834 37.78373015873016 
997.9644518842474 60.42658730158729 
1049.2937283805688 35.61746031746032 
1048.0792577283553 36.38849206349206 
1052.3345003188838 33.62619047619048 
1066.0599277977415 31.808730158730157 
1082.553499729237 19.78214285714285 
1117.0356278949282 14.170238095238094 
1165.1804824759968 2.9289682539682538 

998.1804864037509 57.149206349206366 
1000.6894358625027 52.8797619047619 
1023.6507083611797 49.831746031746036 
1028.7235737992628 43.278968253968266 
1035.7361453593512 42.34246031746031 
1051.120702170877 38.090873015873015 
1060.0804865781906 35.24563492063492 
1076.302447478555 32.81706349206349 
1080.7006099726002 32.04047619047619 
1082.553499729237 19.78214285714285 
1086.9196446896156 18.820238095238093 
1117.0356278949282 14.170238095238094 

999.4465961528531 53.44246031746031 
1000.6894358625027 52.8797619047619 
1007.0932002251645 41.9170634920635 
1009.0231256359441 41.146031746031746 
1021.9958617061627 37.83809523809524 
997.9644518842474 60.42658730158729 
1049.2937283805688 35.61746031746032 
1051.1972098544825 30.83452380952381 
1081.6000225734062 26.357936507936504 
1086.9196446896156 18.820238095238093 
1105.0592041439456 16.8531746031746 
1143.1397316508774 15.567460317460313 
1154.4021256297415 6.897619047619048 

1143.6679206143288 5.969047619047618 
1124.5218605591833 10.735317460317459 
1098.9686219323423 17.774603174603172 
1165.1804824759968 2.9289682539682538 
1086.9196446896156 18.820238095238093 
1026.0573771261295 51.430158730158716 
1000.6894358625027 52.8797619047619 
1056.9767297672918 37.63928571428571 
1072.735760952057 31.588492063492062 
1082.4136484770145 26.84920634920635 
1085.5390131325141 21.203968253968256 
1117.0356278949282 14.170238095238094 

997.9644518842474 60.42658730158729 
1143.6679206143288 5.969047619047618 
1124.5218605591833 10.735317460317459 
1023.9994249931119 51.47063492063493 
1027.0955347205966 49.668253968253964 
1086.9196446896156 18.820238095238093 
1046.040645801826 46.38055555555555 
1048.8833788815828 30.98650793650794 
1062.569191109731 29.006349206349206 
1000.6894358625027 52.8797619047619 
1106.4050532201832 17.890079365079362 
1117.0356278949282 14.170238095238094 

997.9644518842474 60.42658730158729 
1056.9767297672918 37.63928571428571 
1000.6894358625027 52.8797619047619 
1016.6992015910456 45.198412698412696 
1021.5977767093322 43.87182539682539 
1042.0671428546725 43.74880952380952 
1072.735760952057 31.588492063492062 
1082.4136484770145 26.84920634920635 
1082.553499729237 19.78214285714285 
1086.9196446896156 18.820238095238093 
1117.0356278949282 14.170238095238094 
1165.1804824759968 2.9289682539682538 

