1098.9686219323423 17.774603174603172 
1086.9196446896156 18.820238095238093 
1124.5218605591833 10.735317460317459 
1000.6894358625027 52.8797619047619 
997.9644518842474 60.42658730158729 
1058.4082382540826 35.48293650793651 
1040.7711854890185 46.87063492063491 
1048.0792577283553 36.38849206349206 
1046.979911978779 44.49444444444445 
1072.735760952057 31.588492063492062 
1143.6679206143288 5.969047619047618 
1117.0356278949282 14.170238095238094 
1026.0573771261295 51.430158730158716 
1165.1804824759968 2.9289682539682538 
1026.1805973352489 49.105555555555554 
1084.2102519524938 26.054761904761907 
1060.0804865781906 35.24563492063492 
1047.2521535419603 43.977380952380955 

997.9644518842474 60.42658730158729 
1098.9686219323423 17.774603174603172 
1086.9196446896156 18.820238095238093 
1000.6894358625027 52.8797619047619 
1116.3214906215628 16.774603174603172 
1022.1898204014591 41.64920634920635 
1072.735760952057 31.588492063492062 
1124.5218605591833 10.735317460317459 
1165.1804824759968 2.9289682539682538 
1054.5923156741844 34.782936507936505 
1049.2937283805688 35.61746031746032 
1143.6679206143288 5.969047619047618 
1117.0356278949282 14.170238095238094 

1098.9686219323423 17.774603174603172 
1086.9196446896156 18.820238095238093 
1012.0023466980306 49.245238095238086 
1017.7298138430184 47.59603174603174 
1000.6894358625027 52.8797619047619 
1116.3214906215628 16.774603174603172 
1143.6679206143288 5.969047619047618 
1124.5218605591833 10.735317460317459 
1132.1145108861801 9.8265873015873 
1165.1804824759968 2.9289682539682538 
1074.6968904043301 27.363888888888887 
1049.2937283805688 35.61746031746032 
1048.0792577283553 36.38849206349206 
998.8808454564927 57.43809523809525 
1082.553499729237 19.78214285714285 
1117.0356278949282 14.170238095238094 
1022.1898204014591 41.64920634920635 
1072.735760952057 31.588492063492062 

1098.9686219323423 17.774603174603172 
1086.9196446896156 18.820238095238093 
1061.6231373027952 32.206349206349216 
1066.7598237036882 30.10634920634921 
997.9644518842474 60.42658730158729 
1083.0357856030164 26.595238095238095 
1010.845710130528 48.47380952380953 
1038.9809553910122 40.74246031746032 
1124.5218605591833 10.735317460317459 
1117.0356278949282 14.170238095238094 
1143.6679206143288 5.969047619047618 
1022.1898204014591 41.64920634920635 
1053.9862201414537 35.31666666666666 
1048.0792577283553 36.38849206349206 
1065.545786764494 32.08531746031747 
1084.2102519524938 26.054761904761907 
1165.1804824759968 2.9289682539682538 
1000.6894358625027 52.8797619047619 

1098.9686219323423 17.774603174603172 
1086.9196446896156 18.820238095238093 
1084.8685279665372 26.66706349206349 
1047.8284476981892 36.92896825396825 
997.8488059610099 57.223015873015875 
1000.6894358625027 52.8797619047619 
1008.77126759909 46.56309523809524 
1022.1898204014591 41.64920634920635 
1072.735760952057 31.588492063492062 
1143.6679206143288 5.969047619047618 
1124.5218605591833 10.735317460317459 
1132.1145108861801 9.8265873015873 
1165.1804824759968 2.9289682539682538 
1069.8602257020993 32.67857142857142 
1117.0356278949282 14.170238095238094 
1047.7551332725977 41.5047619047619 
1081.821487187114 29.84484126984126 
1021.5977767093322 43.87182539682539 

1098.9686219323423 17.774603174603172 
1086.9196446896156 18.820238095238093 
1143.6679206143288 5.969047619047618 
1116.3214906215628 16.774603174603172 
1049.2937283805688 35.61746031746032 
1117.0356278949282 14.170238095238094 
997.9644518842474 60.42658730158729 
1124.5218605591833 10.735317460317459 
1082.553499729237 19.78214285714285 
1070.1158304862763 27.387301587301586 
1051.1972098544825 30.83452380952381 
1165.1804824759968 2.9289682539682538 
1039.1237165908485 38.02539682539682 
1022.1898204014591 41.64920634920635 

1098.9686219323423 17.774603174603172 
1086.9196446896156 18.820238095238093 
1081.6000225734062 26.357936507936504 
1124.5218605591833 10.735317460317459 
997.9644518842474 60.42658730158729 
998.2322078902549 58.61944444444443 
1000.6894358625027 52.8797619047619 
1051.1972098544825 30.83452380952381 
1143.6679206143288 5.969047619047618 
1070.1158304862763 27.387301587301586 
1110.3226905503618 12.190476190476188 
1021.7867573492437 42.18968253968254 
1165.1804824759968 2.9289682539682538 
1049.2937283805688 35.61746031746032 
1048.0792577283553 36.38849206349206 
1022.1898204014591 41.64920634920635 
1082.553499729237 19.78214285714285 
999.6914103144015 58.078968253968256 

997.9644518842474 60.42658730158729 
1098.9686219323423 17.774603174603172 
1086.9196446896156 18.820238095238093 
1117.0356278949282 14.170238095238094 
1070.1158304862763 27.387301587301586 
1124.5218605591833 10.735317460317459 
1116.3214906215628 16.774603174603172 
1045.629647106409 44.26269841269841 
1165.1804824759968 2.9289682539682538 
1082.553499729237 19.78214285714285 
1082.4136484770145 26.84920634920635 
1026.0573771261295 51.430158730158716 
1143.6679206143288 5.969047619047618 
1049.2937283805688 35.61746031746032 

1086.9196446896156 18.820238095238093 
1165.1804824759968 2.9289682539682538 
1000.6894358625027 52.8797619047619 
1072.735760952057 31.588492063492062 
997.8488059610099 57.223015873015875 
1049.0625870907604 42.15555555555555 
1082.2036033310496 27.757142857142856 
1117.0356278949282 14.170238095238094 
1132.1145108861801 9.8265873015873 
1049.2937283805688 35.61746031746032 
1055.5399282117992 33.95198412698413 
1143.6679206143288 5.969047619047618 
1021.5977767093322 43.87182539682539 
1078.764459207426 30.72738095238095 
1069.8602257020993 32.67857142857142 
1124.5218605591833 10.735317460317459 

1086.9196446896156 18.820238095238093 
1098.9686219323423 17.774603174603172 
1021.5977767093322 43.87182539682539 
1049.2937283805688 35.61746031746032 
1060.0804865781906 35.24563492063492 
1165.1804824759968 2.9289682539682538 
1124.5218605591833 10.735317460317459 
1079.5333703451372 25.36984126984127 
1117.0356278949282 14.170238095238094 
1031.6087885036654 39.08888888888889 
1072.735760952057 31.588492063492062 
1105.0592041439456 16.8531746031746 
1048.0792577283553 36.38849206349206 
997.9044555268274 56.13174603174602 
1000.6894358625027 52.8797619047619 
1143.6679206143288 5.969047619047618 
1132.5783402484403 9.261507936507934 

1098.9686219323423 17.774603174603172 
1086.9196446896156 18.820238095238093 
1051.120702170877 38.090873015873015 
1084.8685279665372 26.66706349206349 
1072.735760952057 31.588492063492062 
1124.5218605591833 10.735317460317459 
1143.6679206143288 5.969047619047618 
997.9644518842474 60.42658730158729 
1165.1804824759968 2.9289682539682538 
1021.5977767093322 43.87182539682539 
1031.6087885036654 39.08888888888889 
1051.570905621899 34.60595238095238 
1117.0356278949282 14.170238095238094 
1000.6894358625027 52.8797619047619 
1071.0978505566552 33.075 
1021.7867573492437 42.18968253968254 
1132.1145108861801 9.8265873015873 

1098.9686219323423 17.774603174603172 
1086.9196446896156 18.820238095238093 
1124.5218605591833 10.735317460317459 
1070.1158304862763 27.387301587301586 
1059.359430092128 33.5686507936508 
1110.3226905503618 12.190476190476188 
1143.6679206143288 5.969047619047618 
1132.5783402484403 9.261507936507934 
1037.601214659486 36.49761904761905 
1021.5977767093322 43.87182539682539 
1018.7391012445396 44.016269841269846 
1015.9749379279882 47.16309523809524 
1165.1804824759968 2.9289682539682538 
1082.553499729237 19.78214285714285 
1000.6894358625027 52.8797619047619 
1051.0603998901813 36.288095238095245 
997.9644518842474 60.42658730158729 

1098.9686219323423 17.774603174603172 
1086.9196446896156 18.820238095238093 
999.2160892204347 56.981746031746034 
1165.1804824759968 2.9289682539682538 
1000.6894358625027 52.8797619047619 
1022.1898204014591 41.64920634920635 
1049.2937283805688 35.61746031746032 
1143.6679206143288 5.969047619047618 
1025.043396916302 39.5404761904762 
1082.553499729237 19.78214285714285 
1124.5218605591833 10.735317460317459 
1072.735760952057 31.588492063492062 
1115.9383387362466 16.24880952380952 
1054.8598199648184 33.3079365079365 
1117.0356278949282 14.170238095238094 
1065.545786764494 32.08531746031747 
998.2322078902549 58.61944444444443 
1080.3895032574176 30.772222222222226 

1086.9196446896156 18.820238095238093 
997.9644518842474 60.42658730158729 
1098.9686219323423 17.774603174603172 
1081.6000225734062 26.357936507936504 
1116.3214906215628 16.774603174603172 
1124.5218605591833 10.735317460317459 
1000.6894358625027 52.8797619047619 
1049.2937283805688 35.61746031746032 
1048.0792577283553 36.38849206349206 
1132.1145108861801 9.8265873015873 
1165.1804824759968 2.9289682539682538 
1143.6679206143288 5.969047619047618 
1051.1972098544825 30.83452380952381 
1021.7867573492437 42.18968253968254 
1117.0356278949282 14.170238095238094 
1021.9958617061627 37.83809523809524 

1098.9686219323423 17.774603174603172 
1086.9196446896156 18.820238095238093 
997.9644518842474 60.42658730158729 
1040.7711854890185 46.87063492063491 
1124.5218605591833 10.735317460317459 
1000.6894358625027 52.8797619047619 
1051.120702170877 38.090873015873015 
1165.1804824759968 2.9289682539682538 
1026.0573771261295 51.430158730158716 
1143.6679206143288 5.969047619047618 
1045.8743638320248 42.90555555555555 
1117.0356278949282 14.170238095238094 
1072.735760952057 31.588492063492062 
1056.9767297672918 37.63928571428571 

1086.9196446896156 18.820238095238093 
997.9644518842474 60.42658730158729 
1143.6679206143288 5.969047619047618 
1165.1804824759968 2.9289682539682538 
1085.2632589676925 32.62777777777778 
1049.2937283805688 35.61746031746032 
1132.1145108861801 9.8265873015873 
1124.5218605591833 10.735317460317459 
1000.6894358625027 52.8797619047619 
1022.7717144410859 50.22619047619049 
1117.0356278949282 14.170238095238094 
1048.0792577283553 36.38849206349206 

1098.9686219323423 17.774603174603172 
1086.9196446896156 18.820238095238093 
1000.6894358625027 52.8797619047619 
996.206200671314 53.93174603174602 
1124.5218605591833 10.735317460317459 
1038.1037156528598 35.3297619047619 
1051.1972098544825 30.83452380952381 
1016.6444107743861 49.88968253968254 
1016.0771620140334 50.52301587301587 
1132.1145108861801 9.8265873015873 
1165.1804824759968 2.9289682539682538 
1143.6679206143288 5.969047619047618 
1070.1158304862763 27.387301587301586 
1117.0356278949282 14.170238095238094 
1021.9958617061627 37.83809523809524 
1017.8540770989919 45.060714285714305 
1073.796226200105 26.219047619047615 
1082.553499729237 19.78214285714285 

997.9644518842474 60.42658730158729 
1098.9686219323423 17.774603174603172 
1086.9196446896156 18.820238095238093 
1049.2937283805688 35.61746031746032 
1018.2268913061735 47.88571428571429 
1132.1145108861801 9.8265873015873 
1053.7837419073494 33.901984126984125 
1082.553499729237 19.78214285714285 
998.914678473873 53.57142857142857 
1143.6679206143288 5.969047619047618 
1026.3983579741598 39.780555555555566 
1117.0356278949282 14.170238095238094 
1037.601214659486 36.49761904761905 
1071.0978505566552 33.075 
1072.735760952057 31.588492063492062 
1124.5218605591833 10.735317460317459 
1078.8342570745979 29.0468253968254 
1165.1804824759968 2.9289682539682538 

1086.9196446896156 18.820238095238093 
997.9644518842474 60.42658730158729 
1098.9686219323423 17.774603174603172 
1021.5977767093322 43.87182539682539 
1000.6894358625027 52.8797619047619 
1124.5218605591833 10.735317460317459 
1132.1145108861801 9.8265873015873 
1037.601214659486 36.49761904761905 
1057.659002029243 32.21269841269841 
1077.7876751920273 29.919841269841267 
1165.1804824759968 2.9289682539682538 
1143.6679206143288 5.969047619047618 
1081.095089525719 28.298809523809528 
1082.553499729237 19.78214285714285 
1030.9322345840567 39.75039682539683 
1012.1472320751136 47.160714285714285 
1064.6894613002846 30.698412698412692 
1117.0356278949282 14.170238095238094 

997.9644518842474 60.42658730158729 
1098.9686219323423 17.774603174603172 
1086.9196446896156 18.820238095238093 
1000.6894358625027 52.8797619047619 
1124.5218605591833 10.735317460317459 
1143.6679206143288 5.969047619047618 
1064.2915227941676 34.3436507936508 
1072.735760952057 31.588492063492062 
1056.9767297672918 37.63928571428571 
1082.553499729237 19.78214285714285 
1117.0356278949282 14.170238095238094 
1046.947784519318 45.538888888888884 
1165.1804824759968 2.9289682539682538 
1031.683807284437 50.325793650793656 
1040.7711854890185 46.87063492063491 
1051.9839261460031 40.25753968253969 
1026.0573771261295 51.430158730158716 
1071.690538130181 33.079761904761895 

1098.9686219323423 17.774603174603172 
1086.9196446896156 18.820238095238093 
1000.6894358625027 52.8797619047619 
1124.5218605591833 10.735317460317459 
997.9644518842474 60.42658730158729 
1116.3214906215628 16.774603174603172 
1143.6679206143288 5.969047619047618 
1082.4136484770145 26.84920634920635 
1020.9919347567345 52.67222222222223 
1048.0792577283553 36.38849206349206 
1049.2937283805688 35.61746031746032 
1065.545786764494 32.08531746031747 
1165.1804824759968 2.9289682539682538 
1117.0356278949282 14.170238095238094 
1070.1158304862763 27.387301587301586 
999.6914103144015 58.078968253968256 
1022.1898204014591 41.64920634920635 
1084.2102519524938 26.054761904761907 

997.9644518842474 60.42658730158729 
1098.9686219323423 17.774603174603172 
1086.9196446896156 18.820238095238093 
1000.6894358625027 52.8797619047619 
1165.1804824759968 2.9289682539682538 
1083.0357856030164 26.595238095238095 
1026.0573771261295 51.430158730158716 
1124.5218605591833 10.735317460317459 
1045.8743638320248 42.90555555555555 
1023.4784362013285 52.290476190476184 
1047.8284476981892 36.92896825396825 
1027.0955347205966 49.668253968253964 
1048.0792577283553 36.38849206349206 
1072.735760952057 31.588492063492062 
1117.0356278949282 14.170238095238094 
1084.2102519524938 26.054761904761907 
1143.6679206143288 5.969047619047618 
1049.2937283805688 35.61746031746032 

1098.9686219323423 17.774603174603172 
1086.9196446896156 18.820238095238093 
1132.5783402484403 9.261507936507934 
1143.6679206143288 5.969047619047618 
1124.5218605591833 10.735317460317459 
1025.3221314861648 52.1329365079365 
1041.9757692102917 44.45119047619046 
1040.7711854890185 46.87063492063491 
997.9644518842474 60.42658730158729 
1082.553499729237 19.78214285714285 
1117.0356278949282 14.170238095238094 
1054.5923156741844 34.782936507936505 
1000.6894358625027 52.8797619047619 
1165.1804824759968 2.9289682539682538 
1048.634871907437 38.37619047619049 
1027.0955347205966 49.668253968253964 
1070.1158304862763 27.387301587301586 

1098.9686219323423 17.774603174603172 
1086.9196446896156 18.820238095238093 
997.9607592496099 58.46190476190474 
999.4980664244388 55.244841269841274 
1124.5218605591833 10.735317460317459 
1113.904586733235 13.477777777777776 
1000.6894358625027 52.8797619047619 
1143.6679206143288 5.969047619047618 
1020.3426188236825 45.71904761904763 
1062.7046561788868 28.90595238095238 
1023.4518012817352 44.30277777777779 
1037.601214659486 36.49761904761905 
1165.1804824759968 2.9289682539682538 
1031.404084011772 43.126984126984134 
1070.1158304862763 27.387301587301586 
1059.359430092128 33.5686507936508 
1015.4649249725708 47.87976190476191 
1082.553499729237 19.78214285714285 

997.9644518842474 60.42658730158729 
1098.9686219323423 17.774603174603172 
1086.9196446896156 18.820238095238093 
998.5343560722096 54.17777777777778 
1023.9257871169422 37.06706349206349 
1124.5218605591833 10.735317460317459 
1165.1804824759968 2.9289682539682538 
1143.6679206143288 5.969047619047618 
1117.0356278949282 14.170238095238094 
1049.2937283805688 35.61746031746032 
1105.0592041439456 16.8531746031746 
1048.0792577283553 36.38849206349206 
1021.9958617061627 37.83809523809524 
1082.553499729237 19.78214285714285 
1070.1158304862763 27.387301587301586 
1051.1972098544825 30.83452380952381 
1000.6894358625027 52.8797619047619 
1132.1145108861801 9.8265873015873 

1098.9686219323423 17.774603174603172 
1086.9196446896156 18.820238095238093 
1056.9767297672918 37.63928571428571 
997.586701652298 57.267460317460326 
1026.0573771261295 51.430158730158716 
1143.6679206143288 5.969047619047618 
1165.1804824759968 2.9289682539682538 
1084.3187624526904 25.976984126984128 
1072.735760952057 31.588492063492062 
1124.5218605591833 10.735317460317459 
1117.0356278949282 14.170238095238094 
1000.6894358625027 52.8797619047619 
1041.5441158206295 41.90555555555555 
1040.7711854890185 46.87063492063491 
1028.571065729849 48.206349206349195 
998.9028379813824 55.07301587301587 
1132.5783402484403 9.261507936507934 
1059.359430092128 33.5686507936508 

997.9644518842474 60.42658730158729 
1098.9686219323423 17.774603174603172 
1086.9196446896156 18.820238095238093 
1029.4179739685803 47.25952380952381 
1124.5218605591833 10.735317460317459 
1110.3226905503618 12.190476190476188 
1165.1804824759968 2.9289682539682538 
1082.4136484770145 26.84920634920635 
1132.5783402484403 9.261507936507934 
1070.1158304862763 27.387301587301586 
1045.8743638320248 42.90555555555555 
1041.5964652017099 45.93730158730158 
1048.8033359875294 40.933730158730164 
1027.0955347205966 49.668253968253964 
1000.6894358625027 52.8797619047619 
1056.9767297672918 37.63928571428571 
1143.6679206143288 5.969047619047618 
1014.2641610898849 49.71547619047619 

1086.9196446896156 18.820238095238093 
997.9644518842474 60.42658730158729 
1098.9686219323423 17.774603174603172 
1124.5218605591833 10.735317460317459 
1000.6894358625027 52.8797619047619 
1049.2937283805688 35.61746031746032 
1070.1158304862763 27.387301587301586 
1165.1804824759968 2.9289682539682538 
1132.5783402484403 9.261507936507934 
1112.507686523655 16.22103174603174 
1021.5977767093322 43.87182539682539 
1105.0592041439456 16.8531746031746 
1143.6679206143288 5.969047619047618 
1117.0356278949282 14.170238095238094 
1041.5441158206295 41.90555555555555 

1098.9686219323423 17.774603174603172 
1086.9196446896156 18.820238095238093 
997.9644518842474 60.42658730158729 
1000.6894358625027 52.8797619047619 
1027.0955347205966 49.668253968253964 
1060.0804865781906 35.24563492063492 
1037.601214659486 36.49761904761905 
1065.1574890240613 33.99722222222222 
1124.5218605591833 10.735317460317459 
1026.0573771261295 51.430158730158716 
1165.1804824759968 2.9289682539682538 
1082.553499729237 19.78214285714285 
1117.0356278949282 14.170238095238094 
1070.1158304862763 27.387301587301586 
1143.6679206143288 5.969047619047618 

997.9644518842474 60.42658730158729 
1098.9686219323423 17.774603174603172 
1086.9196446896156 18.820238095238093 
1000.6894358625027 52.8797619047619 
998.7116375814005 55.6531746031746 
1165.1804824759968 2.9289682539682538 
1143.6679206143288 5.969047619047618 
1124.5218605591833 10.735317460317459 
1065.1574890240613 33.99722222222222 
1070.1158304862763 27.387301587301586 
1038.1037156528598 35.3297619047619 
1020.3535187656671 40.00555555555556 
1132.1145108861801 9.8265873015873 
1018.3390288256502 48.62738095238095 
1082.553499729237 19.78214285714285 
1037.601214659486 36.49761904761905 
1018.7202962371165 46.352380952380955 
1117.0356278949282 14.170238095238094 

