1038.670629293814 41.70833333333333 
1056.9767297672918 37.63928571428571 
1063.589677503008 31.58650793650794 
1056.6262786204013 38.1797619047619 
1037.5072362245517 45.73055555555556 
1039.0595379252582 41.287301587301585 

1086.9196446896156 18.820238095238093 
1098.9686219323423 17.774603174603172 
1119.3285788829285 17.43174603174603 
1076.302447478555 32.81706349206349 
1048.3925596990482 50.45674603174603 
1056.9767297672918 37.63928571428571 
1026.0573771261295 51.430158730158716 
1047.4812928341516 50.642460317460305 

1098.9686219323423 17.774603174603172 
1086.9196446896156 18.820238095238093 
1083.3618682104693 27.62380952380952 
1072.735760952057 31.588492063492062 
1052.779427817388 34.06547619047619 
1124.5218605591833 10.735317460317459 
1051.0603998901813 36.288095238095245 
1051.570905621899 34.60595238095238 
1049.2515677306721 40.4734126984127 
1021.7867573492437 42.18968253968254 
1021.5977767093322 43.87182539682539 
1049.6546307828874 39.93293650793652 
1117.0356278949282 14.170238095238094 
1022.1898204014591 41.64920634920635 
1065.545786764494 32.08531746031747 

1046.3238894707285 37.026190476190486 
1021.7867573492437 42.18968253968254 
1021.5977767093322 43.87182539682539 
1047.8284476981892 36.92896825396825 
1031.404194941071 39.440079365079356 
1030.4992482153464 41.78015873015873 

997.9644518842474 60.42658730158729 
1000.6894358625027 52.8797619047619 
1022.1898204014591 41.64920634920635 
1048.0792577283553 36.38849206349206 
1049.2937283805688 35.61746031746032 

1076.302447478555 32.81706349206349 
1060.5784709006623 35.81150793650794 
1039.2939613448507 41.688888888888876 
1041.0052250139236 40.493253968253946 
1055.3597010686244 38.83492063492064 
1056.9767297672918 37.63928571428571 

1098.9686219323423 17.774603174603172 
1143.6679206143288 5.969047619047618 
1124.5218605591833 10.735317460317459 
1117.0356278949282 14.170238095238094 
1165.1804824759968 2.9289682539682538 

1032.49024990218 36.83095238095239 
1021.5977767093322 43.87182539682539 
1049.0654661111396 36.157936507936505 
1049.2937283805688 35.61746031746032 

997.9644518842474 60.42658730158729 
1000.6894358625027 52.8797619047619 
1026.0573771261295 51.430158730158716 
1047.7551332725977 41.5047619047619 

1072.735760952057 31.588492063492062 

1026.0573771261295 51.430158730158716 

1086.9196446896156 18.820238095238093 
1098.9686219323423 17.774603174603172 
1117.0356278949282 14.170238095238094 
1081.6000225734062 26.357936507936504 

1023.2909111626788 53.71071428571429 

1124.5218605591833 10.735317460317459 
1117.0356278949282 14.170238095238094 
1165.1804824759968 2.9289682539682538 
1143.6679206143288 5.969047619047618 

1143.6679206143288 5.969047619047618 
1098.9686219323423 17.774603174603172 
1086.9196446896156 18.820238095238093 
1117.0356278949282 14.170238095238094 
1124.5218605591833 10.735317460317459 
1085.951644566681 26.192063492063493 

997.9644518842474 60.42658730158729 
1000.6894358625027 52.8797619047619 
1028.571065729849 48.206349206349195 
1023.5609436396132 49.308333333333344 
1048.0792577283553 36.38849206349206 
1049.2937283805688 35.61746031746032 

1049.2937283805688 35.61746031746032 

1026.0573771261295 51.430158730158716 

1098.9686219323423 17.774603174603172 
1086.9196446896156 18.820238095238093 
1070.1158304862763 27.387301587301586 
1056.9767297672918 37.63928571428571 
1055.197987949386 42.374206349206354 
1124.5218605591833 10.735317460317459 
1047.8082409240697 50.42420634920636 
1117.0356278949282 14.170238095238094 

1098.9686219323423 17.774603174603172 
1086.9196446896156 18.820238095238093 
1081.6000225734062 26.357936507936504 
1124.5218605591833 10.735317460317459 
1117.0356278949282 14.170238095238094 
1071.690538130181 33.079761904761895 
1070.3200816382962 35.97063492063492 
1056.9767297672918 37.63928571428571 

1022.1898204014591 41.64920634920635 
1037.601214659486 36.49761904761905 
1000.6894358625027 52.8797619047619 
1015.4565987754369 50.90079365079366 
1021.7867573492437 42.18968253968254 
997.9644518842474 60.42658730158729 
1022.9323056449834 37.78373015873016 
1000.4506721904779 56.64404761904762 
1022.5144923076448 40.06150793650794 

1086.9196446896156 18.820238095238093 
1082.553499729237 19.78214285714285 
1076.302447478555 32.81706349206349 
1065.1574890240613 33.99722222222222 

1098.9686219323423 17.774603174603172 
1086.9196446896156 18.820238095238093 
1049.5063932200549 30.697222222222223 
1124.5218605591833 10.735317460317459 
1116.3214906215628 16.774603174603172 
1082.553499729237 19.78214285714285 
1117.0356278949282 14.170238095238094 
1047.1861023006147 36.398412698412706 
1070.1158304862763 27.387301587301586 
1063.750092001541 28.993650793650797 

1086.9196446896156 18.820238095238093 
1008.77126759909 46.56309523809524 
1073.1038216442294 31.22142857142857 
1009.0959395052759 44.97539682539683 
1082.4136484770145 26.84920634920635 
997.9644518842474 60.42658730158729 
1011.6248441139332 44.454365079365076 
1084.834101002394 26.732539682539684 
1050.1610052361186 31.375 
1031.404194941071 39.440079365079356 
1032.6412133540211 38.66904761904762 
1000.6894358625027 52.8797619047619 
1022.715373281346 43.700793650793656 
1021.5977767093322 43.87182539682539 
1036.6643506942796 34.96071428571428 

1098.9686219323423 17.774603174603172 
1086.9196446896156 18.820238095238093 
1124.5218605591833 10.735317460317459 
1041.5441158206295 41.90555555555555 
1027.0955347205966 49.668253968253964 
1117.0356278949282 14.170238095238094 
1084.2102519524938 26.054761904761907 
1049.5063932200549 30.697222222222223 
1026.0573771261295 51.430158730158716 
1040.7711854890185 46.87063492063491 
1048.0792577283553 36.38849206349206 

1000.6894358625027 52.8797619047619 
1022.1898204014591 41.64920634920635 
997.7873313085001 53.41071428571428 
995.8782180010473 57.842460317460336 
1048.0792577283553 36.38849206349206 
1049.2937283805688 35.61746031746032 

1098.9686219323423 17.774603174603172 
1086.9196446896156 18.820238095238093 
1076.302447478555 32.81706349206349 
1056.9767297672918 37.63928571428571 
1117.0356278949282 14.170238095238094 

1165.1804824759968 2.9289682539682538 
1148.2256783579467 10.592460317460317 
1154.4021256297415 6.897619047619048 

1022.51543968635 49.65714285714286 
1048.0792577283553 36.38849206349206 

1086.9196446896156 18.820238095238093 
1072.735760952057 31.588492063492062 
1082.553499729237 19.78214285714285 
1061.7491798512876 36.49761904761905 

