1026.0573771261295 51.430158730158716 
997.9644518842474 60.42658730158729 
1098.9686219323423 17.774603174603172 
1064.530798177875 30.153174603174605 
1132.1145108861801 9.8265873015873 
1027.0955347205966 49.668253968253964 
1124.5218605591833 10.735317460317459 
1055.5349495469536 34.23214285714287 
1143.6679206143288 5.969047619047618 
1110.3226905503618 12.190476190476188 
1165.1804824759968 2.9289682539682538 
1045.8743638320248 42.90555555555555 
1000.6894358625027 52.8797619047619 
1082.553499729237 19.78214285714285 
1047.7551332725977 41.5047619047619 

997.9644518842474 60.42658730158729 
1098.9686219323423 17.774603174603172 
1086.9196446896156 18.820238095238093 
1124.5218605591833 10.735317460317459 
1110.9082427814017 14.89722222222222 
1025.4667316015402 40.88968253968254 
1049.2937283805688 35.61746031746032 
1082.553499729237 19.78214285714285 
1132.1145108861801 9.8265873015873 
1070.1158304862763 27.387301587301586 
1021.5977767093322 43.87182539682539 
1165.1804824759968 2.9289682539682538 
1051.1972098544825 30.83452380952381 
1010.931455673877 50.82539682539683 
1047.7316372853459 38.61111111111111 
1143.6679206143288 5.969047619047618 
1000.6894358625027 52.8797619047619 
1117.0356278949282 14.170238095238094 

997.9644518842474 60.42658730158729 
1098.9686219323423 17.774603174603172 
1086.9196446896156 18.820238095238093 
1015.1729758958609 49.87738095238096 
1019.8344507232446 41.1734126984127 
1006.280624224806 52.59722222222222 
1132.1145108861801 9.8265873015873 
1165.1804824759968 2.9289682539682538 
1000.6894358625027 52.8797619047619 
1037.601214659486 36.49761904761905 
1020.3427320056787 40.81944444444444 
1124.5218605591833 10.735317460317459 
1070.1158304862763 27.387301587301586 
1143.6679206143288 5.969047619047618 
1015.4649249725708 47.87976190476191 
1117.0356278949282 14.170238095238094 
1082.553499729237 19.78214285714285 

997.9644518842474 60.42658730158729 
1098.9686219323423 17.774603174603172 
1086.9196446896156 18.820238095238093 
1000.6894358625027 52.8797619047619 
1040.7711854890185 46.87063492063491 
1165.1804824759968 2.9289682539682538 
1031.1190629365678 49.90873015873016 
1049.2937283805688 35.61746031746032 
1070.1158304862763 27.387301587301586 
1124.5218605591833 10.735317460317459 
1041.5441158206295 41.90555555555555 
1143.6679206143288 5.969047619047618 
1024.2826197374995 52.12182539682539 
1117.0356278949282 14.170238095238094 
1026.0573771261295 51.430158730158716 

1098.9686219323423 17.774603174603172 
1086.9196446896156 18.820238095238093 
1165.1804824759968 2.9289682539682538 
1124.5218605591833 10.735317460317459 
1143.6679206143288 5.969047619047618 
997.9644518842474 60.42658730158729 
1054.5923156741844 34.782936507936505 
1022.1898204014591 41.64920634920635 
1074.6968904043301 27.363888888888887 
1072.735760952057 31.588492063492062 
1117.0356278949282 14.170238095238094 
1000.6894358625027 52.8797619047619 
1082.553499729237 19.78214285714285 
1049.2937283805688 35.61746031746032 
1132.1145108861801 9.8265873015873 
1065.545786764494 32.08531746031747 

1098.9686219323423 17.774603174603172 
1086.9196446896156 18.820238095238093 
997.9644518842474 60.42658730158729 
1021.5977767093322 43.87182539682539 
1021.7867573492437 42.18968253968254 
1078.8342570745979 29.0468253968254 
1049.2937283805688 35.61746031746032 
1000.6894358625027 52.8797619047619 
1023.9257871169422 37.06706349206349 
1143.6679206143288 5.969047619047618 
1053.9000068341172 33.763492063492066 
1124.5218605591833 10.735317460317459 
1082.553499729237 19.78214285714285 
1165.1804824759968 2.9289682539682538 
1117.0356278949282 14.170238095238094 
1072.735760952057 31.588492063492062 

1098.9686219323423 17.774603174603172 
1086.9196446896156 18.820238095238093 
1031.6087885036654 39.08888888888889 
1022.1698935693138 40.09246031746032 
1143.6679206143288 5.969047619047618 
1124.5218605591833 10.735317460317459 
1000.6894358625027 52.8797619047619 
1165.1804824759968 2.9289682539682538 
1021.5977767093322 43.87182539682539 
1048.4822743828672 38.916666666666664 
1117.0356278949282 14.170238095238094 
1132.1145108861801 9.8265873015873 
1051.1972098544825 30.83452380952381 
1021.8416359310359 42.284126984126985 
1105.0592041439456 16.8531746031746 
1082.553499729237 19.78214285714285 
1062.9131494707399 30.528571428571432 
997.1140829817941 58.83888888888888 

1098.9686219323423 17.774603174603172 
1086.9196446896156 18.820238095238093 
997.9644518842474 60.42658730158729 
1000.6894358625027 52.8797619047619 
1143.6679206143288 5.969047619047618 
1021.5977767093322 43.87182539682539 
1078.67448591376 27.713888888888892 
1132.1145108861801 9.8265873015873 
1041.5441158206295 41.90555555555555 
1048.0792577283553 36.38849206349206 
1047.7551332725977 41.5047619047619 
1124.5218605591833 10.735317460317459 
1165.1804824759968 2.9289682539682538 
1117.0356278949282 14.170238095238094 
1072.735760952057 31.588492063492062 
1082.4136484770145 26.84920634920635 

997.9644518842474 60.42658730158729 
1098.9686219323423 17.774603174603172 
1086.9196446896156 18.820238095238093 
1056.9767297672918 37.63928571428571 
1081.6000225734062 26.357936507936504 
1000.6894358625027 52.8797619047619 
1070.1158304862763 27.387301587301586 
1124.5218605591833 10.735317460317459 
1061.7491798512876 36.49761904761905 
1165.1804824759968 2.9289682539682538 
1026.0573771261295 51.430158730158716 
1143.6679206143288 5.969047619047618 
1132.1145108861801 9.8265873015873 
1110.3226905503618 12.190476190476188 
1041.5441158206295 41.90555555555555 
1067.36171872749 35.90396825396825 
1040.7711854890185 46.87063492063491 

1098.9686219323423 17.774603174603172 
1086.9196446896156 18.820238095238093 
997.9644518842474 60.42658730158729 
1025.7118561675359 50.19563492063493 
1124.5218605591833 10.735317460317459 
1070.1158304862763 27.387301587301586 
1011.1240299672279 52.522222222222204 
1143.6679206143288 5.969047619047618 
1110.3226905503618 12.190476190476188 
1053.5530251125592 35.37857142857143 
1047.306825281329 37.04404761904763 
1165.1804824759968 2.9289682539682538 
1067.0970600041026 31.116269841269848 
1083.9877538618882 26.077380952380953 
1059.388424917556 35.034126984127 
1000.6894358625027 52.8797619047619 
1038.2058647339215 37.96309523809525 

997.9644518842474 60.42658730158729 
1098.9686219323423 17.774603174603172 
1086.9196446896156 18.820238095238093 
1124.5218605591833 10.735317460317459 
1143.6679206143288 5.969047619047618 
1165.1804824759968 2.9289682539682538 
1000.6894358625027 52.8797619047619 
1023.6507083611797 49.831746031746036 
1082.4136484770145 26.84920634920635 
1073.0434426496117 30.309523809523814 
1038.670629293814 41.70833333333333 
1037.8831639547282 49.17222222222221 
1116.3214906215628 16.774603174603172 
1069.5501443317858 33.07023809523809 
1062.2516808446617 35.3297619047619 
1042.1240088582629 40.83769841269841 
1049.0654661111396 36.157936507936505 

1098.9686219323423 17.774603174603172 
1086.9196446896156 18.820238095238093 
1030.4825743104739 47.05714285714286 
1027.3549282773017 48.47698412698413 
1165.1804824759968 2.9289682539682538 
997.9644518842474 60.42658730158729 
1026.0573771261295 51.430158730158716 
1064.9737650583454 33.86388888888889 
1143.6679206143288 5.969047619047618 
1000.6894358625027 52.8797619047619 
1132.5783402484403 9.261507936507934 
1124.5218605591833 10.735317460317459 
1117.0356278949282 14.170238095238094 
1070.1158304862763 27.387301587301586 
1048.0792577283553 36.38849206349206 
1082.553499729237 19.78214285714285 
1031.191708542366 46.51666666666667 
1045.8743638320248 42.90555555555555 

1098.9686219323423 17.774603174603172 
1086.9196446896156 18.820238095238093 
997.9644518842474 60.42658730158729 
1000.6894358625027 52.8797619047619 
1028.1781370357933 45.72063492063492 
1070.1158304862763 27.387301587301586 
1165.1804824759968 2.9289682539682538 
1124.5218605591833 10.735317460317459 
1143.6679206143288 5.969047619047618 
1025.4732153253387 52.153571428571425 
1036.1618192715018 40.56825396825396 
1048.0792577283553 36.38849206349206 
1110.3226905503618 12.190476190476188 
1026.0573771261295 51.430158730158716 

997.9644518842474 60.42658730158729 
1098.9686219323423 17.774603174603172 
1086.9196446896156 18.820238095238093 
1014.7055341814984 51.62222222222221 
1124.5218605591833 10.735317460317459 
1000.6894358625027 52.8797619047619 
1082.553499729237 19.78214285714285 
1165.1804824759968 2.9289682539682538 
1048.0792577283553 36.38849206349206 
1060.0804865781906 35.24563492063492 
1051.0603998901813 36.288095238095245 
1019.8344507232446 41.1734126984127 
1070.1158304862763 27.387301587301586 
1117.0356278949282 14.170238095238094 
1037.601214659486 36.49761904761905 
1082.4136484770145 26.84920634920635 
1143.6679206143288 5.969047619047618 

1098.9686219323423 17.774603174603172 
1086.9196446896156 18.820238095238093 
1143.6679206143288 5.969047619047618 
1000.6894358625027 52.8797619047619 
1014.8027557063651 51.18650793650794 
1124.5218605591833 10.735317460317459 
1022.1898204014591 41.64920634920635 
1117.0356278949282 14.170238095238094 
1165.1804824759968 2.9289682539682538 
997.9644518842474 60.42658730158729 
1000.6325937561226 56.15714285714285 
999.1978204687977 58.25158730158731 
1132.5783402484403 9.261507936507934 
1048.4032764244807 31.237698412698414 
1105.0592041439456 16.8531746031746 
999.281206769556 57.19007936507937 
1083.0357856030164 26.595238095238095 
1073.0434426496117 30.309523809523814 

1098.9686219323423 17.774603174603172 
1086.9196446896156 18.820238095238093 
1000.6894358625027 52.8797619047619 
997.9644518842474 60.42658730158729 
999.6993407838388 56.17976190476191 
1072.9730466806575 27.904365079365082 
1072.735760952057 31.588492063492062 
1143.6679206143288 5.969047619047618 
1051.0603998901813 36.288095238095245 
1165.1804824759968 2.9289682539682538 
1047.8804427855962 38.55674603174602 
1052.779427817388 34.06547619047619 
1007.6854991839567 45.424206349206344 
1124.5218605591833 10.735317460317459 
1084.2102519524938 26.054761904761907 
1117.0356278949282 14.170238095238094 
1021.7867573492437 42.18968253968254 
1132.1145108861801 9.8265873015873 

1098.9686219323423 17.774603174603172 
1086.9196446896156 18.820238095238093 
1021.5977767093322 43.87182539682539 
1124.5218605591833 10.735317460317459 
1165.1804824759968 2.9289682539682538 
995.9504434192596 57.131746031746026 
1082.2036033310496 27.757142857142856 
1117.0356278949282 14.170238095238094 
1051.0603998901813 36.288095238095245 
1072.735760952057 31.588492063492062 
1000.6894358625027 52.8797619047619 
1143.6679206143288 5.969047619047618 
1014.7518859602104 47.19246031746034 
1068.4274137986797 34.16507936507937 
1034.6381775299214 37.587698412698415 
1132.1145108861801 9.8265873015873 
1082.553499729237 19.78214285714285 
1105.0592041439456 16.8531746031746 

997.9644518842474 60.42658730158729 
1098.9686219323423 17.774603174603172 
1086.9196446896156 18.820238095238093 
1082.5910187420034 26.695238095238093 
999.6841050340422 54.944047619047616 
1165.1804824759968 2.9289682539682538 
1049.2937283805688 35.61746031746032 
1024.6751959149997 45.44325396825398 
1143.6679206143288 5.969047619047618 
1117.0356278949282 14.170238095238094 
1124.5218605591833 10.735317460317459 
1047.021736627263 39.202777777777776 
999.9823698068478 52.35753968253969 
1070.1158304862763 27.387301587301586 
1023.3051524523779 51.59960317460317 
1058.4082382540826 35.48293650793651 
1043.7211950384374 43.177777777777784 

1086.9196446896156 18.820238095238093 
1049.2937283805688 35.61746031746032 
1124.5218605591833 10.735317460317459 
1027.863999674194 47.68412698412698 
1040.7711854890185 46.87063492063491 
1024.1863871747435 50.62817460317461 
997.8309828950373 55.15634920634922 
1070.1158304862763 27.387301587301586 
1082.4136484770145 26.84920634920635 
1165.1804824759968 2.9289682539682538 
1057.1559635489186 33.74087301587302 
1045.8743638320248 42.90555555555555 
1143.6679206143288 5.969047619047618 
1098.9686219323423 17.774603174603172 
1132.5783402484403 9.261507936507934 
1082.553499729237 19.78214285714285 
1110.3226905503618 12.190476190476188 
1105.0592041439456 16.8531746031746 

1098.9686219323423 17.774603174603172 
1086.9196446896156 18.820238095238093 
1124.5218605591833 10.735317460317459 
1022.1898204014591 41.64920634920635 
1132.1145108861801 9.8265873015873 
1000.6894358625027 52.8797619047619 
1021.5977767093322 43.87182539682539 
1117.0356278949282 14.170238095238094 
1048.9505073474772 37.84007936507936 
1072.735760952057 31.588492063492062 
1051.0603998901813 36.288095238095245 
1143.6679206143288 5.969047619047618 
997.9644518842474 60.42658730158729 
1082.553499729237 19.78214285714285 
1165.1804824759968 2.9289682539682538 
1059.359430092128 33.5686507936508 

1098.9686219323423 17.774603174603172 
1086.9196446896156 18.820238095238093 
997.9644518842474 60.42658730158729 
1000.6894358625027 52.8797619047619 
1011.0966906997779 49.93412698412698 
1053.2187618100947 33.323412698412696 
1070.1158304862763 27.387301587301586 
1074.6968904043301 27.363888888888887 
1117.0356278949282 14.170238095238094 
1124.5218605591833 10.735317460317459 
1165.1804824759968 2.9289682539682538 
1143.6679206143288 5.969047619047618 
1026.6446742350236 40.40992063492064 
1035.6657267619248 36.42738095238095 
1065.545786764494 32.08531746031747 
1132.1145108861801 9.8265873015873 
1022.1898204014591 41.64920634920635 
1048.0792577283553 36.38849206349206 

1086.9196446896156 18.820238095238093 
1081.6000225734062 26.357936507936504 
1124.5218605591833 10.735317460317459 
1000.6894358625027 52.8797619047619 
1060.0804865781906 35.24563492063492 
1165.1804824759968 2.9289682539682538 
997.9644518842474 60.42658730158729 
999.2875569313837 55.015079365079366 
1022.1898204014591 41.64920634920635 
1037.601214659486 36.49761904761905 
1051.0603998901813 36.288095238095245 
1018.7351119050954 46.30357142857144 
1065.545786764494 32.08531746031747 
1143.6679206143288 5.969047619047618 
1117.0356278949282 14.170238095238094 
1070.1158304862763 27.387301587301586 
1116.3214906215628 16.774603174603172 
1022.5144923076448 40.06150793650794 

1098.9686219323423 17.774603174603172 
1086.9196446896156 18.820238095238093 
1008.5773089037937 42.75198412698412 
1000.6894358625027 52.8797619047619 
1049.5063932200549 30.697222222222223 
1021.9958617061627 37.83809523809524 
1124.5218605591833 10.735317460317459 
1082.4136484770145 26.84920634920635 
997.6708471228548 55.751190476190466 
1048.4032764244807 31.237698412698414 
1077.5470085290722 28.909523809523815 
1117.0356278949282 14.170238095238094 
1165.1804824759968 2.9289682539682538 
1143.6679206143288 5.969047619047618 
1021.6482412631533 40.060714285714276 
1082.553499729237 19.78214285714285 
1132.1145108861801 9.8265873015873 

997.9644518842474 60.42658730158729 
1098.9686219323423 17.774603174603172 
1086.9196446896156 18.820238095238093 
1060.0804865781906 35.24563492063492 
1124.5218605591833 10.735317460317459 
1143.6679206143288 5.969047619047618 
1049.2937283805688 35.61746031746032 
1041.1737628718151 39.69682539682539 
1165.1804824759968 2.9289682539682538 
1060.7835015085066 31.41388888888889 
997.8200926848656 63.559126984126976 
1072.2024443546804 24.13293650793651 
1117.0356278949282 14.170238095238094 
1010.6122127151885 44.36746031746032 
1000.6894358625027 52.8797619047619 

997.9644518842474 60.42658730158729 
1098.9686219323423 17.774603174603172 
1086.9196446896156 18.820238095238093 
1000.6894358625027 52.8797619047619 
1124.5218605591833 10.735317460317459 
1165.1804824759968 2.9289682539682538 
1048.0792577283553 36.38849206349206 
1072.735760952057 31.588492063492062 
1044.9643090702577 38.06269841269842 
1022.1698935693138 40.09246031746032 
1132.1145108861801 9.8265873015873 
1143.6679206143288 5.969047619047618 
1065.545786764494 32.08531746031747 
1117.0356278949282 14.170238095238094 
1084.8685279665372 26.66706349206349 
1074.6968904043301 27.363888888888887 
1059.4904183710114 34.415476190476184 

1098.9686219323423 17.774603174603172 
1086.9196446896156 18.820238095238093 
1116.3214906215628 16.774603174603172 
1020.2676905992973 52.424206349206344 
1132.5783402484403 9.261507936507934 
1068.09076229529 32.417857142857144 
1000.6894358625027 52.8797619047619 
997.9644518842474 60.42658730158729 
1124.5218605591833 10.735317460317459 
1059.359430092128 33.5686507936508 
1077.5375485386703 28.15357142857143 
1031.6087885036654 39.08888888888889 
1037.601214659486 36.49761904761905 
1143.6679206143288 5.969047619047618 
1072.735760952057 31.588492063492062 
1022.1898204014591 41.64920634920635 
1165.1804824759968 2.9289682539682538 
1105.0592041439456 16.8531746031746 

1098.9686219323423 17.774603174603172 
1086.9196446896156 18.820238095238093 
1081.6000225734062 26.357936507936504 
1143.6679206143288 5.969047619047618 
1124.5218605591833 10.735317460317459 
1048.634871907437 38.37619047619049 
1132.1145108861801 9.8265873015873 
1059.4904183710114 34.415476190476184 
1028.571065729849 48.206349206349195 
1023.5609436396132 49.308333333333344 
1165.1804824759968 2.9289682539682538 
1117.0356278949282 14.170238095238094 
997.5898731512689 53.2623015873016 
1054.5923156741844 34.782936507936505 
1000.6894358625027 52.8797619047619 
1041.5441158206295 41.90555555555555 
1040.7711854890185 46.87063492063491 
1071.690538130181 33.079761904761895 

1098.9686219323423 17.774603174603172 
1086.9196446896156 18.820238095238093 
1014.6322210155968 51.01587301587302 
1022.1898204014591 41.64920634920635 
997.9644518842474 60.42658730158729 
1124.5218605591833 10.735317460317459 
1021.5977767093322 43.87182539682539 
1031.6087885036654 39.08888888888889 
1143.6679206143288 5.969047619047618 
1117.0356278949282 14.170238095238094 
1054.5923156741844 34.782936507936505 
1017.6272802612021 47.6718253968254 
1165.1804824759968 2.9289682539682538 
1132.1145108861801 9.8265873015873 
1025.043396916302 39.5404761904762 
1082.553499729237 19.78214285714285 
1056.2415380656162 30.772222222222226 
1000.6894358625027 52.8797619047619 

997.9644518842474 60.42658730158729 
1098.9686219323423 17.774603174603172 
1086.9196446896156 18.820238095238093 
1081.9695112103775 31.5202380952381 
1143.6679206143288 5.969047619047618 
1124.5218605591833 10.735317460317459 
1000.6894358625027 52.8797619047619 
1021.5977767093322 43.87182539682539 
1072.735760952057 31.588492063492062 
1055.0680267576604 33.58571428571428 
1117.0356278949282 14.170238095238094 
1165.1804824759968 2.9289682539682538 
1027.79660402012 39.81825396825397 
1067.7129335292677 31.594444444444445 
1051.120702170877 38.090873015873015 
1049.4710075238356 38.61190476190477 

1086.9196446896156 18.820238095238093 
1098.9686219323423 17.774603174603172 
1000.6894358625027 52.8797619047619 
1165.1804824759968 2.9289682539682538 
1083.3162813658998 26.839285714285715 
1022.7717144410859 50.22619047619049 
1132.1145108861801 9.8265873015873 
997.9644518842474 60.42658730158729 
1026.6823356594764 48.20714285714286 
1028.9423715258959 42.394444444444446 
1048.0792577283553 36.38849206349206 
1124.5218605591833 10.735317460317459 
1143.6679206143288 5.969047619047618 
1084.2102519524938 26.054761904761907 
1051.1972098544825 30.83452380952381 
1049.2937283805688 35.61746031746032 
1117.0356278949282 14.170238095238094 

