997.9644518842474 60.42658730158729 
1165.1804824759968 2.9289682539682538 
1084.0403209954657 36.64563492063493 
1124.5218605591833 10.735317460317459 
1051.592159085966 50.73730158730161 
1086.9196446896156 18.820238095238093 
1056.9767297672918 37.63928571428571 
1143.6679206143288 5.969047619047618 
1098.9686219323423 17.774603174603172 
1000.6894358625027 52.8797619047619 
1026.0573771261295 51.430158730158716 

997.9644518842474 60.42658730158729 
1165.1804824759968 2.9289682539682538 
1124.5218605591833 10.735317460317459 
1086.8794746545072 36.70674603174603 
1086.9196446896156 18.820238095238093 
1098.9686219323423 17.774603174603172 
1049.4710075238356 38.61190476190477 
1026.0573771261295 51.430158730158716 
1056.9767297672918 37.63928571428571 
1024.2826197374995 52.12182539682539 
1051.7662992377861 38.33095238095239 
1025.8343435522809 51.92063492063491 
1053.8339367130116 38.20198412698412 

997.9644518842474 60.42658730158729 
1165.1804824759968 2.9289682539682538 
1086.9196446896156 18.820238095238093 
1098.9686219323423 17.774603174603172 
1056.9767297672918 37.63928571428571 
1000.6894358625027 52.8797619047619 
1143.6679206143288 5.969047619047618 
1054.3439063265303 46.418650793650784 
1032.3035769573598 49.76468253968252 
1026.0573771261295 51.430158730158716 
1124.5218605591833 10.735317460317459 
1132.5783402484403 9.261507936507934 

997.9644518842474 60.42658730158729 
1165.1804824759968 2.9289682539682538 
1086.9196446896156 18.820238095238093 
1054.3439063265303 46.418650793650784 
1098.9686219323423 17.774603174603172 
1056.9767297672918 37.63928571428571 
1000.6894358625027 52.8797619047619 
1143.6679206143288 5.969047619047618 
1026.0573771261295 51.430158730158716 
1132.5783402484403 9.261507936507934 
1124.5218605591833 10.735317460317459 

1165.1804824759968 2.9289682539682538 
997.9644518842474 60.42658730158729 
1029.092834591907 49.08253968253967 
1143.6679206143288 5.969047619047618 
1056.9767297672918 37.63928571428571 
1000.6894358625027 52.8797619047619 
1082.4136484770145 26.84920634920635 
1098.9686219323423 17.774603174603172 
1086.9196446896156 18.820238095238093 
1026.0573771261295 51.430158730158716 
1124.5218605591833 10.735317460317459 
1117.0356278949282 14.170238095238094 

1165.1804824759968 2.9289682539682538 
997.9644518842474 60.42658730158729 
1084.0403209954657 36.64563492063493 
1027.0955347205966 49.668253968253964 
1086.9196446896156 18.820238095238093 
1143.6679206143288 5.969047619047618 
1056.9767297672918 37.63928571428571 
1000.6894358625027 52.8797619047619 
1098.9686219323423 17.774603174603172 
1026.0573771261295 51.430158730158716 
1124.5218605591833 10.735317460317459 
1117.0356278949282 14.170238095238094 

997.9644518842474 60.42658730158729 
1165.1804824759968 2.9289682539682538 
1078.4042009287011 34.80515873015873 
1086.9196446896156 18.820238095238093 
1026.0573771261295 51.430158730158716 
1143.6679206143288 5.969047619047618 
1056.9767297672918 37.63928571428571 
1000.6894358625027 52.8797619047619 
1119.3285788829285 17.43174603174603 
1124.5218605591833 10.735317460317459 
1098.9686219323423 17.774603174603172 

997.9644518842474 60.42658730158729 
1165.1804824759968 2.9289682539682538 
1085.928456999315 36.21746031746033 
1124.5218605591833 10.735317460317459 
1053.486263279761 43.57698412698413 
1086.9196446896156 18.820238095238093 
1143.6679206143288 5.969047619047618 
1098.9686219323423 17.774603174603172 
1000.6894358625027 52.8797619047619 
1026.0573771261295 51.430158730158716 
1056.9767297672918 37.63928571428571 

997.9644518842474 60.42658730158729 
1165.1804824759968 2.9289682539682538 
1086.9196446896156 18.820238095238093 
1054.3439063265303 46.418650793650784 
1098.9686219323423 17.774603174603172 
1056.9767297672918 37.63928571428571 
1000.6894358625027 52.8797619047619 
1143.6679206143288 5.969047619047618 
1026.0573771261295 51.430158730158716 
1132.5783402484403 9.261507936507934 
1124.5218605591833 10.735317460317459 

997.9644518842474 60.42658730158729 
1165.1804824759968 2.9289682539682538 
1085.2632589676925 32.62777777777778 
1098.9686219323423 17.774603174603172 
1086.9196446896156 18.820238095238093 
1000.6894358625027 52.8797619047619 
1143.6679206143288 5.969047619047618 
1054.3439063265303 46.418650793650784 
1032.3035769573598 49.76468253968252 
1063.2229295985221 35.97380952380952 
1026.0573771261295 51.430158730158716 
1056.9767297672918 37.63928571428571 
1124.5218605591833 10.735317460317459 
1132.5783402484403 9.261507936507934 

1165.1804824759968 2.9289682539682538 
997.9644518842474 60.42658730158729 
1086.9196446896156 18.820238095238093 
1056.9767297672918 37.63928571428571 
1026.0573771261295 51.430158730158716 
1143.6679206143288 5.969047619047618 
1000.6894358625027 52.8797619047619 
1098.9686219323423 17.774603174603172 
1124.5218605591833 10.735317460317459 
1117.0356278949282 14.170238095238094 

1165.1804824759968 2.9289682539682538 
997.9644518842474 60.42658730158729 
1143.6679206143288 5.969047619047618 
1000.6894358625027 52.8797619047619 
1067.3606826044995 30.888492063492066 
1047.2134512080634 37.16507936507937 
1117.0356278949282 14.170238095238094 
1025.3015027572899 48.81388888888888 
1098.9686219323423 17.774603174603172 
1083.9877538618882 26.077380952380953 
1086.9196446896156 18.820238095238093 
1070.1158304862763 27.387301587301586 
1027.159000367552 46.69285714285715 
1124.5218605591833 10.735317460317459 

1165.1804824759968 2.9289682539682538 
997.9644518842474 60.42658730158729 
1070.1158304862763 27.387301587301586 
1050.3828992017636 42.23928571428572 
1124.5218605591833 10.735317460317459 
1000.6894358625027 52.8797619047619 
1098.9686219323423 17.774603174603172 
1084.2102519524938 26.054761904761907 
1086.9196446896156 18.820238095238093 
1024.2826197374995 52.12182539682539 
1143.6679206143288 5.969047619047618 
1051.7662992377861 38.33095238095239 
1027.0955347205966 49.668253968253964 
1117.0356278949282 14.170238095238094 

997.9644518842474 60.42658730158729 
1165.1804824759968 2.9289682539682538 
1086.9196446896156 18.820238095238093 
1143.6679206143288 5.969047619047618 
1098.9686219323423 17.774603174603172 
1056.9767297672918 37.63928571428571 
1000.6894358625027 52.8797619047619 
1124.5218605591833 10.735317460317459 
1022.8947165180805 50.398412698412685 
1024.8697098022226 48.11071428571428 
1051.8065672908947 40.02896825396824 
1035.7361453593512 42.34246031746031 
1035.4756950202375 42.54007936507935 
1053.5983253334423 38.74246031746031 

997.9644518842474 60.42658730158729 
1165.1804824759968 2.9289682539682538 
1085.2632589676925 32.62777777777778 
1124.5218605591833 10.735317460317459 
1050.3828992017636 42.23928571428572 
1143.6679206143288 5.969047619047618 
1098.9686219323423 17.774603174603172 
1086.9196446896156 18.820238095238093 
1000.6894358625027 52.8797619047619 
1026.0573771261295 51.430158730158716 
1056.9767297672918 37.63928571428571 

997.9644518842474 60.42658730158729 
1165.1804824759968 2.9289682539682538 
1080.8528074228982 35.95436507936508 
1086.9196446896156 18.820238095238093 
1025.3503110704746 50.90793650793652 
1098.9686219323423 17.774603174603172 
1000.6894358625027 52.8797619047619 
1050.7183157200852 39.101984126984135 
1056.9767297672918 37.63928571428571 
1143.6679206143288 5.969047619047618 
1023.3414106558464 52.37063492063492 
1124.5218605591833 10.735317460317459 
1132.5783402484403 9.261507936507934 

997.9644518842474 60.42658730158729 
1165.1804824759968 2.9289682539682538 
1124.5218605591833 10.735317460317459 
1074.800880464008 27.66071428571429 
1143.6679206143288 5.969047619047618 
1035.7554141482394 46.79682539682539 
1000.6894358625027 52.8797619047619 
1047.0374613793972 35.48849206349207 
1084.4217263585244 25.154761904761905 
1086.9196446896156 18.820238095238093 
1047.2015589265334 35.43412698412698 
1024.7343708429273 49.97222222222223 
1106.045070548379 16.96746031746032 
1098.9686219323423 17.774603174603172 
1027.4430758159988 49.415079365079364 

997.9644518842474 60.42658730158729 
1165.1804824759968 2.9289682539682538 
1085.928456999315 36.21746031746033 
1124.5218605591833 10.735317460317459 
1056.9767297672918 37.63928571428571 
1086.9196446896156 18.820238095238093 
1026.0573771261295 51.430158730158716 
1143.6679206143288 5.969047619047618 
1098.9686219323423 17.774603174603172 
1000.6894358625027 52.8797619047619 

997.9644518842474 60.42658730158729 
1165.1804824759968 2.9289682539682538 
1086.9196446896156 18.820238095238093 
1124.5218605591833 10.735317460317459 
1046.4118750174284 43.47380952380953 
1056.9767297672918 37.63928571428571 
1143.6679206143288 5.969047619047618 
1098.9686219323423 17.774603174603172 
1000.6894358625027 52.8797619047619 
1026.0573771261295 51.430158730158716 

1165.1804824759968 2.9289682539682538 
997.9644518842474 60.42658730158729 
1086.9196446896156 18.820238095238093 
1054.3439063265303 46.418650793650784 
1063.2229295985221 35.97380952380952 
1000.6894358625027 52.8797619047619 
1143.6679206143288 5.969047619047618 
1098.9686219323423 17.774603174603172 
1026.0573771261295 51.430158730158716 
1056.9767297672918 37.63928571428571 
1132.5783402484403 9.261507936507934 
1124.5218605591833 10.735317460317459 
1117.0356278949282 14.170238095238094 
1032.3035769573598 49.76468253968252 

1165.1804824759968 2.9289682539682538 
997.9644518842474 60.42658730158729 
1027.0955347205966 49.668253968253964 
1143.6679206143288 5.969047619047618 
1056.9767297672918 37.63928571428571 
1000.6894358625027 52.8797619047619 
1124.5218605591833 10.735317460317459 
1082.4136484770145 26.84920634920635 
1098.9686219323423 17.774603174603172 
1086.9196446896156 18.820238095238093 
1026.0573771261295 51.430158730158716 
1117.0356278949282 14.170238095238094 

997.9644518842474 60.42658730158729 
1165.1804824759968 2.9289682539682538 
1084.0403209954657 36.64563492063493 
1086.9196446896156 18.820238095238093 
1143.6679206143288 5.969047619047618 
1098.9686219323423 17.774603174603172 
1000.6894358625027 52.8797619047619 
1124.5218605591833 10.735317460317459 
1026.0573771261295 51.430158730158716 
1052.9848010904127 39.098015873015875 
1056.9767297672918 37.63928571428571 
1024.8145374164799 51.99285714285713 
1053.8339367130116 38.20198412698412 

997.9644518842474 60.42658730158729 
1165.1804824759968 2.9289682539682538 
1086.9196446896156 18.820238095238093 
1050.3828992017636 42.23928571428572 
1143.6679206143288 5.969047619047618 
1056.9767297672918 37.63928571428571 
1124.5218605591833 10.735317460317459 
1000.6894358625027 52.8797619047619 
1026.0573771261295 51.430158730158716 
1119.3285788829285 17.43174603174603 
1098.9686219323423 17.774603174603172 

1165.1804824759968 2.9289682539682538 
997.9644518842474 60.42658730158729 
1025.354851896794 48.305555555555564 
1143.6679206143288 5.969047619047618 
1000.6894358625027 52.8797619047619 
1086.226678281757 30.31666666666667 
1086.9196446896156 18.820238095238093 
1056.9767297672918 37.63928571428571 
1098.9686219323423 17.774603174603172 
1046.840444460564 38.99285714285714 
1124.5218605591833 10.735317460317459 
1117.0356278949282 14.170238095238094 
1076.302447478555 32.81706349206349 

1165.1804824759968 2.9289682539682538 
997.9644518842474 60.42658730158729 
1026.0573771261295 51.430158730158716 
1143.6679206143288 5.969047619047618 
1085.7479426629732 32.83809523809524 
1000.6894358625027 52.8797619047619 
1048.3002469086105 36.33412698412699 
1086.9196446896156 18.820238095238093 
1098.9686219323423 17.774603174603172 
1086.8095791749242 30.786904761904772 
1047.4497093390166 38.137301587301586 
1124.5218605591833 10.735317460317459 
1117.0356278949282 14.170238095238094 

997.9644518842474 60.42658730158729 
1165.1804824759968 2.9289682539682538 
1056.9767297672918 37.63928571428571 
1086.9196446896156 18.820238095238093 
1143.6679206143288 5.969047619047618 
1098.9686219323423 17.774603174603172 
1054.3439063265303 46.418650793650784 
1000.6894358625027 52.8797619047619 
1124.5218605591833 10.735317460317459 
1025.3503110704746 50.90793650793652 
1023.3051524523779 51.59960317460317 
1023.9994249931119 51.47063492063493 

997.9644518842474 60.42658730158729 
1165.1804824759968 2.9289682539682538 
1086.9196446896156 18.820238095238093 
1056.9767297672918 37.63928571428571 
1026.0573771261295 51.430158730158716 
1143.6679206143288 5.969047619047618 
1000.6894358625027 52.8797619047619 
1119.3285788829285 17.43174603174603 
1124.5218605591833 10.735317460317459 
1098.9686219323423 17.774603174603172 

997.9644518842474 60.42658730158729 
1165.1804824759968 2.9289682539682538 
1143.6679206143288 5.969047619047618 
1040.7711854890185 46.87063492063491 
1000.6894358625027 52.8797619047619 
1048.3002469086105 36.33412698412699 
1117.0356278949282 14.170238095238094 
1098.9686219323423 17.774603174603172 
1071.1789524501664 31.02619047619048 
1086.9196446896156 18.820238095238093 
1060.0804865781906 35.24563492063492 
1023.1712714183075 50.22341269841269 
1084.2102519524938 26.054761904761907 
1124.5218605591833 10.735317460317459 
1079.3248602705078 28.252380952380957 
1025.3015027572899 48.81388888888888 

1165.1804824759968 2.9289682539682538 
997.9644518842474 60.42658730158729 
1124.5218605591833 10.735317460317459 
1098.9686219323423 17.774603174603172 
1086.9196446896156 18.820238095238093 
1143.6679206143288 5.969047619047618 
1046.4885331744174 42.336111111111116 
1082.4136484770145 26.84920634920635 
1000.6894358625027 52.8797619047619 
1026.0573771261295 51.430158730158716 
1117.0356278949282 14.170238095238094 
1056.9767297672918 37.63928571428571 
1071.690538130181 33.079761904761895 
1046.6924577366558 38.58174603174604 

1165.1804824759968 2.9289682539682538 
997.9644518842474 60.42658730158729 
1085.2632589676925 32.62777777777778 
1143.6679206143288 5.969047619047618 
1054.3439063265303 46.418650793650784 
1086.9196446896156 18.820238095238093 
1000.6894358625027 52.8797619047619 
1098.9686219323423 17.774603174603172 
1059.4904183710114 34.415476190476184 
1026.0573771261295 51.430158730158716 
1124.5218605591833 10.735317460317459 
1117.0356278949282 14.170238095238094 
1056.9767297672918 37.63928571428571 
1032.3035769573598 49.76468253968252 

