997.4249424377915 51.52896825396825 
1010.5096547862931 51.20476190476191 
1014.1960172348247 47.68492063492064 
1023.9257871169422 37.06706349206349 
1054.5144161909566 35.910714285714285 
1124.5218605591833 10.735317460317459 
1053.0771880714349 36.02341269841269 
1021.9958617061627 37.83809523809524 
1117.0356278949282 14.170238095238094 

997.9644518842474 60.42658730158729 
1000.6894358625027 52.8797619047619 
1021.5977767093322 43.87182539682539 
1022.1898204014591 41.64920634920635 
1035.8751755781998 40.5313492063492 
1049.2937283805688 35.61746031746032 
1065.545786764494 32.08531746031747 
1072.735760952057 31.588492063492062 
1082.553499729237 19.78214285714285 
1117.0356278949282 14.170238095238094 
1148.2256783579467 10.592460317460317 
1060.0804865781906 35.24563492063492 

997.9644518842474 60.42658730158729 
999.3765864930731 57.40357142857143 
1000.6894358625027 52.8797619047619 
1007.881609885838 50.02023809523809 
1023.4535817914661 45.981349206349215 
1026.4386260272681 41.47857142857142 
1031.6087885036654 39.08888888888889 
1048.9505073474772 37.84007936507936 
1065.2926567720124 33.888492063492066 
1082.553499729237 19.78214285714285 
1117.0356278949282 14.170238095238094 
1124.5218605591833 10.735317460317459 
1063.2229295985221 35.97380952380952 

997.5898731512689 53.2623015873016 
999.1270598626684 52.43134920634921 
1022.1898204014591 41.64920634920635 
1054.5923156741844 34.782936507936505 
1124.5218605591833 10.735317460317459 

997.9644518842474 60.42658730158729 
1000.6894358625027 52.8797619047619 
1016.055668440943 51.40873015873015 
1023.7321544518535 50.809920634920644 
1038.3590329415747 44.67142857142856 
1049.0654661111396 36.157936507936505 
1064.1200775913069 29.117460317460317 
1115.644904785477 21.66031746031746 
1124.5218605591833 10.735317460317459 
1081.2460723177142 26.912301587301588 

997.1140829817941 58.83888888888888 
997.4586434617219 56.49166666666666 
1008.3237782884802 55.19880952380952 
1021.9958617061627 37.83809523809524 
1049.5063932200549 30.697222222222223 
1115.8290732468452 20.982539682539684 
1124.5218605591833 10.735317460317459 

998.1930023759866 50.757936507936506 
1022.1898204014591 41.64920634920635 
1031.6087885036654 39.08888888888889 
1054.5923156741844 34.782936507936505 
1072.735760952057 31.588492063492062 
1117.0356278949282 14.170238095238094 
1124.5218605591833 10.735317460317459 
997.9644518842474 60.42658730158729 

997.9644518842474 60.42658730158729 
1000.6894358625027 52.8797619047619 
1023.5609436396132 49.308333333333344 
1049.2937283805688 35.61746031746032 
1124.5218605591833 10.735317460317459 

998.2451145038008 53.61349206349206 
999.0602067281329 53.00912698412698 
1000.4049787877425 52.3174603174603 
1016.843721350012 51.27896825396825 
1021.9958617061627 37.83809523809524 
1023.9257871169422 37.06706349206349 
1051.1972098544825 30.83452380952381 
1124.5218605591833 10.735317460317459 
999.4941812073458 52.88015873015872 
1117.0356278949282 14.170238095238094 

998.0902871112661 56.94484126984129 
998.5930542124677 56.14642857142858 
999.1676402551929 54.32420634920636 
999.7390741508232 53.969841269841275 
1000.6894358625027 52.8797619047619 
1027.723791075265 48.19682539682539 
1035.8519554808693 44.38253968253969 
1070.3820290227106 31.64960317460318 
1124.5218605591833 10.735317460317459 
1027.0345471738442 49.28690476190476 
1072.735760952057 31.588492063492062 

997.9644518842474 60.42658730158729 
1000.6894358625027 52.8797619047619 
1021.5977767093322 43.87182539682539 
1023.9257871169422 37.06706349206349 
1037.601214659486 36.49761904761905 
1051.1972098544825 30.83452380952381 
1079.952369870345 26.775000000000002 
1092.7224772450127 26.09880952380953 
1106.701464921039 19.78214285714285 
1117.0356278949282 14.170238095238094 
1124.5218605591833 10.735317460317459 
1085.951644566681 26.192063492063493 

998.1393988257187 55.661904761904765 
998.6314837294851 52.9202380952381 
999.9823698068478 52.35753968253969 
1023.9994249931119 51.47063492063493 
1028.4659954493848 39.651587301587305 
1056.629535362549 34.9781746031746 
1124.5218605591833 10.735317460317459 

997.9644518842474 60.42658730158729 
1000.6894358625027 52.8797619047619 
1022.1898204014591 41.64920634920635 
1051.1972098544825 30.83452380952381 
1097.0839100948333 26.02539682539683 
1117.0356278949282 14.170238095238094 
1124.5218605591833 10.735317460317459 

997.9644518842474 60.42658730158729 
1000.6894358625027 52.8797619047619 
1011.7039902890674 44.38253968253969 
1020.526574169396 40.6404761904762 
1037.601214659486 36.49761904761905 
1124.5218605591833 10.735317460317459 

997.9644518842474 60.42658730158729 
1000.6894358625027 52.8797619047619 
1022.1898204014591 41.64920634920635 
1031.6087885036654 39.08888888888889 
1049.2937283805688 35.61746031746032 
1051.1972098544825 30.83452380952381 
1117.1880232314975 21.11984126984127 
1124.5218605591833 10.735317460317459 

998.2668223279443 55.419841269841264 
1008.5773089037937 42.75198412698412 
1049.2937283805688 35.61746031746032 
1124.5218605591833 10.735317460317459 
1035.8751755781998 40.5313492063492 

997.9644518842474 60.42658730158729 
1000.6894358625027 52.8797619047619 
1013.7342686771221 45.461507936507935 
1022.1898204014591 41.64920634920635 
1049.5063932200549 30.697222222222223 
1117.0356278949282 14.170238095238094 
1124.5218605591833 10.735317460317459 

998.024179773524 54.896825396825385 
1000.6894358625027 52.8797619047619 
1022.1898204014591 41.64920634920635 
1052.779427817388 34.06547619047619 
1124.5218605591833 10.735317460317459 

997.9644518842474 60.42658730158729 
1000.6894358625027 52.8797619047619 
1021.5977767093322 43.87182539682539 
1047.7551332725977 41.5047619047619 
1055.1897688220918 37.005555555555546 
1059.359430092128 33.5686507936508 
1082.553499729237 19.78214285714285 
1132.1145108861801 9.8265873015873 
999.4528147736416 55.936507936507944 
1053.593752365317 39.217063492063495 

997.9644518842474 60.42658730158729 
1000.6894358625027 52.8797619047619 
1027.0955347205966 49.668253968253964 
1035.8519554808693 44.38253968253969 
1061.7491798512876 36.49761904761905 
1072.735760952057 31.588492063492062 
1082.553499729237 19.78214285714285 
1117.0356278949282 14.170238095238094 
1124.5218605591833 10.735317460317459 
1026.0573771261295 51.430158730158716 

997.9644518842474 60.42658730158729 
1000.6894358625027 52.8797619047619 
1012.188294129792 48.971428571428575 
1038.6962290000279 44.402380952380945 
1040.6668003219138 43.11587301587301 
1051.0603998901813 36.288095238095245 
1055.2023383418777 32.20158730158731 
1082.4136484770145 26.84920634920635 
1082.553499729237 19.78214285714285 
1117.0356278949282 14.170238095238094 
1124.5218605591833 10.735317460317459 

997.1727966176128 54.67301587301588 
999.2728383504875 53.69761904761906 
999.9823698068478 52.35753968253969 
1022.5144923076448 40.06150793650794 
1060.0804865781906 35.24563492063492 
1124.5218605591833 10.735317460317459 
1031.6087885036654 39.08888888888889 
1117.0356278949282 14.170238095238094 

997.9644518842474 60.42658730158729 
1000.6894358625027 52.8797619047619 
1021.7867573492437 42.18968253968254 
1030.105677280319 37.53492063492064 
1051.1972098544825 30.83452380952381 
1081.1936724051895 28.298809523809528 
1106.701464921039 19.78214285714285 
1117.0356278949282 14.170238095238094 
1124.5218605591833 10.735317460317459 
1143.6679206143288 5.969047619047618 

995.8782180010473 57.842460317460336 
997.6073124596703 56.55793650793652 
998.2326870880038 55.87420634920636 
999.6572809624415 55.47142857142858 
1000.6894358625027 52.8797619047619 
1022.9311034363973 45.80674603174604 
1037.580581291966 40.672222222222224 
1048.3002469086105 36.33412698412699 
1115.8290732468452 20.982539682539684 
1124.5218605591833 10.735317460317459 
1048.0792577283553 36.38849206349206 

997.9644518842474 60.42658730158729 
1000.6894358625027 52.8797619047619 
1031.6087885036654 39.08888888888889 
1060.0804865781906 35.24563492063492 
1072.735760952057 31.588492063492062 
1106.701464921039 19.78214285714285 
1124.5218605591833 10.735317460317459 
1117.0356278949282 14.170238095238094 

998.0902871112661 56.94484126984129 
998.2326870880038 55.87420634920636 
998.7866398853433 55.664285714285725 
999.5264374518383 53.25357142857144 
1000.6894358625027 52.8797619047619 
1012.9377336195729 49.996428571428574 
1017.7218576140853 45.55912698412698 
1023.0609129624705 41.425000000000004 
1051.449872730684 33.46111111111111 
1124.5218605591833 10.735317460317459 
1022.1898204014591 41.64920634920635 

998.540390430881 60.21984126984126 
1000.6894358625027 52.8797619047619 
1016.3767634061302 49.95873015873016 
1021.5977767093322 43.87182539682539 
1025.043396916302 39.5404761904762 
1031.6087885036654 39.08888888888889 
1054.5923156741844 34.782936507936505 
1067.7129335292677 31.594444444444445 
1072.735760952057 31.588492063492062 
1110.569998651373 23.14920634920635 
1117.0356278949282 14.170238095238094 
1124.5218605591833 10.735317460317459 

997.9644518842474 60.42658730158729 
1000.6894358625027 52.8797619047619 
1014.8107884165033 49.41071428571429 
1021.9958617061627 37.83809523809524 
1037.601214659486 36.49761904761905 
1054.5923156741844 34.782936507936505 
1072.735760952057 31.588492063492062 
1089.2777373614142 29.548809523809524 
1116.2800028221532 22.9765873015873 
1117.0356278949282 14.170238095238094 
1124.5218605591833 10.735317460317459 

997.9644518842474 60.42658730158729 
1000.6894358625027 52.8797619047619 
1022.1898204014591 41.64920634920635 
1037.601214659486 36.49761904761905 
1052.779427817388 34.06547619047619 
1072.735760952057 31.588492063492062 
1082.4136484770145 26.84920634920635 
1082.553499729237 19.78214285714285 
1117.0356278949282 14.170238095238094 
1124.5218605591833 10.735317460317459 

997.9644518842474 60.42658730158729 
1000.6894358625027 52.8797619047619 
1021.719641523008 46.71626984126985 
1049.2937283805688 35.61746031746032 
1124.5218605591833 10.735317460317459 
1037.601214659486 36.49761904761905 

