997.9644518842474 60.42658730158729 
1124.5218605591833 10.735317460317459 
1098.9686219323423 17.774603174603172 
1086.9196446896156 18.820238095238093 
1026.0573771261295 51.430158730158716 
1000.6894358625027 52.8797619047619 

1124.5218605591833 10.735317460317459 
1165.1804824759968 2.9289682539682538 
1086.9196446896156 18.820238095238093 
1026.0573771261295 51.430158730158716 
1000.6894358625027 52.8797619047619 
1022.6362357499169 52.59444444444444 
997.9644518842474 60.42658730158729 

1143.6679206143288 5.969047619047618 
1124.5218605591833 10.735317460317459 
1165.1804824759968 2.9289682539682538 
1086.9196446896156 18.820238095238093 
1026.0573771261295 51.430158730158716 
1000.6894358625027 52.8797619047619 
997.9644518842474 60.42658730158729 

1165.1804824759968 2.9289682539682538 
1133.1658929225985 19.234523809523807 
1056.9767297672918 37.63928571428571 
1000.6894358625027 52.8797619047619 
997.9644518842474 60.42658730158729 

1165.1804824759968 2.9289682539682538 
1133.1658929225985 19.234523809523807 
1056.9767297672918 37.63928571428571 
1026.0573771261295 51.430158730158716 
1000.6894358625027 52.8797619047619 
1081.4638204637888 34.50317460317461 
997.9644518842474 60.42658730158729 

1143.6679206143288 5.969047619047618 
1124.5218605591833 10.735317460317459 
1098.9686219323423 17.774603174603172 
1119.3285788829285 17.43174603174603 
1086.9196446896156 18.820238095238093 
1026.0573771261295 51.430158730158716 
1000.6894358625027 52.8797619047619 

1165.1804824759968 2.9289682539682538 
1133.1658929225985 19.234523809523807 
1056.9767297672918 37.63928571428571 
1000.4049787877425 52.3174603174603 
1038.4855062946742 51.03174603174602 
997.9644518842474 60.42658730158729 

1165.1804824759968 2.9289682539682538 
1133.1658929225985 19.234523809523807 
1056.9767297672918 37.63928571428571 
1026.0573771261295 51.430158730158716 
1000.6894358625027 52.8797619047619 
997.9644518842474 60.42658730158729 

1022.6362357499169 52.59444444444444 
1143.6679206143288 5.969047619047618 
1124.5218605591833 10.735317460317459 
1098.9686219323423 17.774603174603172 
1086.9196446896156 18.820238095238093 
1000.6894358625027 52.8797619047619 

1050.4121187751384 42.85952380952383 
997.9644518842474 60.42658730158729 
1124.5218605591833 10.735317460317459 
1098.9686219323423 17.774603174603172 
1086.9196446896156 18.820238095238093 
1026.0573771261295 51.430158730158716 
1000.6894358625027 52.8797619047619 

1158.5954351448838 15.963888888888887 
1056.9767297672918 37.63928571428571 
1000.6894358625027 52.8797619047619 
997.9644518842474 60.42658730158729 
1070.1158304862763 27.387301587301586 
1086.9196446896156 18.820238095238093 

1143.6679206143288 5.969047619047618 
1124.5218605591833 10.735317460317459 
1165.1804824759968 2.9289682539682538 
1086.9196446896156 18.820238095238093 
1026.0573771261295 51.430158730158716 
1000.6894358625027 52.8797619047619 
997.9644518842474 60.42658730158729 

1143.6679206143288 5.969047619047618 
1124.5218605591833 10.735317460317459 
1165.1804824759968 2.9289682539682538 
1086.9196446896156 18.820238095238093 
1026.0573771261295 51.430158730158716 
1000.6894358625027 52.8797619047619 
997.9644518842474 60.42658730158729 

1124.6170609354099 18.36111111111111 
1021.5977767093322 43.87182539682539 
1059.200787596243 40.756746031746026 
1086.9196446896156 18.820238095238093 
1000.6894358625027 52.8797619047619 

997.9644518842474 60.42658730158729 
1021.5977767093322 43.87182539682539 
1158.5954351448838 15.963888888888887 
1086.9196446896156 18.820238095238093 

1126.7401891679021 16.28134920634921 
997.9644518842474 60.42658730158729 
1075.2439788690776 31.04285714285714 
1073.7346531729897 47.544047619047625 
1086.9196446896156 18.820238095238093 
1000.6894358625027 52.8797619047619 

1143.6679206143288 5.969047619047618 
1098.9686219323423 17.774603174603172 
1086.9196446896156 18.820238095238093 
1024.8145374164799 51.99285714285713 
1000.6894358625027 52.8797619047619 
997.9644518842474 60.42658730158729 

1158.5954351448838 15.963888888888887 
1056.9767297672918 37.63928571428571 
1000.6894358625027 52.8797619047619 
997.9644518842474 60.42658730158729 
1086.9196446896156 18.820238095238093 

1047.2134512080634 37.16507936507937 
1143.6679206143288 5.969047619047618 
1124.5218605591833 10.735317460317459 
1098.9686219323423 17.774603174603172 
1086.9196446896156 18.820238095238093 
1026.0573771261295 51.430158730158716 
1000.6894358625027 52.8797619047619 

997.9644518842474 60.42658730158729 
1098.9686219323423 17.774603174603172 
1119.3285788829285 17.43174603174603 
1086.9196446896156 18.820238095238093 
1000.6894358625027 52.8797619047619 

1026.0573771261295 51.430158730158716 
1000.6894358625027 52.8797619047619 
997.9644518842474 60.42658730158729 
1124.5218605591833 10.735317460317459 
1098.9686219323423 17.774603174603172 
1086.9196446896156 18.820238095238093 

1143.6679206143288 5.969047619047618 
1124.5218605591833 10.735317460317459 
1098.9686219323423 17.774603174603172 
1119.3285788829285 17.43174603174603 
1086.9196446896156 18.820238095238093 
1026.0573771261295 51.430158730158716 
1000.6894358625027 52.8797619047619 

1165.1804824759968 2.9289682539682538 
1086.9196446896156 18.820238095238093 
1026.0573771261295 51.430158730158716 
1000.6894358625027 52.8797619047619 
997.9644518842474 60.42658730158729 

1143.6679206143288 5.969047619047618 
1124.5218605591833 10.735317460317459 
1165.1804824759968 2.9289682539682538 
1086.9196446896156 18.820238095238093 
1026.0573771261295 51.430158730158716 
1000.6894358625027 52.8797619047619 
1023.3848884019956 51.94285714285715 
997.9644518842474 60.42658730158729 

1165.1804824759968 2.9289682539682538 
1133.1658929225985 19.234523809523807 
1056.9767297672918 37.63928571428571 
1000.6894358625027 52.8797619047619 
997.9644518842474 60.42658730158729 

1165.1804824759968 2.9289682539682538 
1133.1658929225985 19.234523809523807 
1056.9767297672918 37.63928571428571 
1026.0573771261295 51.430158730158716 
1000.6894358625027 52.8797619047619 
997.9644518842474 60.42658730158729 

1165.1804824759968 2.9289682539682538 
1133.1658929225985 19.234523809523807 
1056.9767297672918 37.63928571428571 
1000.6894358625027 52.8797619047619 
997.9644518842474 60.42658730158729 

1117.0356278949282 14.170238095238094 
1143.6679206143288 5.969047619047618 
1124.5218605591833 10.735317460317459 
1098.9686219323423 17.774603174603172 
1086.9196446896156 18.820238095238093 
1026.0573771261295 51.430158730158716 
1000.6894358625027 52.8797619047619 

1056.9767297672918 37.63928571428571 
1095.8463297182384 23.32301587301587 
1022.4877211303004 52.398809523809526 
997.9644518842474 60.42658730158729 
1094.1652127986076 27.387301587301586 
1052.0490034026188 42.32063492063492 
1050.691071111705 42.65833333333334 
1053.9663811008584 41.90515873015873 

1143.6679206143288 5.969047619047618 
1124.5218605591833 10.735317460317459 
1165.1804824759968 2.9289682539682538 
1086.9196446896156 18.820238095238093 
1026.0573771261295 51.430158730158716 
1000.6894358625027 52.8797619047619 
997.9644518842474 60.42658730158729 

