1143.6679206143288 5.969047619047618 
1117.0356278949282 14.170238095238094 
1098.9686219323423 17.774603174603172 
1082.553499729237 19.78214285714285 
1070.1158304862763 27.387301587301586 
1051.1972098544825 30.83452380952381 
1049.2937283805688 35.61746031746032 
1023.9257871169422 37.06706349206349 
1021.7867573492437 42.18968253968254 
999.486665244921 49.290476190476205 
998.6917215081447 51.0420634920635 

1143.6679206143288 5.969047619047618 
1110.3226905503618 12.190476190476188 
1098.9686219323423 17.774603174603172 
1086.9196446896156 18.820238095238093 
1070.1158304862763 27.387301587301586 
1060.0804865781906 35.24563492063492 
1048.9505073474772 37.84007936507936 
1044.3649820982355 42.88650793650795 
1021.5977767093322 43.87182539682539 
1000.6894358625027 52.8797619047619 
997.9644518842474 60.42658730158729 

1143.6679206143288 5.969047619047618 
1117.0356278949282 14.170238095238094 
1098.9686219323423 17.774603174603172 
1086.9196446896156 18.820238095238093 
1070.1158304862763 27.387301587301586 
1048.8170814014445 33.049206349206344 
1048.0792577283553 36.38849206349206 
1031.404194941071 39.440079365079356 
1022.1698935693138 40.09246031746032 
1021.7867573492437 42.18968253968254 
1000.6894358625027 52.8797619047619 
999.2366752723569 58.005555555555546 
1022.0172960447442 40.63293650793651 
997.9644518842474 60.42658730158729 

1143.6679206143288 5.969047619047618 
1117.0356278949282 14.170238095238094 
1098.9686219323423 17.774603174603172 
1086.9196446896156 18.820238095238093 
1082.4136484770145 26.84920634920635 
1076.302447478555 32.81706349206349 
1054.5923156741844 34.782936507936505 
1049.2937283805688 35.61746031746032 
1035.8751755781998 40.5313492063492 
1022.1898204014591 41.64920634920635 
1012.0869502015398 50.801984126984124 
1000.6894358625027 52.8797619047619 
997.9644518842474 60.42658730158729 

1143.6679206143288 5.969047619047618 
1117.0356278949282 14.170238095238094 
1098.9686219323423 17.774603174603172 
1086.9196446896156 18.820238095238093 
1078.8342570745979 29.0468253968254 
1072.735760952057 31.588492063492062 
1055.5399282117992 33.95198412698413 
1048.0792577283553 36.38849206349206 
1021.9958617061627 37.83809523809524 
1000.6894358625027 52.8797619047619 
998.6314837294851 52.9202380952381 
997.8309828950373 55.15634920634922 

1143.6679206143288 5.969047619047618 
1117.0356278949282 14.170238095238094 
1097.1490361154993 18.776984126984125 
1086.9196446896156 18.820238095238093 
1083.0357856030164 26.595238095238095 
1062.569191109731 29.006349206349206 
1051.5514787697405 33.91547619047619 
1047.0374613793972 35.48849206349207 
1031.404194941071 39.440079365079356 
1027.2238000626069 41.907539682539685 
1021.1821730536799 46.210714285714275 
1000.6894358625027 52.8797619047619 
998.2322078902549 58.61944444444443 
997.9644518842474 60.42658730158729 

1143.6679206143288 5.969047619047618 
1117.0356278949282 14.170238095238094 
1098.9686219323423 17.774603174603172 
1082.553499729237 19.78214285714285 
1077.5470085290722 28.909523809523815 
1048.4032764244807 31.237698412698414 
1032.9793984047096 32.45952380952381 
1021.9958617061627 37.83809523809524 
1021.5977767093322 43.87182539682539 
1008.7513407669447 45.006349206349206 
1000.6894358625027 52.8797619047619 
998.6827117836106 55.21071428571428 

1143.6679206143288 5.969047619047618 
1117.0356278949282 14.170238095238094 
1098.9686219323423 17.774603174603172 
1086.9196446896156 18.820238095238093 
1074.91586411238 23.949603174603173 
1062.7111606496444 29.389682539682543 
1050.1610052361186 31.375 
1033.0350105097116 33.58015873015873 
1028.2134794600843 38.54642857142857 
1022.5144923076448 40.06150793650794 
1021.8416359310359 42.284126984126985 
1000.6894358625027 52.8797619047619 
998.8329585087087 55.761904761904766 

1143.6679206143288 5.969047619047618 
1117.0356278949282 14.170238095238094 
1098.9686219323423 17.774603174603172 
1086.9196446896156 18.820238095238093 
1074.5040090632026 28.0468253968254 
1050.1610052361186 31.375 
1021.7450516759965 38.378571428571426 
1007.2672320883157 44.17142857142858 
1000.6894358625027 52.8797619047619 
997.3110874085377 58.29880952380952 

1143.6679206143288 5.969047619047618 
1117.0356278949282 14.170238095238094 
1082.553499729237 19.78214285714285 
1062.9131494707399 30.528571428571432 
1048.8170814014445 33.049206349206344 
1048.2773850659137 34.8920634920635 
1031.6154219301777 35.25436507936508 
1028.3769025784989 35.43769841269842 
1021.3245164730291 40.03134920634921 
1020.6050054863089 41.419047619047625 
1005.9186619968046 42.94642857142857 
1000.6894358625027 52.8797619047619 
998.540390430881 60.21984126984126 
1020.4522438978026 42.78690476190476 

1143.6679206143288 5.969047619047618 
1117.0356278949282 14.170238095238094 
1098.9686219323423 17.774603174603172 
1086.9196446896156 18.820238095238093 
1078.8342570745979 29.0468253968254 
1072.735760952057 31.588492063492062 
1053.7844053244946 35.063492063492056 
1049.2937283805688 35.61746031746032 
1039.6992683338344 42.906349206349205 
1028.571065729849 48.206349206349195 
1026.0573771261295 51.430158730158716 
1000.6894358625027 52.8797619047619 
997.9644518842474 60.42658730158729 

1143.6679206143288 5.969047619047618 
1117.0356278949282 14.170238095238094 
1098.9686219323423 17.774603174603172 
1086.9196446896156 18.820238095238093 
1078.8348326091493 30.721031746031752 
1072.735760952057 31.588492063492062 
1049.728167499745 32.50873015873016 
1048.0792577283553 36.38849206349206 
1041.1737628718151 39.69682539682539 
1022.1698935693138 40.09246031746032 
1021.7867573492437 42.18968253968254 
1008.7513407669447 45.006349206349206 
1000.6894358625027 52.8797619047619 
998.2322078902549 58.61944444444443 
1000.3867216499358 58.52539682539684 

1143.6679206143288 5.969047619047618 
1117.0356278949282 14.170238095238094 
1098.9686219323423 17.774603174603172 
1082.553499729237 19.78214285714285 
1070.1158304862763 27.387301587301586 
1055.5399282117992 33.95198412698413 
1037.601214659486 36.49761904761905 
1034.8984481998211 43.317460317460316 
1023.355632228467 46.69960317460318 
1000.6894358625027 52.8797619047619 
997.9644518842474 60.42658730158729 

1143.6679206143288 5.969047619047618 
1117.0356278949282 14.170238095238094 
1098.9686219323423 17.774603174603172 
1086.9196446896156 18.820238095238093 
1073.0434426496117 30.309523809523814 
1065.9060199099883 35.3297619047619 
1049.2937283805688 35.61746031746032 
1049.0654661111396 36.157936507936505 
1023.6975248475128 37.607539682539674 
1021.7450516759965 38.378571428571426 
997.282492289446 51.73730158730157 

1143.6679206143288 5.969047619047618 
1117.0356278949282 14.170238095238094 
1098.9686219323423 17.774603174603172 
1084.156918750777 22.12222222222222 
1082.4136484770145 26.84920634920635 
1072.735760952057 31.588492063492062 
1050.754114665145 32.88611111111112 
1048.0792577283553 36.38849206349206 
1034.9310696415002 39.02063492063493 
1034.6607049259865 41.30238095238095 
1021.7867573492437 42.18968253968254 
1000.6894358625027 52.8797619047619 
997.9644518842474 60.42658730158729 
1021.5977767093322 43.87182539682539 
1086.9196446896156 18.820238095238093 

1143.6679206143288 5.969047619047618 
1117.0356278949282 14.170238095238094 
1098.9686219323423 17.774603174603172 
1086.9196446896156 18.820238095238093 
1070.1158304862763 27.387301587301586 
1049.5063932200549 30.697222222222223 
1048.3002469086105 36.33412698412699 
1022.9323056449834 37.78373015873016 
1021.7867573492437 42.18968253968254 
1000.6894358625027 52.8797619047619 
997.9644518842474 60.42658730158729 
1047.9957088683266 36.87460317460317 

1143.6679206143288 5.969047619047618 
1117.0356278949282 14.170238095238094 
1098.9686219323423 17.774603174603172 
1086.9196446896156 18.820238095238093 
1073.2167605176771 27.909523809523815 
1050.9463042959198 35.156746031746025 
1048.0792577283553 36.38849206349206 
1035.8751755781998 40.5313492063492 
1034.6607049259865 41.30238095238095 
1026.193243297503 48.06984126984128 
1026.0573771261295 51.430158730158716 
1000.6894358625027 52.8797619047619 
997.9644518842474 60.42658730158729 

1143.6679206143288 5.969047619047618 
1117.0356278949282 14.170238095238094 
1098.9686219323423 17.774603174603172 
1086.9196446896156 18.820238095238093 
1083.0357856030164 26.595238095238095 
1063.0316575338259 28.083730158730162 
1048.4032764244807 31.237698412698414 
1047.0374613793972 35.48849206349207 
1020.9540653572044 36.93809523809524 
1009.7889622750508 48.80873015873017 
1008.4209710449061 52.84642857142857 
1000.6894358625027 52.8797619047619 
997.1140829817941 58.83888888888888 
1143.3200632305695 12.190476190476188 

1143.6679206143288 5.969047619047618 
1117.0356278949282 14.170238095238094 
1098.9686219323423 17.774603174603172 
1082.553499729237 19.78214285714285 
1077.5470085290722 28.909523809523815 
1062.8314626140027 28.98373015873016 
1048.4032764244807 31.237698412698414 
1048.3002469086105 36.33412698412699 
1021.7450516759965 38.378571428571426 
1014.347881145534 49.55396825396826 
1000.6894358625027 52.8797619047619 
997.9644518842474 60.42658730158729 

1143.6679206143288 5.969047619047618 
1117.0356278949282 14.170238095238094 
1098.9686219323423 17.774603174603172 
1086.9196446896156 18.820238095238093 
1077.5470085290722 28.909523809523815 
1048.4032764244807 31.237698412698414 
1048.0792577283553 36.38849206349206 
1021.9958617061627 37.83809523809524 
1012.2368499923491 44.87063492063492 
1000.6894358625027 52.8797619047619 
998.2322078902549 58.61944444444443 
1083.0357856030164 26.595238095238095 

1143.6679206143288 5.969047619047618 
1117.0356278949282 14.170238095238094 
1098.9686219323423 17.774603174603172 
1086.9196446896156 18.820238095238093 
1080.6121088160332 28.389682539682543 
1051.1972098544825 30.83452380952381 
1049.2937283805688 35.61746031746032 
1023.9257871169422 37.06706349206349 
1000.6894358625027 52.8797619047619 
997.8636071432016 52.939682539682536 
1116.3214906215628 16.774603174603172 
1022.1898204014591 41.64920634920635 

1143.6679206143288 5.969047619047618 
1117.0356278949282 14.170238095238094 
1098.9686219323423 17.774603174603172 
1086.9196446896156 18.820238095238093 
1080.4534294550112 25.577777777777772 
1069.813684920925 35.16428571428571 
1049.2937283805688 35.61746031746032 
1022.1898204014591 41.64920634920635 
1021.7867573492437 42.18968253968254 
1000.6894358625027 52.8797619047619 
997.9644518842474 60.42658730158729 

1143.6679206143288 5.969047619047618 
1124.5218605591833 10.735317460317459 
1098.9686219323423 17.774603174603172 
1086.9196446896156 18.820238095238093 
1084.834101002394 26.732539682539684 
1050.1610052361186 31.375 
1049.2937283805688 35.61746031746032 
1021.7450516759965 38.378571428571426 
1000.6894358625027 52.8797619047619 
998.9028379813824 55.07301587301587 

1143.6679206143288 5.969047619047618 
1117.0356278949282 14.170238095238094 
1098.9686219323423 17.774603174603172 
1086.9196446896156 18.820238095238093 
1074.5886451165231 29.731746031746034 
1055.5399282117992 33.95198412698413 
1048.0792577283553 36.38849206349206 
1023.9257871169422 37.06706349206349 
1021.5977767093322 43.87182539682539 
1000.6894358625027 52.8797619047619 
999.2761317506256 54.47460317460317 

1143.6679206143288 5.969047619047618 
1117.0356278949282 14.170238095238094 
1098.9686219323423 17.774603174603172 
1082.553499729237 19.78214285714285 
1070.9329041917952 22.205555555555552 
1063.0316575338259 28.083730158730162 
1049.2360608271524 29.797222222222224 
1047.0374613793972 35.48849206349207 
1020.9540653572044 36.93809523809524 
1020.9382747248807 40.438095238095244 
1004.5663975084051 45.946031746031764 
1000.6894358625027 52.8797619047619 
997.9644518842474 60.42658730158729 
1106.045070548379 16.96746031746032 

1143.6679206143288 5.969047619047618 
1117.0356278949282 14.170238095238094 
1098.9686219323423 17.774603174603172 
1086.9196446896156 18.820238095238093 
1083.0357856030164 26.595238095238095 
1076.302447478555 32.81706349206349 
1047.9407151696892 32.919841269841285 
1047.8284476981892 36.92896825396825 
1021.9958617061627 37.83809523809524 
1021.5977767093322 43.87182539682539 
1000.6894358625027 52.8797619047619 
997.2616390349783 57.031746031746025 
1021.7450516759965 38.378571428571426 

1143.6679206143288 5.969047619047618 
1117.0356278949282 14.170238095238094 
1098.9686219323423 17.774603174603172 
1082.553499729237 19.78214285714285 
1070.1158304862763 27.387301587301586 
1066.3937156498625 33.39126984126984 
1056.7918959094168 34.563095238095244 
1041.0257743862358 34.84087301587302 
1037.601214659486 36.49761904761905 
1028.5700009549641 47.5813492063492 
1024.8145374164799 51.99285714285713 
1000.6894358625027 52.8797619047619 
997.9644518842474 60.42658730158729 

1143.6679206143288 5.969047619047618 
1117.0356278949282 14.170238095238094 
1098.9686219323423 17.774603174603172 
1082.553499729237 19.78214285714285 
1064.19972500498 32.62579365079365 
1060.0804865781906 35.24563492063492 
1048.0792577283553 36.38849206349206 
1037.601214659486 36.49761904761905 
1022.1898204014591 41.64920634920635 
1021.7867573492437 42.18968253968254 
1011.9681425670526 51.430158730158745 
1000.6894358625027 52.8797619047619 
998.0691556470216 54.258333333333326 
1116.3214906215628 16.774603174603172 

1143.6679206143288 5.969047619047618 
1117.0356278949282 14.170238095238094 
1098.9686219323423 17.774603174603172 
1086.9196446896156 18.820238095238093 
1072.735760952057 31.588492063492062 
1054.5923156741844 34.782936507936505 
1048.0792577283553 36.38849206349206 
1022.1898204014591 41.64920634920635 
1021.7867573492437 42.18968253968254 
1000.6894358625027 52.8797619047619 
997.9644518842474 60.42658730158729 

1143.6679206143288 5.969047619047618 
1117.0356278949282 14.170238095238094 
1098.9686219323423 17.774603174603172 
1082.553499729237 19.78214285714285 
1070.1158304862763 27.387301587301586 
1064.0457243449505 33.02460317460318 
1049.7105399693808 33.057142857142864 
1034.464891924224 37.215079365079355 
1031.9352269595722 38.34285714285715 
1022.1898204014591 41.64920634920635 
1021.7867573492437 42.18968253968254 
1014.0940767731341 43.61150793650794 
1013.0628000571851 46.465476190476195 
1008.8741335996286 48.271428571428565 
1000.6894358625027 52.8797619047619 
997.9644518842474 60.42658730158729 

