671.5498884277674 70.90317460317463 
667.0247574271581 104.25753968253969 
662.9235734951496 117.6654761904762 
659.1682456054552 123.95198412698414 
655.6621816205611 147.18253968253967 
845.300616777603 2.1234126984126984 
750.9864262911631 3.33452380952381 
676.3983781977097 58.1571428571429 
678.9887486973016 54.679365079365084 
680.2580967035142 42.350793650793676 
683.2593318360566 42.181349206349225 
687.1888802495035 30.521825396825392 
699.825100722598 29.370634920634913 
700.9144729180236 23.67023809523809 
679.5824021310393 45.253968253968274 
713.8524358757624 22.519047619047612 
715.5186019624523 15.61587301587301 
730.5492329462717 13.86785714285714 
733.130540636821 11.248412698412695 
733.8656721932557 7.701984126984125 
748.4051186006137 5.953968253968254 

802.923031547657 2.1234126984126984 
671.5498884277674 70.90317460317463 
673.8170705071605 60.77658730158734 
659.1682456054552 123.95198412698414 
655.6621816205611 147.18253968253967 
679.4775962217824 46.89801587301589 
750.9864262911631 3.33452380952381 
676.3983781977097 58.1571428571429 
687.1888802495035 30.521825396825392 
687.2564796343654 28.411904761904758 
698.9879944468465 26.11428571428571 
700.9759823711408 21.560317460317457 
701.216620210572 21.42579365079365 
712.9372942719032 18.235317460317454 
714.8711929258757 14.553571428571423 
700.9144729180236 23.67023809523809 
679.5824021310393 45.253968253968274 
733.8656721932557 7.701984126984125 
748.4051186006137 5.953968253968254 

671.5498884277674 70.90317460317463 
667.0247574271581 104.25753968253969 
662.9235734951496 117.6654761904762 
659.1682456054552 123.95198412698414 
845.300616777603 2.1234126984126984 
750.9864262911631 3.33452380952381 
678.2811833763169 53.65079365079369 
679.4775962217824 46.89801587301589 
679.5824021310393 45.253968253968274 
676.3983781977097 58.1571428571429 
685.2615627016042 33.738095238095234 
687.1888802495035 30.521825396825392 
687.2564796343654 28.411904761904758 
655.5108976393234 180.9984126984126 
700.9144729180236 23.67023809523809 
700.9759823711408 21.560317460317457 
714.8711929258757 14.553571428571423 
729.9497274790177 12.805555555555554 
733.130540636821 11.248412698412695 
733.8656721932557 7.701984126984125 
748.4051186006137 5.953968253968254 

655.5108976393234 180.9984126984126 
750.9864262911631 3.33452380952381 
666.0389815930849 173.93888888888878 
671.4738736518359 144.16269841269835 
671.4930006702597 101.82142857142857 
678.083026721062 63.55515873015878 
715.8459378832257 19.302777777777774 
680.5049459641018 44.40198412698416 
687.2564796343654 28.411904761904758 
671.5498884277674 70.90317460317463 
700.9759823711408 21.560317460317457 
713.0508965578597 20.01071428571428 
715.9204790017527 17.19285714285714 
728.6947853349902 15.535714285714281 
730.0455915175594 12.35674603174603 
731.3959871060372 9.872619047619045 
733.8656721932557 7.701984126984125 

655.5108976393234 180.9984126984126 
750.9864262911631 3.33452380952381 
700.9144729180236 23.67023809523809 
687.1888802495035 30.521825396825392 
679.5824021310393 45.253968253968274 
675.7885360005334 68.12857142857146 
680.6379881699916 44.63531746031748 
683.6660621672798 33.45079365079364 
687.2564796343654 28.411904761904758 
662.9235734951496 117.6654761904762 
659.1682456054552 123.95198412698414 
655.6621816205611 147.18253968253967 
699.6789509678313 27.898809523809522 
700.9759823711408 21.560317460317457 
712.403414083905 20.121825396825393 
715.3749447330002 17.17301587301587 
676.3983781977097 58.1571428571429 
729.9497274790177 12.805555555555554 
732.5310351695668 10.186111111111108 
733.8656721932557 7.701984126984125 
747.4693613733153 6.2634920634920634 

750.9864262911631 3.33452380952381 
700.9144729180236 23.67023809523809 
687.1888802495035 30.521825396825392 
679.5824021310393 45.253968253968274 
802.923031547657 2.1234126984126984 
674.1953779495784 53.65674603174605 
676.3696552261197 46.5353174603175 
679.770362965583 41.4230158730159 
671.5498884277674 70.90317460317463 
667.0247574271581 104.25753968253969 
662.9235734951496 117.6654761904762 
684.0276644780201 31.34087301587301 
687.2564796343654 28.411904761904758 
698.3946746805916 24.1797619047619 
700.9759823711408 21.560317460317457 
712.6916638454074 20.121825396825393 
715.8459378832257 19.302777777777774 
715.9204790017527 17.19285714285714 
660.0059189092904 139.18055555555554 
730.6368570369104 10.63095238095238 
655.5108976393234 180.9984126984126 

679.5824021310393 45.253968253968274 
802.923031547657 2.1234126984126984 
744.0763330086561 8.684126984126982 
671.5498884277674 70.90317460317463 
679.5053493505162 46.70793650793654 
680.1813190670489 42.567460317460345 
659.1682456054552 123.95198412698414 
750.9864262911631 3.33452380952381 
687.1888802495035 30.521825396825392 
687.2564796343654 28.411904761904758 
699.6789509678313 27.898809523809522 
700.9759823711408 21.560317460317457 
715.9204790017527 17.19285714285714 
655.5108976393234 180.9984126984126 
732.5310351695668 10.186111111111108 
715.8459378832257 19.302777777777774 
700.9144729180236 23.67023809523809 

700.9144729180236 23.67023809523809 
687.1888802495035 30.521825396825392 
679.5824021310393 45.253968253968274 
802.923031547657 2.1234126984126984 
679.2493494334574 68.87976190476192 
671.5498884277674 70.90317460317463 
667.0247574271581 104.25753968253969 
662.9235734951496 117.6654761904762 
659.1682456054552 123.95198412698414 
655.6621816205611 147.18253968253967 
684.9108430541357 33.568650793650804 
699.3161514368056 28.272222222222215 
697.6281791285342 28.672619047619047 
700.9759823711408 21.560317460317457 
713.4043694950193 21.420634920634914 
715.5278134694065 17.05912698412698 
655.5108976393234 180.9984126984126 
732.5310351695668 10.186111111111108 
733.8656721932557 7.701984126984125 
748.4051186006137 5.953968253968254 
750.9864262911631 3.33452380952381 

669.430195575906 93.02777777777781 
744.0763330086561 8.684126984126982 
671.5498884277674 70.90317460317463 
667.0247574271581 104.25753968253969 
662.9235734951496 117.6654761904762 
659.1682456054552 123.95198412698414 
679.5824021310393 45.253968253968274 
680.030593807667 41.92857142857146 
750.9864262911631 3.33452380952381 
687.1888802495035 30.521825396825392 
687.2564796343654 28.411904761904758 
676.3983781977097 58.1571428571429 
700.9144729180236 23.67023809523809 
700.9759823711408 21.560317460317457 
655.5108976393234 180.9984126984126 
715.9204790017527 17.19285714285714 
731.1714125054402 16.59801587301587 
715.8459378832257 19.302777777777774 

700.9144729180236 23.67023809523809 
679.5824021310393 45.253968253968274 
669.430195575906 93.02777777777781 
675.761147072054 57.938095238095286 
674.5597742126281 65.50317460317466 
679.4082639825704 52.757142857142895 
679.4421453756329 51.161507936507974 
679.9208798972918 43.05357142857146 
655.5108976393234 180.9984126984126 
687.2564796343654 28.411904761904758 
750.9864262911631 3.33452380952381 
715.8459378832257 19.302777777777774 
687.1888802495035 30.521825396825392 
700.9759823711408 21.560317460317457 
713.3391713112036 19.812301587301583 
715.9204790017527 17.19285714285714 
732.5310351695668 10.186111111111108 
733.8656721932557 7.701984126984125 
671.5498884277674 70.90317460317463 
662.9235734951496 117.6654761904762 
655.6621816205611 147.18253968253967 

655.5108976393234 180.9984126984126 
750.9864262911631 3.33452380952381 
700.9144729180236 23.67023809523809 
687.1888802495035 30.521825396825392 
679.5824021310393 45.253968253968274 
677.49659361533 51.50000000000004 
671.5498884277674 70.90317460317463 
687.2564796343654 28.411904761904758 
659.1682456054552 123.95198412698414 
845.300616777603 2.1234126984126984 
700.9759823711408 21.560317460317457 
676.3983781977097 58.1571428571429 
714.8711929258757 14.553571428571423 
732.5310351695668 10.186111111111108 
733.8656721932557 7.701984126984125 

667.0247574271581 104.25753968253969 
662.9235734951496 117.6654761904762 
659.1682456054552 123.95198412698414 
655.6621816205611 147.18253968253967 
750.9864262911631 3.33452380952381 
673.7741798604618 63.8150793650794 
675.2912333026861 57.42341269841273 
677.5571207298009 48.22539682539684 
679.6175951375019 42.74285714285717 
685.1372933230415 36.56111111111112 
655.5108976393234 180.9984126984126 
687.1888802495035 30.521825396825392 
687.2564796343654 28.411904761904758 
700.9144729180236 23.67023809523809 
679.5824021310393 45.253968253968274 
700.9759823711408 21.560317460317457 
713.3391713112036 19.812301587301583 
714.8711929258757 14.553571428571423 
729.9497274790177 12.805555555555554 
732.5310351695668 10.186111111111108 
733.8656721932557 7.701984126984125 
748.4051186006137 5.953968253968254 
671.5498884277674 70.90317460317463 

659.1682456054552 123.95198412698414 
655.6621816205611 147.18253968253967 
845.300616777603 2.1234126984126984 
750.9864262911631 3.33452380952381 
676.3983781977097 58.1571428571429 
679.5824021310393 45.253968253968274 
655.5108976393234 180.9984126984126 
687.2564796343654 28.411904761904758 
700.9144729180236 23.67023809523809 
687.1888802495035 30.521825396825392 
698.3946746805916 24.1797619047619 
700.9759823711408 21.560317460317457 
715.5278134694065 17.05912698412698 
732.5310351695668 10.186111111111108 
671.5498884277674 70.90317460317463 
667.0247574271581 104.25753968253969 
662.9235734951496 117.6654761904762 

907.9427534257542 2.9289682539682538 
671.5498884277674 70.90317460317463 
659.1682456054552 123.95198412698414 
675.621995185687 56.25158730158735 
679.4082639825704 52.757142857142895 
750.9864262911631 3.33452380952381 
680.049568128687 43.79206349206352 
683.6660621672798 33.45079365079364 
687.1888802495035 30.521825396825392 
687.2564796343654 28.411904761904758 
698.3946746805916 24.1797619047619 
700.9144729180236 23.67023809523809 
700.9759823711408 21.560317460317457 
715.8459378832257 19.302777777777774 
679.5824021310393 45.253968253968274 
730.348607275408 10.630952380952378 
733.8656721932557 7.701984126984125 
747.4693613733153 6.2634920634920634 

671.5498884277674 70.90317460317463 
667.0247574271581 104.25753968253969 
662.9235734951496 117.6654761904762 
659.1682456054552 123.95198412698414 
655.6621816205611 147.18253968253967 
750.9864262911631 3.33452380952381 
678.2811833763169 53.65079365079369 
679.6175951375019 42.74285714285717 
676.3983781977097 58.1571428571429 
687.1888802495035 30.521825396825392 
687.2564796343654 28.411904761904758 
655.5108976393234 180.9984126984126 
698.3946746805916 24.1797619047619 
700.9759823711408 21.560317460317457 
700.9144729180236 23.67023809523809 
679.5824021310393 45.253968253968274 
715.5186019624523 15.61587301587301 
730.5685650342059 15.535714285714281 
731.2843645027064 10.32142857142857 
802.923031547657 2.1234126984126984 
733.8656721932557 7.701984126984125 
748.4051186006137 5.953968253968254 

671.5498884277674 70.90317460317463 
667.0247574271581 104.25753968253969 
662.9235734951496 117.6654761904762 
659.1682456054552 123.95198412698414 
655.6621816205611 147.18253968253967 
845.300616777603 2.1234126984126984 
750.9864262911631 3.33452380952381 
679.0454976698328 56.473412698412716 
680.6096368419965 45.192063492063525 
684.3181884280195 32.04126984126984 
655.5108976393234 180.9984126984126 
687.2564796343654 28.411904761904758 
700.9144729180236 23.67023809523809 
687.1888802495035 30.521825396825392 
679.5824021310393 45.253968253968274 
710.4047152614856 23.444444444444443 
715.700827338161 17.0281746031746 
731.2414738560077 13.359920634920632 
732.5310351695668 10.186111111111108 
733.8656721932557 7.701984126984125 
748.4051186006137 5.953968253968254 

802.923031547657 2.1234126984126984 
669.3150199860379 117.18650793650794 
744.0763330086561 8.684126984126982 
671.5498884277674 70.90317460317463 
675.8591214841404 62.92142857142861 
662.9235734951496 117.6654761904762 
659.1682456054552 123.95198412698414 
655.6621816205611 147.18253968253967 
679.5735181744633 47.3357142857143 
683.2522525979263 44.078968253968284 
750.9864262911631 3.33452380952381 
687.1888802495035 30.521825396825392 
687.2564796343654 28.411904761904758 
697.4589174532931 24.48928571428571 
698.3946746805916 24.1797619047619 
700.9759823711408 21.560317460317457 
655.5108976393234 180.9984126984126 
713.3391713112036 19.812301587301583 
715.9204790017527 17.19285714285714 
730.5685650342059 15.535714285714281 
700.9144729180236 23.67023809523809 
679.5824021310393 45.253968253968274 
747.4693613733153 6.2634920634920634 

671.5498884277674 70.90317460317463 
667.0247574271581 104.25753968253969 
662.9235734951496 117.6654761904762 
655.6621816205611 147.18253968253967 
845.300616777603 2.1234126984126984 
750.9864262911631 3.33452380952381 
677.0038087720184 48.80198412698415 
679.5824021310393 45.253968253968274 
676.3983781977097 58.1571428571429 
687.1888802495035 30.521825396825392 
687.2564796343654 28.411904761904758 
660.0059189092904 139.18055555555554 
655.5108976393234 180.9984126984126 
700.9759823711408 21.560317460317457 
712.8944036252045 21.27380952380952 
700.9144729180236 23.67023809523809 
729.9068368323188 15.844047619047616 
731.2414738560077 13.359920634920632 
732.5310351695668 10.186111111111108 
733.8656721932557 7.701984126984125 
748.4051186006137 5.953968253968254 

660.0059189092904 139.18055555555554 
687.1888802495035 30.521825396825392 
663.7212033267867 135.76190476190473 
669.6272117372703 101.7718253968254 
673.7603694437992 77.08849206349207 
679.4712237903623 51.86309523809527 
655.5108976393234 180.9984126984126 
679.6175951375019 42.74285714285717 
802.923031547657 2.1234126984126984 
687.2564796343654 28.411904761904758 
700.9759823711408 21.560317460317457 
714.8711929258757 14.553571428571423 
732.5310351695668 10.186111111111108 
733.8656721932557 7.701984126984125 
750.9864262911631 3.33452380952381 

660.0059189092904 139.18055555555554 
655.5108976393234 180.9984126984126 
750.9864262911631 3.33452380952381 
671.8732471971002 91.51150793650795 
700.9144729180236 23.67023809523809 
687.1888802495035 30.521825396825392 
679.5824021310393 45.253968253968274 
675.761147072054 57.938095238095286 
678.246150035555 55.760714285714315 
678.9887486973016 54.679365079365084 
679.8440058344994 44.79682539682542 
682.9672749116181 43.15396825396827 
683.1296731462594 40.904761904761926 
684.6322812971175 34.06984126984128 
687.5673209127337 29.474206349206344 
667.0247574271581 104.25753968253969 
662.9235734951496 117.6654761904762 
698.351784033893 27.218253968253965 
655.6621816205611 147.18253968253967 
700.9759823711408 21.560317460317457 
714.8711929258757 14.553571428571423 
731.2414738560077 13.359920634920632 
733.130540636821 11.248412698412695 
733.8656721932557 7.701984126984125 
748.4051186006137 5.953968253968254 
802.923031547657 2.1234126984126984 

750.9864262911631 3.33452380952381 
700.9144729180236 23.67023809523809 
687.1888802495035 30.521825396825392 
679.5824021310393 45.253968253968274 
672.881313279862 61.08611111111115 
802.923031547657 2.1234126984126984 
678.246150035555 55.760714285714315 
671.5498884277674 70.90317460317463 
667.0247574271581 104.25753968253969 
662.9235734951496 117.6654761904762 
687.2564796343654 28.411904761904758 
700.9759823711408 21.560317460317457 
676.3983781977097 58.1571428571429 
712.0015370446046 18.544841269841264 
714.8711929258757 14.553571428571423 
729.0139702517191 13.115079365079362 
732.5310351695668 10.186111111111108 
733.8656721932557 7.701984126984125 
655.5108976393234 180.9984126984126 

700.9144729180236 23.67023809523809 
687.1888802495035 30.521825396825392 
679.5824021310393 45.253968253968274 
673.6803024596239 79.76706349206351 
668.2934744030667 85.15912698412697 
802.923031547657 2.1234126984126984 
673.7882954611197 56.82658730158731 
744.0763330086561 8.684126984126982 
676.8945013757977 50.446031746031764 
679.4775962217824 46.89801587301589 
667.0247574271581 104.25753968253969 
662.9235734951496 117.6654761904762 
659.1682456054552 123.95198412698414 
684.6322812971175 34.06984126984128 
687.2564796343654 28.411904761904758 
698.351784033893 27.218253968253965 
700.9759823711408 21.560317460317457 
712.6601905241724 20.51547619047619 
715.9204790017527 17.19285714285714 
727.1572275320392 16.148015873015872 
655.5108976393234 180.9984126984126 
748.4051186006137 5.953968253968254 
715.8459378832257 19.302777777777774 

671.5498884277674 70.90317460317463 
667.0247574271581 104.25753968253969 
662.9235734951496 117.6654761904762 
659.1682456054552 123.95198412698414 
655.6621816205611 147.18253968253967 
845.300616777603 2.1234126984126984 
750.9864262911631 3.33452380952381 
672.881313279862 61.08611111111115 
676.2651541688158 55.65039682539687 
677.4435777716881 48.663095238095266 
679.4284295795593 47.88968253968255 
679.6175951375019 42.74285714285717 
683.7394147165177 31.34087301587301 
687.1888802495035 30.521825396825392 
687.2564796343654 28.411904761904758 
697.4589174532931 24.48928571428571 
700.9144729180236 23.67023809523809 
679.5824021310393 45.253968253968274 
712.0015370446046 18.544841269841264 
714.8711929258757 14.553571428571423 
729.0139702517191 13.115079365079362 
732.5310351695668 10.186111111111108 
733.8656721932557 7.701984126984125 
747.4693613733153 6.2634920634920634 

662.9235734951496 117.6654761904762 
659.1682456054552 123.95198412698414 
655.6621816205611 147.18253968253967 
845.300616777603 2.1234126984126984 
750.9864262911631 3.33452380952381 
676.3983781977097 58.1571428571429 
679.6665613682284 45.041269841269866 
684.1324986379348 43.280555555555594 
655.5108976393234 180.9984126984126 
687.2564796343654 28.411904761904758 
700.9144729180236 23.67023809523809 
687.1888802495035 30.521825396825392 
679.5824021310393 45.253968253968274 
700.9759823711408 21.560317460317457 
714.8711929258757 14.553571428571423 
732.5310351695668 10.186111111111108 
733.8656721932557 7.701984126984125 
671.5498884277674 70.90317460317463 
667.0247574271581 104.25753968253969 

802.923031547657 2.1234126984126984 
668.7498097248281 121.32658730158727 
671.5498884277674 70.90317460317463 
677.6998888005382 68.04841269841272 
659.1682456054552 123.95198412698414 
655.6621816205611 147.18253968253967 
679.5824021310393 45.253968253968274 
750.9864262911631 3.33452380952381 
684.4165248069847 34.78373015873015 
687.1888802495035 30.521825396825392 
687.2564796343654 28.411904761904758 
698.7530213584336 28.33333333333333 
699.6789509678313 27.898809523809522 
700.9759823711408 21.560317460317457 
712.8412394166472 21.481746031746027 
715.9204790017527 17.19285714285714 
715.8459378832257 19.302777777777774 
700.9144729180236 23.67023809523809 
733.8656721932557 7.701984126984125 
748.5161819366699 5.505158730158729 

667.0247574271581 104.25753968253969 
671.5498884277674 70.90317460317463 
750.9864262911631 3.33452380952381 
683.1296731462594 40.904761904761926 
676.3983781977097 58.1571428571429 
687.2564796343654 28.411904761904758 
664.8457037132622 138.8492063492063 
660.0059189092904 139.18055555555554 
659.7931167117434 235.1472222222221 
698.3539720091283 26.388095238095232 
700.9144729180236 23.67023809523809 
700.9759823711408 21.560317460317457 
715.8459378832257 19.302777777777774 
687.1888802495035 30.521825396825392 
679.5824021310393 45.253968253968274 
732.5310351695668 10.186111111111108 
733.8656721932557 7.701984126984125 
802.923031547657 2.1234126984126984 

657.4724258392262 226.73650793650788 
669.0550028140225 114.80912698412696 
750.9864262911631 3.33452380952381 
674.7668431010519 56.48055555555559 
671.5498884277674 70.90317460317463 
659.1682456054552 123.95198412698414 
679.4775962217824 46.89801587301589 
679.6153328709943 43.73452380952383 
687.1888802495035 30.521825396825392 
687.2564796343654 28.411904761904758 
697.6972415714274 26.562698412698413 
698.5344139829347 23.6781746031746 
700.9759823711408 21.560317460317457 
715.8459378832257 19.302777777777774 
700.9144729180236 23.67023809523809 
679.5824021310393 45.253968253968274 
732.0959332756156 14.553571428571423 
732.5310351695668 10.186111111111108 
733.8656721932557 7.701984126984125 
748.4051186006137 5.953968253968254 
861.0371823924664 1.2111111111111112 

655.5108976393234 180.9984126984126 
750.9864262911631 3.33452380952381 
700.9144729180236 23.67023809523809 
687.1888802495035 30.521825396825392 
679.5824021310393 45.253968253968274 
673.7559971424538 78.58531746031748 
673.7882954611197 56.82658730158731 
802.923031547657 2.1234126984126984 
677.1461646283351 47.08095238095241 
682.5736641993057 42.73333333333335 
684.6322812971175 34.06984126984128 
687.2564796343654 28.411904761904758 
659.1682456054552 123.95198412698414 
655.6621816205611 147.18253968253967 
714.8711929258757 14.553571428571423 
728.0663376528134 13.36507936507936 
732.5310351695668 10.186111111111108 
733.8656721932557 7.701984126984125 

750.9864262911631 3.33452380952381 
700.9144729180236 23.67023809523809 
687.1888802495035 30.521825396825392 
679.5824021310393 45.253968253968274 
669.430195575906 93.02777777777781 
802.923031547657 2.1234126984126984 
676.0573082351842 58.88015873015877 
677.0038087720184 48.80198412698415 
744.0763330086561 8.684126984126982 
671.5498884277674 70.90317460317463 
667.0247574271581 104.25753968253969 
662.9235734951496 117.6654761904762 
684.050255994886 32.4031746031746 
687.2564796343654 28.411904761904758 
700.9759823711408 21.560317460317457 
676.3983781977097 58.1571428571429 
712.0015370446046 18.544841269841264 
714.8711929258757 14.553571428571423 
728.6683520067049 14.427380952380949 
660.0059189092904 139.18055555555554 
732.5310351695668 10.186111111111108 
655.5108976393234 180.9984126984126 
747.4693613733153 6.2634920634920634 

687.1888802495035 30.521825396825392 
679.5824021310393 45.253968253968274 
673.6803024596239 79.76706349206351 
802.923031547657 2.1234126984126984 
673.7851083688809 78.12301587301589 
679.5053493505162 46.70793650793654 
680.0594428188074 44.158730158730194 
662.9235734951496 117.6654761904762 
659.1682456054552 123.95198412698414 
655.6621816205611 147.18253968253967 
687.2564796343654 28.411904761904758 
676.3983781977097 58.1571428571429 
700.9759823711408 21.560317460317457 
713.3391713112036 19.812301587301583 
715.9204790017527 17.19285714285714 
732.6316073009309 15.980555555555553 
655.5108976393234 180.9984126984126 
733.130540636821 11.248412698412695 
793.5519044430575 3.33452380952381 
733.8656721932557 7.701984126984125 
715.8459378832257 19.302777777777774 
700.9144729180236 23.67023809523809 

