750.9864262911631 3.33452380952381 
802.923031547657 2.1234126984126984 
744.0763330086561 8.684126984126982 
702.300849111107 28.708333333333332 

750.9864262911631 3.33452380952381 
733.8656721932557 7.701984126984125 
802.923031547657 2.1234126984126984 
702.300849111107 28.708333333333332 

802.923031547657 2.1234126984126984 
744.0763330086561 8.684126984126982 
702.300849111107 28.708333333333332 
750.9864262911631 3.33452380952381 
715.8459378832257 19.302777777777774 

845.300616777603 2.1234126984126984 
750.9864262911631 3.33452380952381 
715.8459378832257 19.302777777777774 
700.9144729180236 23.67023809523809 

750.9864262911631 3.33452380952381 
715.8459378832257 19.302777777777774 
700.9144729180236 23.67023809523809 
744.0763330086561 8.684126984126982 

802.923031547657 2.1234126984126984 
744.0763330086561 8.684126984126982 
800.4137874174226 4.294047619047619 
700.9759823711408 21.560317460317457 
700.9144729180236 23.67023809523809 

750.9864262911631 3.33452380952381 
733.8656721932557 7.701984126984125 
700.9759823711408 21.560317460317457 
700.9144729180236 23.67023809523809 

750.9864262911631 3.33452380952381 
715.8459378832257 19.302777777777774 
700.9144729180236 23.67023809523809 
744.0763330086561 8.684126984126982 

845.300616777603 2.1234126984126984 
750.9864262911631 3.33452380952381 
700.9144729180236 23.67023809523809 

750.9864262911631 3.33452380952381 
700.9144729180236 23.67023809523809 
700.9759823711408 21.560317460317457 

750.9864262911631 3.33452380952381 
700.9144729180236 23.67023809523809 
744.0763330086561 8.684126984126982 

845.300616777603 2.1234126984126984 
750.9864262911631 3.33452380952381 
700.9144729180236 23.67023809523809 
744.0763330086561 8.684126984126982 

750.9864262911631 3.33452380952381 
700.9144729180236 23.67023809523809 

793.5519044430575 3.33452380952381 
700.9144729180236 23.67023809523809 
744.0763330086561 8.684126984126982 

750.9864262911631 3.33452380952381 
802.923031547657 2.1234126984126984 
744.0763330086561 8.684126984126982 
702.300849111107 28.708333333333332 

750.9864262911631 3.33452380952381 
715.8459378832257 19.302777777777774 
715.9204790017527 17.19285714285714 
744.0763330086561 8.684126984126982 
702.300849111107 28.708333333333332 

793.5519044430575 3.33452380952381 
802.923031547657 2.1234126984126984 
744.0763330086561 8.684126984126982 
733.99002196643 9.81190476190476 
700.9144729180236 23.67023809523809 
715.8459378832257 19.302777777777774 

750.9864262911631 3.33452380952381 
700.9144729180236 23.67023809523809 

715.8459378832257 19.302777777777774 
793.5519044430575 3.33452380952381 
715.9204790017527 17.19285714285714 

802.923031547657 2.1234126984126984 
750.9864262911631 3.33452380952381 
700.9144729180236 23.67023809523809 

793.5519044430575 3.33452380952381 
700.9144729180236 23.67023809523809 
744.0763330086561 8.684126984126982 

802.923031547657 2.1234126984126984 
744.0763330086561 8.684126984126982 
800.4137874174226 4.294047619047619 
726.8757247741971 21.560317460317457 
700.9144729180236 23.67023809523809 

845.300616777603 2.1234126984126984 
750.9864262911631 3.33452380952381 
715.8459378832257 19.302777777777774 
700.9144729180236 23.67023809523809 
744.0763330086561 8.684126984126982 

750.9864262911631 3.33452380952381 
715.8459378832257 19.302777777777774 
700.9144729180236 23.67023809523809 
700.9759823711408 21.560317460317457 

845.300616777603 2.1234126984126984 
750.9864262911631 3.33452380952381 
715.9204790017527 17.19285714285714 
744.0763330086561 8.684126984126982 
702.300849111107 28.708333333333332 

750.9864262911631 3.33452380952381 
700.9144729180236 23.67023809523809 

750.9864262911631 3.33452380952381 
715.8459378832257 19.302777777777774 
802.923031547657 2.1234126984126984 
744.0763330086561 8.684126984126982 
702.300849111107 28.708333333333332 

793.6154484830862 5.444444444444445 
700.9144729180236 23.67023809523809 
744.0763330086561 8.684126984126982 
800.4137874174226 4.294047619047619 

750.9864262911631 3.33452380952381 
715.8459378832257 19.302777777777774 
802.923031547657 2.1234126984126984 
744.0763330086561 8.684126984126982 
702.300849111107 28.708333333333332 

750.9864262911631 3.33452380952381 
700.9144729180236 23.67023809523809 
744.0763330086561 8.684126984126982 

