662.9235734951496 117.6654761904762 
659.1682456054552 123.95198412698414 
655.6621816205611 147.18253968253967 
750.9864262911631 3.33452380952381 
676.3983781977097 58.1571428571429 
655.5108976393234 180.9984126984126 
715.8459378832257 19.302777777777774 
700.9144729180236 23.67023809523809 
687.1888802495035 30.521825396825392 
679.5824021310393 45.253968253968274 
802.923031547657 2.1234126984126984 
744.0763330086561 8.684126984126982 
671.5498884277674 70.90317460317463 
667.0247574271581 104.25753968253969 

744.0763330086561 8.684126984126982 
671.5498884277674 70.90317460317463 
667.0247574271581 104.25753968253969 
662.9235734951496 117.6654761904762 
659.1682456054552 123.95198412698414 
655.6621816205611 147.18253968253967 
750.9864262911631 3.33452380952381 
676.3983781977097 58.1571428571429 
655.5108976393234 180.9984126984126 
715.8459378832257 19.302777777777774 
700.9144729180236 23.67023809523809 
687.1888802495035 30.521825396825392 
679.5824021310393 45.253968253968274 
802.923031547657 2.1234126984126984 

671.5498884277674 70.90317460317463 
667.0247574271581 104.25753968253969 
662.9235734951496 117.6654761904762 
659.1682456054552 123.95198412698414 
655.6621816205611 147.18253968253967 
750.9864262911631 3.33452380952381 
676.3983781977097 58.1571428571429 
655.5108976393234 180.9984126984126 
715.8459378832257 19.302777777777774 
700.9144729180236 23.67023809523809 
687.1888802495035 30.521825396825392 
679.5824021310393 45.253968253968274 
802.923031547657 2.1234126984126984 
744.0763330086561 8.684126984126982 

744.0763330086561 8.684126984126982 
671.5498884277674 70.90317460317463 
667.0247574271581 104.25753968253969 
662.9235734951496 117.6654761904762 
659.1682456054552 123.95198412698414 
655.6621816205611 147.18253968253967 
750.9864262911631 3.33452380952381 
676.3983781977097 58.1571428571429 
655.5108976393234 180.9984126984126 
715.8459378832257 19.302777777777774 
700.9144729180236 23.67023809523809 
687.1888802495035 30.521825396825392 
679.5824021310393 45.253968253968274 
802.923031547657 2.1234126984126984 

671.5498884277674 70.90317460317463 
667.0247574271581 104.25753968253969 
662.9235734951496 117.6654761904762 
659.1682456054552 123.95198412698414 
655.6621816205611 147.18253968253967 
750.9864262911631 3.33452380952381 
676.3983781977097 58.1571428571429 
655.5108976393234 180.9984126984126 
715.8459378832257 19.302777777777774 
700.9144729180236 23.67023809523809 
687.1888802495035 30.521825396825392 
679.5824021310393 45.253968253968274 
802.923031547657 2.1234126984126984 
744.0763330086561 8.684126984126982 

667.0247574271581 104.25753968253969 
662.9235734951496 117.6654761904762 
659.1682456054552 123.95198412698414 
655.6621816205611 147.18253968253967 
750.9864262911631 3.33452380952381 
676.3983781977097 58.1571428571429 
655.5108976393234 180.9984126984126 
715.8459378832257 19.302777777777774 
700.9144729180236 23.67023809523809 
687.1888802495035 30.521825396825392 
679.5824021310393 45.253968253968274 
802.923031547657 2.1234126984126984 
744.0763330086561 8.684126984126982 
671.5498884277674 70.90317460317463 

659.1682456054552 123.95198412698414 
655.6621816205611 147.18253968253967 
750.9864262911631 3.33452380952381 
676.3983781977097 58.1571428571429 
655.5108976393234 180.9984126984126 
715.8459378832257 19.302777777777774 
700.9144729180236 23.67023809523809 
687.1888802495035 30.521825396825392 
679.5824021310393 45.253968253968274 
802.923031547657 2.1234126984126984 
744.0763330086561 8.684126984126982 
671.5498884277674 70.90317460317463 
667.0247574271581 104.25753968253969 
662.9235734951496 117.6654761904762 

750.9864262911631 3.33452380952381 
715.8459378832257 19.302777777777774 
700.9144729180236 23.67023809523809 
687.1888802495035 30.521825396825392 
679.5824021310393 45.253968253968274 
802.923031547657 2.1234126984126984 
744.0763330086561 8.684126984126982 
671.5498884277674 70.90317460317463 
667.0247574271581 104.25753968253969 
662.9235734951496 117.6654761904762 
659.1682456054552 123.95198412698414 
655.6621816205611 147.18253968253967 
676.3983781977097 58.1571428571429 
655.5108976393234 180.9984126984126 

687.1888802495035 30.521825396825392 
679.5824021310393 45.253968253968274 
802.923031547657 2.1234126984126984 
744.0763330086561 8.684126984126982 
671.5498884277674 70.90317460317463 
667.0247574271581 104.25753968253969 
662.9235734951496 117.6654761904762 
659.1682456054552 123.95198412698414 
655.6621816205611 147.18253968253967 
750.9864262911631 3.33452380952381 
676.3983781977097 58.1571428571429 
655.5108976393234 180.9984126984126 
715.8459378832257 19.302777777777774 
700.9144729180236 23.67023809523809 

750.9864262911631 3.33452380952381 
744.0763330086561 8.684126984126982 
845.300616777603 2.1234126984126984 
662.9235734951496 117.6654761904762 
676.3983781977097 58.1571428571429 
655.5108976393234 180.9984126984126 
700.9144729180236 23.67023809523809 
671.5498884277674 70.90317460317463 
655.6621816205611 147.18253968253967 
688.8129397789046 36.622222222222234 
681.2735565652233 49.63333333333337 

750.9864262911631 3.33452380952381 
671.5498884277674 70.90317460317463 
662.9235734951496 117.6654761904762 
655.6621816205611 147.18253968253967 
687.1888802495035 30.521825396825392 
802.923031547657 2.1234126984126984 
676.3983781977097 58.1571428571429 
660.0059189092904 139.18055555555554 
655.5108976393234 180.9984126984126 
715.8459378832257 19.302777777777774 
700.9144729180236 23.67023809523809 
679.5824021310393 45.253968253968274 
744.0763330086561 8.684126984126982 
667.0247574271581 104.25753968253969 

744.0763330086561 8.684126984126982 
671.5498884277674 70.90317460317463 
667.0247574271581 104.25753968253969 
662.9235734951496 117.6654761904762 
659.1682456054552 123.95198412698414 
655.6621816205611 147.18253968253967 
750.9864262911631 3.33452380952381 
676.3983781977097 58.1571428571429 
655.5108976393234 180.9984126984126 
715.8459378832257 19.302777777777774 
700.9144729180236 23.67023809523809 
687.1888802495035 30.521825396825392 
679.5824021310393 45.253968253968274 
802.923031547657 2.1234126984126984 

671.5498884277674 70.90317460317463 
667.0247574271581 104.25753968253969 
662.9235734951496 117.6654761904762 
659.1682456054552 123.95198412698414 
655.6621816205611 147.18253968253967 
750.9864262911631 3.33452380952381 
676.3983781977097 58.1571428571429 
655.5108976393234 180.9984126984126 
715.8459378832257 19.302777777777774 
700.9144729180236 23.67023809523809 
687.1888802495035 30.521825396825392 
679.5824021310393 45.253968253968274 
802.923031547657 2.1234126984126984 
744.0763330086561 8.684126984126982 

802.923031547657 2.1234126984126984 
744.0763330086561 8.684126984126982 
671.5498884277674 70.90317460317463 
667.0247574271581 104.25753968253969 
662.9235734951496 117.6654761904762 
659.1682456054552 123.95198412698414 
655.6621816205611 147.18253968253967 
750.9864262911631 3.33452380952381 
676.3983781977097 58.1571428571429 
655.5108976393234 180.9984126984126 
715.8459378832257 19.302777777777774 
700.9144729180236 23.67023809523809 
687.1888802495035 30.521825396825392 
679.5824021310393 45.253968253968274 

744.0763330086561 8.684126984126982 
671.5498884277674 70.90317460317463 
667.0247574271581 104.25753968253969 
662.9235734951496 117.6654761904762 
659.1682456054552 123.95198412698414 
655.6621816205611 147.18253968253967 
750.9864262911631 3.33452380952381 
676.3983781977097 58.1571428571429 
655.5108976393234 180.9984126984126 
715.8459378832257 19.302777777777774 
700.9144729180236 23.67023809523809 
687.1888802495035 30.521825396825392 
679.5824021310393 45.253968253968274 
802.923031547657 2.1234126984126984 

802.923031547657 2.1234126984126984 
744.0763330086561 8.684126984126982 
671.5498884277674 70.90317460317463 
667.0247574271581 104.25753968253969 
662.9235734951496 117.6654761904762 
659.1682456054552 123.95198412698414 
655.6621816205611 147.18253968253967 
750.9864262911631 3.33452380952381 
676.3983781977097 58.1571428571429 
655.5108976393234 180.9984126984126 
715.8459378832257 19.302777777777774 
700.9144729180236 23.67023809523809 
687.1888802495035 30.521825396825392 
679.5824021310393 45.253968253968274 

802.923031547657 2.1234126984126984 
744.0763330086561 8.684126984126982 
671.5498884277674 70.90317460317463 
667.0247574271581 104.25753968253969 
662.9235734951496 117.6654761904762 
659.1682456054552 123.95198412698414 
655.6621816205611 147.18253968253967 
750.9864262911631 3.33452380952381 
676.3983781977097 58.1571428571429 
655.5108976393234 180.9984126984126 
715.8459378832257 19.302777777777774 
700.9144729180236 23.67023809523809 
687.1888802495035 30.521825396825392 
679.5824021310393 45.253968253968274 

802.923031547657 2.1234126984126984 
744.0763330086561 8.684126984126982 
671.5498884277674 70.90317460317463 
667.0247574271581 104.25753968253969 
662.9235734951496 117.6654761904762 
659.1682456054552 123.95198412698414 
655.6621816205611 147.18253968253967 
750.9864262911631 3.33452380952381 
676.3983781977097 58.1571428571429 
655.5108976393234 180.9984126984126 
715.8459378832257 19.302777777777774 
700.9144729180236 23.67023809523809 
687.1888802495035 30.521825396825392 
679.5824021310393 45.253968253968274 

664.8457037132622 138.8492063492063 
715.8459378832257 19.302777777777774 
687.1888802495035 30.521825396825392 
673.6803024596239 79.76706349206351 
750.9864262911631 3.33452380952381 
660.0059189092904 139.18055555555554 
700.9144729180236 23.67023809523809 
667.0247574271581 104.25753968253969 
845.300616777603 2.1234126984126984 
655.5108976393234 180.9984126984126 
679.5824021310393 45.253968253968274 

655.5108976393234 180.9984126984126 
715.8459378832257 19.302777777777774 
679.5824021310393 45.253968253968274 
671.5498884277674 70.90317460317463 
662.9235734951496 117.6654761904762 
655.6621816205611 147.18253968253967 
702.300849111107 28.708333333333332 
659.1682456054552 123.95198412698414 
845.300616777603 2.1234126984126984 
750.9864262911631 3.33452380952381 
688.8129397789046 36.622222222222234 
676.3983781977097 58.1571428571429 

750.9864262911631 3.33452380952381 
715.8459378832257 19.302777777777774 
700.9144729180236 23.67023809523809 
687.1888802495035 30.521825396825392 
679.5824021310393 45.253968253968274 
802.923031547657 2.1234126984126984 
744.0763330086561 8.684126984126982 
671.5498884277674 70.90317460317463 
667.0247574271581 104.25753968253969 
662.9235734951496 117.6654761904762 
659.1682456054552 123.95198412698414 
655.6621816205611 147.18253968253967 
676.3983781977097 58.1571428571429 
655.5108976393234 180.9984126984126 

679.5824021310393 45.253968253968274 
802.923031547657 2.1234126984126984 
744.0763330086561 8.684126984126982 
671.5498884277674 70.90317460317463 
667.0247574271581 104.25753968253969 
662.9235734951496 117.6654761904762 
659.1682456054552 123.95198412698414 
655.6621816205611 147.18253968253967 
750.9864262911631 3.33452380952381 
676.3983781977097 58.1571428571429 
655.5108976393234 180.9984126984126 
715.8459378832257 19.302777777777774 
700.9144729180236 23.67023809523809 
687.1888802495035 30.521825396825392 

715.8459378832257 19.302777777777774 
700.9144729180236 23.67023809523809 
687.1888802495035 30.521825396825392 
679.5824021310393 45.253968253968274 
802.923031547657 2.1234126984126984 
744.0763330086561 8.684126984126982 
671.5498884277674 70.90317460317463 
667.0247574271581 104.25753968253969 
662.9235734951496 117.6654761904762 
659.1682456054552 123.95198412698414 
655.6621816205611 147.18253968253967 
750.9864262911631 3.33452380952381 
676.3983781977097 58.1571428571429 
655.5108976393234 180.9984126984126 

802.923031547657 2.1234126984126984 
744.0763330086561 8.684126984126982 
671.5498884277674 70.90317460317463 
667.0247574271581 104.25753968253969 
662.9235734951496 117.6654761904762 
659.1682456054552 123.95198412698414 
655.6621816205611 147.18253968253967 
750.9864262911631 3.33452380952381 
676.3983781977097 58.1571428571429 
655.5108976393234 180.9984126984126 
715.8459378832257 19.302777777777774 
700.9144729180236 23.67023809523809 
687.1888802495035 30.521825396825392 
679.5824021310393 45.253968253968274 

671.5498884277674 70.90317460317463 
667.0247574271581 104.25753968253969 
662.9235734951496 117.6654761904762 
659.1682456054552 123.95198412698414 
655.6621816205611 147.18253968253967 
702.300849111107 28.708333333333332 
676.3983781977097 58.1571428571429 
655.5108976393234 180.9984126984126 
750.9864262911631 3.33452380952381 
687.1888802495035 30.521825396825392 
802.923031547657 2.1234126984126984 
715.8459378832257 19.302777777777774 
679.5824021310393 45.253968253968274 

655.5108976393234 180.9984126984126 
750.9864262911631 3.33452380952381 
715.8459378832257 19.302777777777774 
700.9144729180236 23.67023809523809 
687.1888802495035 30.521825396825392 
679.5824021310393 45.253968253968274 
802.923031547657 2.1234126984126984 
744.0763330086561 8.684126984126982 
671.5498884277674 70.90317460317463 
667.0247574271581 104.25753968253969 
662.9235734951496 117.6654761904762 
659.1682456054552 123.95198412698414 
655.6621816205611 147.18253968253967 
676.3983781977097 58.1571428571429 

655.5108976393234 180.9984126984126 
700.9144729180236 23.67023809523809 
679.5824021310393 45.253968253968274 
802.923031547657 2.1234126984126984 
715.8459378832257 19.302777777777774 
744.0763330086561 8.684126984126982 
671.5498884277674 70.90317460317463 
655.6621816205611 147.18253968253967 
667.0247574271581 104.25753968253969 
659.1682456054552 123.95198412698414 
662.9235734951496 117.6654761904762 
750.9864262911631 3.33452380952381 

655.5108976393234 180.9984126984126 
715.8459378832257 19.302777777777774 
700.9144729180236 23.67023809523809 
687.1888802495035 30.521825396825392 
679.5824021310393 45.253968253968274 
673.6803024596239 79.76706349206351 
802.923031547657 2.1234126984126984 
744.0763330086561 8.684126984126982 
667.0247574271581 104.25753968253969 
659.1682456054552 123.95198412698414 
750.9864262911631 3.33452380952381 
676.3983781977097 58.1571428571429 

750.9864262911631 3.33452380952381 
715.8459378832257 19.302777777777774 
700.9144729180236 23.67023809523809 
687.1888802495035 30.521825396825392 
679.5824021310393 45.253968253968274 
802.923031547657 2.1234126984126984 
744.0763330086561 8.684126984126982 
671.5498884277674 70.90317460317463 
667.0247574271581 104.25753968253969 
662.9235734951496 117.6654761904762 
659.1682456054552 123.95198412698414 
655.6621816205611 147.18253968253967 
676.3983781977097 58.1571428571429 
655.5108976393234 180.9984126984126 

700.9144729180236 23.67023809523809 
687.1888802495035 30.521825396825392 
679.5824021310393 45.253968253968274 
802.923031547657 2.1234126984126984 
744.0763330086561 8.684126984126982 
671.5498884277674 70.90317460317463 
667.0247574271581 104.25753968253969 
662.9235734951496 117.6654761904762 
659.1682456054552 123.95198412698414 
655.6621816205611 147.18253968253967 
750.9864262911631 3.33452380952381 
676.3983781977097 58.1571428571429 
655.5108976393234 180.9984126984126 
715.8459378832257 19.302777777777774 

