748.4051186006137 5.953968253968254 
733.8656721932557 7.701984126984125 
802.923031547657 2.1234126984126984 
700.9759823711408 21.560317460317457 
715.9204790017527 17.19285714285714 
715.8459378832257 19.302777777777774 
700.9144729180236 23.67023809523809 
750.9864262911631 3.33452380952381 

744.0763330086561 8.684126984126982 
853.3238511938475 1.2111111111111112 
802.923031547657 2.1234126984126984 
750.9864262911631 3.33452380952381 
700.9144729180236 23.67023809523809 
715.8459378832257 19.302777777777774 
715.9204790017527 17.19285714285714 
700.9759823711408 21.560317460317457 
748.4051186006137 5.953968253968254 

802.923031547657 2.1234126984126984 
715.8459378832257 19.302777777777774 
750.9864262911631 3.33452380952381 
700.9144729180236 23.67023809523809 
715.9204790017527 17.19285714285714 
733.8656721932557 7.701984126984125 
700.9759823711408 21.560317460317457 
713.3391713112036 19.812301587301583 

748.4051186006137 5.953968253968254 
750.9864262911631 3.33452380952381 
733.8656721932557 7.701984126984125 
700.9144729180236 23.67023809523809 
715.8459378832257 19.302777777777774 
802.923031547657 2.1234126984126984 
715.9204790017527 17.19285714285714 
700.9759823711408 21.560317460317457 

748.4051186006137 5.953968253968254 
853.3238511938475 1.2111111111111112 
802.923031547657 2.1234126984126984 
715.8459378832257 19.302777777777774 
715.9204790017527 17.19285714285714 
733.8656721932557 7.701984126984125 
750.9864262911631 3.33452380952381 
700.9759823711408 21.560317460317457 
700.9144729180236 23.67023809523809 

713.3391713112036 19.812301587301583 
748.4051186006137 5.953968253968254 
802.923031547657 2.1234126984126984 
700.9759823711408 21.560317460317457 
750.9864262911631 3.33452380952381 
715.9204790017527 17.19285714285714 
715.8459378832257 19.302777777777774 
733.8656721932557 7.701984126984125 
700.9144729180236 23.67023809523809 

750.9864262911631 3.33452380952381 
733.8656721932557 7.701984126984125 
802.923031547657 2.1234126984126984 
715.8459378832257 19.302777777777774 
715.9204790017527 17.19285714285714 
700.9759823711408 21.560317460317457 
700.9144729180236 23.67023809523809 

750.9864262911631 3.33452380952381 
715.8459378832257 19.302777777777774 
733.8656721932557 7.701984126984125 
715.9204790017527 17.19285714285714 
700.9144729180236 23.67023809523809 
700.9759823711408 21.560317460317457 
802.923031547657 2.1234126984126984 

744.0763330086561 8.684126984126982 
700.9144729180236 23.67023809523809 
748.4051186006137 5.953968253968254 
802.923031547657 2.1234126984126984 
715.9204790017527 17.19285714285714 
750.9864262911631 3.33452380952381 
715.8459378832257 19.302777777777774 

733.8656721932557 7.701984126984125 
750.9864262911631 3.33452380952381 
715.9204790017527 17.19285714285714 
700.9759823711408 21.560317460317457 
700.9144729180236 23.67023809523809 
715.8459378832257 19.302777777777774 
802.923031547657 2.1234126984126984 

733.8656721932557 7.701984126984125 
748.4051186006137 5.953968253968254 
802.923031547657 2.1234126984126984 
715.9204790017527 17.19285714285714 
700.9144729180236 23.67023809523809 
750.9864262911631 3.33452380952381 
700.9759823711408 21.560317460317457 
715.8459378832257 19.302777777777774 

715.8459378832257 19.302777777777774 
866.5090543366972 0.0 
715.9204790017527 17.19285714285714 
700.9759823711408 21.560317460317457 
700.9144729180236 23.67023809523809 
802.923031547657 2.1234126984126984 
733.8656721932557 7.701984126984125 
750.9864262911631 3.33452380952381 

715.8459378832257 19.302777777777774 
700.9144729180236 23.67023809523809 
750.9864262911631 3.33452380952381 
733.8656721932557 7.701984126984125 
802.923031547657 2.1234126984126984 
715.9204790017527 17.19285714285714 

802.923031547657 2.1234126984126984 
744.0763330086561 8.684126984126982 
700.9759823711408 21.560317460317457 
748.4051186006137 5.953968253968254 
715.9204790017527 17.19285714285714 
715.8459378832257 19.302777777777774 
700.9144729180236 23.67023809523809 
750.9864262911631 3.33452380952381 

750.9864262911631 3.33452380952381 
733.8656721932557 7.701984126984125 
802.923031547657 2.1234126984126984 
701.216620210572 21.42579365079365 
715.8459378832257 19.302777777777774 
716.1609576243036 17.058333333333334 
715.9204790017527 17.19285714285714 
700.9144729180236 23.67023809523809 
700.9759823711408 21.560317460317457 

748.4051186006137 5.953968253968254 
750.9864262911631 3.33452380952381 
802.923031547657 2.1234126984126984 
733.8656721932557 7.701984126984125 
715.9204790017527 17.19285714285714 
700.9144729180236 23.67023809523809 
715.8459378832257 19.302777777777774 
700.9759823711408 21.560317460317457 

750.9864262911631 3.33452380952381 
733.8656721932557 7.701984126984125 
715.9204790017527 17.19285714285714 
700.9144729180236 23.67023809523809 
700.9759823711408 21.560317460317457 
802.923031547657 2.1234126984126984 
715.8459378832257 19.302777777777774 

700.9144729180236 23.67023809523809 
750.9864262911631 3.33452380952381 
715.8459378832257 19.302777777777774 
700.9759823711408 21.560317460317457 
715.9204790017527 17.19285714285714 
802.923031547657 2.1234126984126984 
733.8656721932557 7.701984126984125 

748.4051186006137 5.953968253968254 
700.9759823711408 21.560317460317457 
700.9144729180236 23.67023809523809 
733.8656721932557 7.701984126984125 
750.9864262911631 3.33452380952381 
715.9204790017527 17.19285714285714 
715.8459378832257 19.302777777777774 
802.923031547657 2.1234126984126984 

733.8656721932557 7.701984126984125 
802.923031547657 2.1234126984126984 
700.9144729180236 23.67023809523809 
750.9864262911631 3.33452380952381 
715.8459378832257 19.302777777777774 
715.9204790017527 17.19285714285714 
700.9759823711408 21.560317460317457 

733.8656721932557 7.701984126984125 
802.923031547657 2.1234126984126984 
715.8459378832257 19.302777777777774 
715.9204790017527 17.19285714285714 
750.9864262911631 3.33452380952381 
700.9144729180236 23.67023809523809 
700.9759823711408 21.560317460317457 

700.9759823711408 21.560317460317457 
713.3391713112036 19.812301587301583 
733.8656721932557 7.701984126984125 
715.9204790017527 17.19285714285714 
700.9144729180236 23.67023809523809 
715.8459378832257 19.302777777777774 
802.923031547657 2.1234126984126984 
750.9864262911631 3.33452380952381 

744.0763330086561 8.684126984126982 
750.9864262911631 3.33452380952381 
802.923031547657 2.1234126984126984 
715.8459378832257 19.302777777777774 
700.9759823711408 21.560317460317457 
700.9144729180236 23.67023809523809 
715.9204790017527 17.19285714285714 

744.0763330086561 8.684126984126982 
802.923031547657 2.1234126984126984 
750.9864262911631 3.33452380952381 
700.9759823711408 21.560317460317457 
715.9204790017527 17.19285714285714 
700.9144729180236 23.67023809523809 
715.8459378832257 19.302777777777774 

802.923031547657 2.1234126984126984 
700.9759823711408 21.560317460317457 
750.9864262911631 3.33452380952381 
733.8656721932557 7.701984126984125 
715.8459378832257 19.302777777777774 
700.9144729180236 23.67023809523809 
715.9204790017527 17.19285714285714 
713.3391713112036 19.812301587301583 

802.923031547657 2.1234126984126984 
715.9204790017527 17.19285714285714 
715.8459378832257 19.302777777777774 
733.8656721932557 7.701984126984125 
700.9759823711408 21.560317460317457 
713.3391713112036 19.812301587301583 
750.9864262911631 3.33452380952381 
700.9144729180236 23.67023809523809 

713.3391713112036 19.812301587301583 
750.9864262911631 3.33452380952381 
802.923031547657 2.1234126984126984 
733.8656721932557 7.701984126984125 
700.9759823711408 21.560317460317457 
715.9204790017527 17.19285714285714 
715.8459378832257 19.302777777777774 
700.9144729180236 23.67023809523809 

802.923031547657 2.1234126984126984 
750.9864262911631 3.33452380952381 
733.8656721932557 7.701984126984125 
700.9759823711408 21.560317460317457 
713.3391713112036 19.812301587301583 
715.8459378832257 19.302777777777774 
715.9204790017527 17.19285714285714 
700.9144729180236 23.67023809523809 

750.9864262911631 3.33452380952381 
715.8459378832257 19.302777777777774 
802.923031547657 2.1234126984126984 
700.9144729180236 23.67023809523809 
733.8656721932557 7.701984126984125 
715.9204790017527 17.19285714285714 
700.9759823711408 21.560317460317457 

713.3391713112036 19.812301587301583 
750.9864262911631 3.33452380952381 
802.923031547657 2.1234126984126984 
700.9144729180236 23.67023809523809 
733.8656721932557 7.701984126984125 
715.9204790017527 17.19285714285714 
700.9759823711408 21.560317460317457 
715.8459378832257 19.302777777777774 

