800.3417238571076 4.742857142857142 
733.8656721932557 7.701984126984125 
715.5186019624523 15.61587301587301 
748.4051186006137 5.953968253968254 
731.2843645027064 10.32142857142857 
659.1682456054552 123.95198412698414 
671.5498884277674 70.90317460317463 
699.2550401050152 26.66388888888888 
709.1423786924473 23.507142857142856 
687.2564796343654 28.411904761904758 
729.9497274790177 12.805555555555554 
664.8673968052099 86.9305555555556 
700.9144729180236 23.67023809523809 
802.923031547657 2.1234126984126984 
678.6922488746741 52.25277777777781 
662.9235734951496 117.6654761904762 
712.9372942719032 18.235317460317454 
676.3983781977097 58.1571428571429 
711.7236863829964 20.887698412698413 
673.8170705071605 60.77658730158734 
655.5108976393234 180.9984126984126 
679.5824021310393 45.253968253968274 

733.8656721932557 7.701984126984125 
732.5310351695668 10.186111111111108 
698.3946746805916 24.1797619047619 
697.6972415714274 26.562698412698413 
673.5522271312219 60.27103174603178 
659.1682456054552 123.95198412698414 
662.9235734951496 117.6654761904762 
679.5824021310393 45.253968253968274 
802.923031547657 2.1234126984126984 
667.0247574271581 104.25753968253969 
671.5498884277674 70.90317460317463 
679.770362965583 41.4230158730159 
687.2564796343654 28.411904761904758 
655.5108976393234 180.9984126984126 
676.3983781977097 58.1571428571429 
677.3501798390672 46.54920634920637 
700.9759823711408 21.560317460317457 
714.8711929258757 14.553571428571423 

662.9235734951496 117.6654761904762 
733.8656721932557 7.701984126984125 
679.5824021310393 45.253968253968274 
667.0247574271581 104.25753968253969 
732.5310351695668 10.186111111111108 
659.1682456054552 123.95198412698414 
700.9144729180236 23.67023809523809 
679.770362965583 41.4230158730159 
700.9759823711408 21.560317460317457 
715.5186019624523 15.61587301587301 
655.5108976393234 180.9984126984126 
671.5498884277674 70.90317460317463 
802.923031547657 2.1234126984126984 
687.2564796343654 28.411904761904758 
676.3983781977097 58.1571428571429 

802.923031547657 2.1234126984126984 
659.1682456054552 123.95198412698414 
655.5108976393234 180.9984126984126 
687.2564796343654 28.411904761904758 
679.770362965583 41.4230158730159 
700.9759823711408 21.560317460317457 
679.5824021310393 45.253968253968274 
714.8711929258757 14.553571428571423 
733.8656721932557 7.701984126984125 
733.130540636821 11.248412698412695 
678.246150035555 55.760714285714315 
667.0247574271581 104.25753968253969 
700.9144729180236 23.67023809523809 
671.5498884277674 70.90317460317463 
676.3983781977097 58.1571428571429 
662.9235734951496 117.6654761904762 

754.3705134628344 7.590873015873014 
732.5310351695668 10.186111111111108 
802.923031547657 2.1234126984126984 
671.5498884277674 70.90317460317463 
655.5108976393234 180.9984126984126 
676.3983781977097 58.1571428571429 
687.2564796343654 28.411904761904758 
662.9235734951496 117.6654761904762 
733.8656721932557 7.701984126984125 
659.1682456054552 123.95198412698414 
785.7115019660882 6.490873015873015 
700.9144729180236 23.67023809523809 
679.5824021310393 45.253968253968274 
714.8711929258757 14.553571428571423 
678.246150035555 55.760714285714315 
679.6750300917608 42.15238095238098 
700.9759823711408 21.560317460317457 
666.8159792123571 102.82857142857142 
679.6280071092663 43.14404761904764 

667.0247574271581 104.25753968253969 
670.5484189366383 88.16230158730161 
679.5824021310393 45.253968253968274 
675.6932135886302 56.59126984126988 
733.8656721932557 7.701984126984125 
802.923031547657 2.1234126984126984 
687.2564796343654 28.411904761904758 
700.9759823711408 21.560317460317457 
700.9144729180236 23.67023809523809 
679.6631881183328 40.632936507936535 
662.9235734951496 117.6654761904762 
678.2811833763169 53.65079365079369 
671.5498884277674 70.90317460317463 
659.1682456054552 123.95198412698414 
655.5108976393234 180.9984126984126 
714.8711929258757 14.553571428571423 
679.6280071092663 43.14404761904764 

678.2811833763169 53.65079365079369 
733.8656721932557 7.701984126984125 
676.3983781977097 58.1571428571429 
667.0247574271581 104.25753968253969 
655.5108976393234 180.9984126984126 
687.2564796343654 28.411904761904758 
679.5824021310393 45.253968253968274 
785.7115019660882 6.490873015873015 
714.8711929258757 14.553571428571423 
732.5310351695668 10.186111111111108 
700.9144729180236 23.67023809523809 
662.9235734951496 117.6654761904762 
671.5498884277674 70.90317460317463 
659.1682456054552 123.95198412698414 
802.923031547657 2.1234126984126984 

785.7115019660882 6.490873015873015 
733.8656721932557 7.701984126984125 
802.923031547657 2.1234126984126984 
662.9235734951496 117.6654761904762 
732.5310351695668 10.186111111111108 
700.9144729180236 23.67023809523809 
700.9759823711408 21.560317460317457 
679.5824021310393 45.253968253968274 
671.5498884277674 70.90317460317463 
659.1682456054552 123.95198412698414 
655.5108976393234 180.9984126984126 
676.3983781977097 58.1571428571429 
687.2564796343654 28.411904761904758 
667.0247574271581 104.25753968253969 
714.8711929258757 14.553571428571423 
683.6488766588778 34.274206349206345 
687.1888802495035 30.521825396825392 

687.2564796343654 28.411904761904758 
662.9235734951496 117.6654761904762 
802.923031547657 2.1234126984126984 
714.8711929258757 14.553571428571423 
700.9144729180236 23.67023809523809 
676.3983781977097 58.1571428571429 
732.5310351695668 10.186111111111108 
680.0242463573381 42.85198412698416 
678.2811833763169 53.65079365079369 
700.9759823711408 21.560317460317457 
679.5824021310393 45.253968253968274 
659.1682456054552 123.95198412698414 
667.0247574271581 104.25753968253969 
733.8656721932557 7.701984126984125 
655.5108976393234 180.9984126984126 
671.5498884277674 70.90317460317463 

676.3983781977097 58.1571428571429 
685.5914732488661 37.49603174603176 
785.7115019660882 6.490873015873015 
700.9759823711408 21.560317460317457 
700.9144729180236 23.67023809523809 
802.923031547657 2.1234126984126984 
662.9235734951496 117.6654761904762 
715.5186019624523 15.61587301587301 
659.1682456054552 123.95198412698414 
733.8656721932557 7.701984126984125 
679.5824021310393 45.253968253968274 
687.2564796343654 28.411904761904758 
667.0247574271581 104.25753968253969 
671.5498884277674 70.90317460317463 
678.2811833763169 53.65079365079369 
655.5108976393234 180.9984126984126 

713.3517803377122 19.109523809523804 
700.9144729180236 23.67023809523809 
802.923031547657 2.1234126984126984 
671.5498884277674 70.90317460317463 
748.5161819366699 5.505158730158729 
679.5824021310393 45.253968253968274 
730.0455915175594 12.35674603174603 
714.8711929258757 14.553571428571423 
659.1682456054552 123.95198412698414 
700.9759823711408 21.560317460317457 
679.770362965583 41.4230158730159 
676.3983781977097 58.1571428571429 
687.2564796343654 28.411904761904758 
662.9235734951496 117.6654761904762 
655.5108976393234 180.9984126984126 
666.3793276683479 99.81626984126983 
732.5310351695668 10.186111111111108 
678.246150035555 55.760714285714315 
744.0763330086561 8.684126984126982 

662.9235734951496 117.6654761904762 
715.8459378832257 19.302777777777774 
802.923031547657 2.1234126984126984 
687.2564796343654 28.411904761904758 
679.5824021310393 45.253968253968274 
675.0063366267836 58.19880952380956 
715.9204790017527 17.19285714285714 
785.7115019660882 6.490873015873015 
655.5108976393234 180.9984126984126 
700.9144729180236 23.67023809523809 
733.8656721932557 7.701984126984125 
730.0455915175594 12.35674603174603 
659.1682456054552 123.95198412698414 
679.770362965583 41.4230158730159 
700.9759823711408 21.560317460317457 
671.5498884277674 70.90317460317463 
667.0247574271581 104.25753968253969 

659.1682456054552 123.95198412698414 
715.8459378832257 19.302777777777774 
730.5685650342059 15.535714285714281 
671.5498884277674 70.90317460317463 
662.9235734951496 117.6654761904762 
715.9204790017527 17.19285714285714 
668.5611931044701 100.32738095238095 
802.923031547657 2.1234126984126984 
744.0763330086561 8.684126984126982 
676.3983781977097 58.1571428571429 
679.5824021310393 45.253968253968274 
687.2564796343654 28.411904761904758 
655.5108976393234 180.9984126984126 
685.5238738640041 39.605952380952395 
700.9759823711408 21.560317460317457 
667.0247574271581 104.25753968253969 
678.2811833763169 53.65079365079369 
700.9144729180236 23.67023809523809 

700.9144729180236 23.67023809523809 
676.3983781977097 58.1571428571429 
679.5824021310393 45.253968253968274 
655.5108976393234 180.9984126984126 
715.5186019624523 15.61587301587301 
659.1682456054552 123.95198412698414 
662.9235734951496 117.6654761904762 
802.923031547657 2.1234126984126984 
732.5310351695668 10.186111111111108 
733.8656721932557 7.701984126984125 
667.0247574271581 104.25753968253969 
687.2564796343654 28.411904761904758 
678.2811833763169 53.65079365079369 
671.5498884277674 70.90317460317463 
750.9864262911631 3.33452380952381 

671.5498884277674 70.90317460317463 
662.9235734951496 117.6654761904762 
687.1888802495035 30.521825396825392 
714.8711929258757 14.553571428571423 
732.5310351695668 10.186111111111108 
687.2564796343654 28.411904761904758 
676.3983781977097 58.1571428571429 
748.4051186006137 5.953968253968254 
679.5824021310393 45.253968253968274 
729.9497274790177 12.805555555555554 
750.9864262911631 3.33452380952381 
655.5108976393234 180.9984126984126 
667.0247574271581 104.25753968253969 
659.1682456054552 123.95198412698414 
733.8656721932557 7.701984126984125 
700.9144729180236 23.67023809523809 
866.5090543366972 0.0 

802.923031547657 2.1234126984126984 
732.5310351695668 10.186111111111108 
733.8656721932557 7.701984126984125 
700.9759823711408 21.560317460317457 
659.1682456054552 123.95198412698414 
671.5498884277674 70.90317460317463 
700.9144729180236 23.67023809523809 
687.2564796343654 28.411904761904758 
679.5824021310393 45.253968253968274 
667.0247574271581 104.25753968253969 
662.9235734951496 117.6654761904762 
655.5108976393234 180.9984126984126 
676.3983781977097 58.1571428571429 
715.5186019624523 15.61587301587301 

659.1682456054552 123.95198412698414 
802.923031547657 2.1234126984126984 
678.2811833763169 53.65079365079369 
715.9204790017527 17.19285714285714 
731.1714125054402 16.59801587301587 
733.8656721932557 7.701984126984125 
700.9144729180236 23.67023809523809 
676.3983781977097 58.1571428571429 
687.2564796343654 28.411904761904758 
679.5824021310393 45.253968253968274 
667.0247574271581 104.25753968253969 
715.8459378832257 19.302777777777774 
671.5498884277674 70.90317460317463 
700.9759823711408 21.560317460317457 
662.9235734951496 117.6654761904762 
655.5108976393234 180.9984126984126 
732.0959332756156 14.553571428571423 

677.9856145850188 50.56269841269844 
729.9497274790177 12.805555555555554 
733.8656721932557 7.701984126984125 
679.770362965583 41.4230158730159 
698.3946746805916 24.1797619047619 
679.5824021310393 45.253968253968274 
684.6751719438162 31.0313492063492 
671.5498884277674 70.90317460317463 
714.8711929258757 14.553571428571423 
731.2843645027064 10.32142857142857 
748.4051186006137 5.953968253968254 
713.3391713112036 19.812301587301583 
677.4485262708417 55.99484126984132 
662.9235734951496 117.6654761904762 
675.327719416114 57.18134920634925 
687.2564796343654 28.411904761904758 
700.9759823711408 21.560317460317457 
655.5108976393234 180.9984126984126 
667.0247574271581 104.25753968253969 
659.1682456054552 123.95198412698414 
802.923031547657 2.1234126984126984 

687.2564796343654 28.411904761904758 
662.9235734951496 117.6654761904762 
732.5310351695668 10.186111111111108 
700.9144729180236 23.67023809523809 
659.1682456054552 123.95198412698414 
678.2811833763169 53.65079365079369 
700.9759823711408 21.560317460317457 
802.923031547657 2.1234126984126984 
744.0763330086561 8.684126984126982 
676.3983781977097 58.1571428571429 
715.5186019624523 15.61587301587301 
667.0247574271581 104.25753968253969 
713.0289135987334 17.786507936507935 
655.5108976393234 180.9984126984126 
683.1296731462594 40.904761904761926 
679.5824021310393 45.253968253968274 
730.0455915175594 12.35674603174603 
671.5498884277674 70.90317460317463 
671.3911729736625 89.57698412698414 

731.2843645027064 10.32142857142857 
733.8656721932557 7.701984126984125 
800.3417238571076 4.742857142857142 
671.5498884277674 70.90317460317463 
675.1246667142132 56.144444444444474 
678.0283291514471 47.811507936507965 
700.9759823711408 21.560317460317457 
712.9372942719032 18.235317460317454 
714.8711929258757 14.553571428571423 
729.9497274790177 12.805555555555554 
802.923031547657 2.1234126984126984 
687.2564796343654 28.411904761904758 
684.6751719438162 31.0313492063492 
679.5824021310393 45.253968253968274 
659.1682456054552 123.95198412698414 
673.2558353828069 57.64206349206353 
748.4051186006137 5.953968253968254 
679.872102941755 42.608333333333356 
698.3946746805916 24.1797619047619 
670.6775550846301 102.3436507936508 
655.5108976393234 180.9984126984126 
667.0247574271581 104.25753968253969 
662.9235734951496 117.6654761904762 

676.3983781977097 58.1571428571429 
687.2564796343654 28.411904761904758 
700.9759823711408 21.560317460317457 
802.923031547657 2.1234126984126984 
659.1682456054552 123.95198412698414 
679.5824021310393 45.253968253968274 
715.8459378832257 19.302777777777774 
671.5498884277674 70.90317460317463 
730.0455915175594 12.35674603174603 
667.0247574271581 104.25753968253969 
700.9144729180236 23.67023809523809 
655.5108976393234 180.9984126984126 
685.5914732488661 37.49603174603176 
715.9204790017527 17.19285714285714 
662.9235734951496 117.6654761904762 
744.0763330086561 8.684126984126982 
732.5310351695668 10.186111111111108 

733.8656721932557 7.701984126984125 
676.3983781977097 58.1571428571429 
715.5186019624523 15.61587301587301 
700.9759823711408 21.560317460317457 
700.9144729180236 23.67023809523809 
679.5824021310393 45.253968253968274 
733.130540636821 11.248412698412695 
671.5498884277674 70.90317460317463 
671.3120120727467 88.37698412698414 
802.923031547657 2.1234126984126984 
662.9235734951496 117.6654761904762 
659.1682456054552 123.95198412698414 
678.246150035555 55.760714285714315 
679.770362965583 41.4230158730159 
687.2564796343654 28.411904761904758 
666.4635223028044 101.12301587301586 
715.0573336011701 16.663492063492058 
655.5108976393234 180.9984126984126 

700.9759823711408 21.560317460317457 
679.5824021310393 45.253968253968274 
655.5108976393234 180.9984126984126 
730.0455915175594 12.35674603174603 
802.923031547657 2.1234126984126984 
714.8711929258757 14.553571428571423 
662.9235734951496 117.6654761904762 
671.5498884277674 70.90317460317463 
699.2088378414749 25.747619047619047 
667.0247574271581 104.25753968253969 
659.1682456054552 123.95198412698414 
748.5161819366699 5.505158730158729 
684.6751719438162 31.0313492063492 
733.130540636821 11.248412698412695 
675.1430830728573 56.78452380952385 
669.722341285836 101.734126984127 
683.6122144054299 42.82222222222224 
712.3801626219374 16.724206349206344 
687.2564796343654 28.411904761904758 
700.9144729180236 23.67023809523809 
671.3873476713355 92.65000000000002 
733.8656721932557 7.701984126984125 

676.3983781977097 58.1571428571429 
733.1374610309826 12.691666666666661 
659.1682456054552 123.95198412698414 
667.0247574271581 104.25753968253969 
733.8656721932557 7.701984126984125 
655.5108976393234 180.9984126984126 
700.9759823711408 21.560317460317457 
671.5498884277674 70.90317460317463 
700.9144729180236 23.67023809523809 
714.8711929258757 14.553571428571423 
679.5824021310393 45.253968253968274 
678.2811833763169 53.65079365079369 
687.2564796343654 28.411904761904758 
802.923031547657 2.1234126984126984 
662.9235734951496 117.6654761904762 
750.9864262911631 3.33452380952381 

785.7115019660882 6.490873015873015 
700.9759823711408 21.560317460317457 
666.8376690903614 101.11071428571428 
715.8459378832257 19.302777777777774 
759.7654145963118 7.701984126984125 
732.5310351695668 10.186111111111108 
715.9204790017527 17.19285714285714 
671.5498884277674 70.90317460317463 
731.1714125054402 16.59801587301587 
684.9431225754859 35.13214285714285 
679.5824021310393 45.253968253968274 
744.0763330086561 8.684126984126982 
655.5108976393234 180.9984126984126 
662.9235734951496 117.6654761904762 
682.9086324281365 42.83611111111112 
802.923031547657 2.1234126984126984 
659.1682456054552 123.95198412698414 
673.7882954611197 56.82658730158731 
727.9467769479331 16.629761904761903 
678.246150035555 55.760714285714315 
687.2564796343654 28.411904761904758 
700.9144729180236 23.67023809523809 

676.3983781977097 58.1571428571429 
698.3946746805916 24.1797619047619 
700.9759823711408 21.560317460317457 
667.0247574271581 104.25753968253969 
715.5186019624523 15.61587301587301 
679.5824021310393 45.253968253968274 
686.1221458986579 42.31269841269843 
733.8656721932557 7.701984126984125 
687.2564796343654 28.411904761904758 
662.9235734951496 117.6654761904762 
671.5498884277674 70.90317460317463 
655.5108976393234 180.9984126984126 
733.130540636821 11.248412698412695 
802.923031547657 2.1234126984126984 
659.1682456054552 123.95198412698414 

733.130540636821 11.248412698412695 
715.5186019624523 15.61587301587301 
662.9235734951496 117.6654761904762 
671.5498884277674 70.90317460317463 
715.0573336011701 16.663492063492058 
700.9144729180236 23.67023809523809 
678.246150035555 55.760714285714315 
659.1682456054552 123.95198412698414 
676.3983781977097 58.1571428571429 
700.9759823711408 21.560317460317457 
679.5824021310393 45.253968253968274 
733.8656721932557 7.701984126984125 
802.923031547657 2.1234126984126984 
687.2564796343654 28.411904761904758 
667.0247574271581 104.25753968253969 
655.5108976393234 180.9984126984126 

731.2843645027064 10.32142857142857 
678.2811833763169 53.65079365079369 
662.9235734951496 117.6654761904762 
679.6631881183328 40.632936507936535 
676.3983781977097 58.1571428571429 
748.4051186006137 5.953968253968254 
729.9497274790177 12.805555555555554 
714.8711929258757 14.553571428571423 
700.9144729180236 23.67023809523809 
659.1682456054552 123.95198412698414 
712.2898852353263 17.17301587301587 
733.8656721932557 7.701984126984125 
802.923031547657 2.1234126984126984 
679.5824021310393 45.253968253968274 
671.5498884277674 70.90317460317463 
700.9759823711408 21.560317460317457 
687.2564796343654 28.411904761904758 
667.0247574271581 104.25753968253969 
655.5108976393234 180.9984126984126 

687.1888802495035 30.521825396825392 
712.9372942719032 18.235317460317454 
687.2564796343654 28.411904761904758 
808.7929757467467 1.2111111111111112 
700.9759823711408 21.560317460317457 
700.9144729180236 23.67023809523809 
678.246150035555 55.760714285714315 
732.5310351695668 10.186111111111108 
655.5108976393234 180.9984126984126 
669.3093576360332 94.01984126984128 
671.5498884277674 70.90317460317463 
733.8656721932557 7.701984126984125 
748.4051186006137 5.953968253968254 
679.5824021310393 45.253968253968274 
662.9235734951496 117.6654761904762 
729.9497274790177 12.805555555555554 
715.5186019624523 15.61587301587301 
676.3983781977097 58.1571428571429 
659.1682456054552 123.95198412698414 
750.9864262911631 3.33452380952381 
667.0247574271581 104.25753968253969 

662.9235734951496 117.6654761904762 
676.3983781977097 58.1571428571429 
744.0763330086561 8.684126984126982 
715.8459378832257 19.302777777777774 
731.1714125054402 16.59801587301587 
700.9144729180236 23.67023809523809 
679.5824021310393 45.253968253968274 
659.1682456054552 123.95198412698414 
700.9759823711408 21.560317460317457 
687.2564796343654 28.411904761904758 
655.5108976393234 180.9984126984126 
667.0247574271581 104.25753968253969 
802.923031547657 2.1234126984126984 
715.9204790017527 17.19285714285714 
671.5498884277674 70.90317460317463 

