700.9759823711408 21.560317460317457 
715.9204790017527 17.19285714285714 
750.9864262911631 3.33452380952381 

700.9759823711408 21.560317460317457 
715.9204790017527 17.19285714285714 
750.9864262911631 3.33452380952381 

700.9759823711408 21.560317460317457 
715.9204790017527 17.19285714285714 
750.9864262911631 3.33452380952381 

700.9759823711408 21.560317460317457 
715.9204790017527 17.19285714285714 
750.9864262911631 3.33452380952381 

700.9759823711408 21.560317460317457 
715.9204790017527 17.19285714285714 
733.8656721932557 7.701984126984125 
750.9864262911631 3.33452380952381 

700.9759823711408 21.560317460317457 
715.9204790017527 17.19285714285714 
733.8656721932557 7.701984126984125 
750.9864262911631 3.33452380952381 

700.9759823711408 21.560317460317457 
715.9204790017527 17.19285714285714 
733.8656721932557 7.701984126984125 

700.9759823711408 21.560317460317457 
715.9204790017527 17.19285714285714 
750.9864262911631 3.33452380952381 

700.9759823711408 21.560317460317457 
715.9204790017527 17.19285714285714 
750.9864262911631 3.33452380952381 

700.9759823711408 21.560317460317457 
715.9204790017527 17.19285714285714 
733.8656721932557 7.701984126984125 

700.9759823711408 21.560317460317457 
715.9204790017527 17.19285714285714 
750.9864262911631 3.33452380952381 

700.9759823711408 21.560317460317457 
715.9204790017527 17.19285714285714 
750.9864262911631 3.33452380952381 

700.9759823711408 21.560317460317457 
715.9204790017527 17.19285714285714 
733.8656721932557 7.701984126984125 
750.9864262911631 3.33452380952381 

700.9759823711408 21.560317460317457 
715.9204790017527 17.19285714285714 
733.8656721932557 7.701984126984125 

700.9759823711408 21.560317460317457 
715.9204790017527 17.19285714285714 
750.9864262911631 3.33452380952381 

700.9759823711408 21.560317460317457 
715.9204790017527 17.19285714285714 
733.8656721932557 7.701984126984125 

700.9759823711408 21.560317460317457 
715.9204790017527 17.19285714285714 
733.8656721932557 7.701984126984125 
750.9864262911631 3.33452380952381 

700.9759823711408 21.560317460317457 
715.9204790017527 17.19285714285714 
733.8656721932557 7.701984126984125 
750.9864262911631 3.33452380952381 

700.9759823711408 21.560317460317457 
715.9204790017527 17.19285714285714 
733.8656721932557 7.701984126984125 
750.9864262911631 3.33452380952381 

700.9759823711408 21.560317460317457 
715.9204790017527 17.19285714285714 
733.8656721932557 7.701984126984125 
750.9864262911631 3.33452380952381 

700.9759823711408 21.560317460317457 
715.9204790017527 17.19285714285714 
750.9864262911631 3.33452380952381 

700.9759823711408 21.560317460317457 
715.9204790017527 17.19285714285714 
750.9864262911631 3.33452380952381 

700.9759823711408 21.560317460317457 
701.216620210572 21.42579365079365 
715.9204790017527 17.19285714285714 
716.1609576243036 17.058333333333334 
733.8656721932557 7.701984126984125 

700.9144729180236 23.67023809523809 
700.9759823711408 21.560317460317457 
701.216620210572 21.42579365079365 
716.1609576243036 17.058333333333334 
733.8656721932557 7.701984126984125 

700.9759823711408 21.560317460317457 
715.9204790017527 17.19285714285714 
733.8656721932557 7.701984126984125 
750.9864262911631 3.33452380952381 

700.9759823711408 21.560317460317457 
715.9204790017527 17.19285714285714 
750.9864262911631 3.33452380952381 

700.9759823711408 21.560317460317457 
715.9204790017527 17.19285714285714 
733.8656721932557 7.701984126984125 
750.9864262911631 3.33452380952381 

700.9759823711408 21.560317460317457 
715.9204790017527 17.19285714285714 
750.9864262911631 3.33452380952381 

700.9759823711408 21.560317460317457 
715.9204790017527 17.19285714285714 
750.9864262911631 3.33452380952381 

700.9759823711408 21.560317460317457 
715.9204790017527 17.19285714285714 
733.8656721932557 7.701984126984125 

