671.5498884277674 70.90317460317463 
667.0247574271581 104.25753968253969 
662.9235734951496 117.6654761904762 
659.1682456054552 123.95198412698414 
655.6621816205611 147.18253968253967 
676.3983781977097 58.1571428571429 
655.5108976393234 180.9984126984126 
669.6272117372703 101.7718253968254 
679.9307514351237 41.138492063492095 
678.246150035555 55.760714285714315 
675.3639040815702 59.18730158730162 
679.5824021310393 45.253968253968274 
687.5318239716096 28.277380952380952 
679.8836253562503 43.93333333333335 
701.216620210572 21.42579365079365 
802.923031547657 2.1234126984126984 
733.8656721932557 7.701984126984125 
700.9144729180236 23.67023809523809 
750.9864262911631 3.33452380952381 
732.5310351695668 10.186111111111108 
687.1888802495035 30.521825396825392 
714.8711929258757 14.553571428571423 
687.2564796343654 28.411904761904758 
700.9759823711408 21.560317460317457 

671.5498884277674 70.90317460317463 
667.0247574271581 104.25753968253969 
662.9235734951496 117.6654761904762 
659.1682456054552 123.95198412698414 
655.6621816205611 147.18253968253967 
655.5108976393234 180.9984126984126 
679.5824021310393 45.253968253968274 
673.7882954611197 56.82658730158731 
671.2360160714446 91.29246031746032 
750.9864262911631 3.33452380952381 
687.2564796343654 28.411904761904758 
732.5310351695668 10.186111111111108 
733.8656721932557 7.701984126984125 
679.6175951375019 42.74285714285717 
700.9144729180236 23.67023809523809 
802.923031547657 2.1234126984126984 
714.8711929258757 14.553571428571423 
687.1888802495035 30.521825396825392 
700.9759823711408 21.560317460317457 

679.5824021310393 45.253968253968274 
671.5498884277674 70.90317460317463 
667.0247574271581 104.25753968253969 
662.9235734951496 117.6654761904762 
659.1682456054552 123.95198412698414 
655.6621816205611 147.18253968253967 
676.3983781977097 58.1571428571429 
655.5108976393234 180.9984126984126 
670.6895518863616 103.45873015873018 
685.5914732488661 37.49603174603176 
714.8711929258757 14.553571428571423 
700.9144729180236 23.67023809523809 
733.8656721932557 7.701984126984125 
687.1888802495035 30.521825396825392 
802.923031547657 2.1234126984126984 
732.5310351695668 10.186111111111108 
750.9864262911631 3.33452380952381 
700.9759823711408 21.560317460317457 
687.2564796343654 28.411904761904758 

671.5498884277674 70.90317460317463 
667.0247574271581 104.25753968253969 
662.9235734951496 117.6654761904762 
659.1682456054552 123.95198412698414 
655.6621816205611 147.18253968253967 
676.3983781977097 58.1571428571429 
655.5108976393234 180.9984126984126 
679.5824021310393 45.253968253968274 
678.246150035555 55.760714285714315 
679.4082639825704 52.757142857142895 
750.9864262911631 3.33452380952381 
700.9759823711408 21.560317460317457 
802.923031547657 2.1234126984126984 
732.5310351695668 10.186111111111108 
714.8711929258757 14.553571428571423 
700.9144729180236 23.67023809523809 
687.1888802495035 30.521825396825392 
687.2564796343654 28.411904761904758 
733.8656721932557 7.701984126984125 
808.7929757467467 1.2111111111111112 

655.5108976393234 180.9984126984126 
679.5824021310393 45.253968253968274 
671.5498884277674 70.90317460317463 
667.0247574271581 104.25753968253969 
662.9235734951496 117.6654761904762 
659.1682456054552 123.95198412698414 
655.6621816205611 147.18253968253967 
680.6096368419965 45.192063492063525 
714.8711929258757 14.553571428571423 
675.1430830728573 56.78452380952385 
748.4051186006137 5.953968253968254 
687.2564796343654 28.411904761904758 
808.7929757467467 1.2111111111111112 
700.9144729180236 23.67023809523809 
687.1888802495035 30.521825396825392 
729.9497274790177 12.805555555555554 
700.9759823711408 21.560317460317457 
750.9864262911631 3.33452380952381 
732.5310351695668 10.186111111111108 
802.923031547657 2.1234126984126984 
733.8656721932557 7.701984126984125 

655.5108976393234 180.9984126984126 
679.5824021310393 45.253968253968274 
671.5498884277674 70.90317460317463 
667.0247574271581 104.25753968253969 
662.9235734951496 117.6654761904762 
659.1682456054552 123.95198412698414 
655.6621816205611 147.18253968253967 
676.3983781977097 58.1571428571429 
669.430195575906 93.02777777777781 
684.7916601001151 40.64087301587303 
679.6175951375019 42.74285714285717 
731.2843645027064 10.32142857142857 
750.9864262911631 3.33452380952381 
729.9497274790177 12.805555555555554 
700.9759823711408 21.560317460317457 
714.8711929258757 14.553571428571423 
748.4051186006137 5.953968253968254 
687.2564796343654 28.411904761904758 
733.8656721932557 7.701984126984125 
802.923031547657 2.1234126984126984 
687.1888802495035 30.521825396825392 
700.9144729180236 23.67023809523809 
732.5310351695668 10.186111111111108 

671.5498884277674 70.90317460317463 
667.0247574271581 104.25753968253969 
662.9235734951496 117.6654761904762 
659.1682456054552 123.95198412698414 
655.6621816205611 147.18253968253967 
676.3983781977097 58.1571428571429 
655.5108976393234 180.9984126984126 
679.5824021310393 45.253968253968274 
679.6631881183328 40.632936507936535 
701.216620210572 21.42579365079365 
677.0038087720184 48.80198412698415 
687.1888802495035 30.521825396825392 
684.6322812971175 34.06984126984128 
714.8711929258757 14.553571428571423 
732.5310351695668 10.186111111111108 
750.9864262911631 3.33452380952381 
802.923031547657 2.1234126984126984 
700.9144729180236 23.67023809523809 
700.9759823711408 21.560317460317457 
733.8656721932557 7.701984126984125 
866.5090543366972 0.0 
808.7929757467467 1.2111111111111112 
687.2564796343654 28.411904761904758 

744.0763330086561 8.684126984126982 
671.5498884277674 70.90317460317463 
667.0247574271581 104.25753968253969 
662.9235734951496 117.6654761904762 
659.1682456054552 123.95198412698414 
655.6621816205611 147.18253968253967 
655.5108976393234 180.9984126984126 
715.8459378832257 19.302777777777774 
675.327719416114 57.18134920634925 
680.030593807667 41.92857142857146 
679.5824021310393 45.253968253968274 
730.5685650342059 15.535714285714281 
687.1888802495035 30.521825396825392 
732.5310351695668 10.186111111111108 
750.9864262911631 3.33452380952381 
715.9204790017527 17.19285714285714 
700.9144729180236 23.67023809523809 
687.2564796343654 28.411904761904758 
802.923031547657 2.1234126984126984 
699.6789509678313 27.898809523809522 
679.9672990917293 44.77301587301591 
700.9759823711408 21.560317460317457 

671.5498884277674 70.90317460317463 
667.0247574271581 104.25753968253969 
662.9235734951496 117.6654761904762 
659.1682456054552 123.95198412698414 
655.6621816205611 147.18253968253967 
676.3983781977097 58.1571428571429 
655.5108976393234 180.9984126984126 
679.5824021310393 45.253968253968274 
680.6096368419965 45.192063492063525 
729.9497274790177 12.805555555555554 
675.718433784418 58.8511904761905 
684.0385151997095 32.51746031746031 
700.9144729180236 23.67023809523809 
700.9759823711408 21.560317460317457 
714.8711929258757 14.553571428571423 
750.9864262911631 3.33452380952381 
687.1888802495035 30.521825396825392 
733.8656721932557 7.701984126984125 
687.2564796343654 28.411904761904758 
802.923031547657 2.1234126984126984 
732.5310351695668 10.186111111111108 

655.5108976393234 180.9984126984126 
671.5498884277674 70.90317460317463 
667.0247574271581 104.25753968253969 
662.9235734951496 117.6654761904762 
659.1682456054552 123.95198412698414 
655.6621816205611 147.18253968253967 
676.3983781977097 58.1571428571429 
679.5824021310393 45.253968253968274 
748.4051186006137 5.953968253968254 
729.9497274790177 12.805555555555554 
731.2843645027064 10.32142857142857 
714.8711929258757 14.553571428571423 
700.9144729180236 23.67023809523809 
750.9864262911631 3.33452380952381 
687.2564796343654 28.411904761904758 
679.872102941755 42.608333333333356 
802.923031547657 2.1234126984126984 
679.6175951375019 42.74285714285717 
687.1888802495035 30.521825396825392 
733.8656721932557 7.701984126984125 
732.5310351695668 10.186111111111108 
700.9759823711408 21.560317460317457 

671.5498884277674 70.90317460317463 
667.0247574271581 104.25753968253969 
662.9235734951496 117.6654761904762 
659.1682456054552 123.95198412698414 
655.6621816205611 147.18253968253967 
676.3983781977097 58.1571428571429 
655.5108976393234 180.9984126984126 
714.8711929258757 14.553571428571423 
713.3391713112036 19.812301587301583 
748.4051186006137 5.953968253968254 
671.3476222121122 88.41746031746031 
684.6751719438162 31.0313492063492 
732.5310351695668 10.186111111111108 
687.2564796343654 28.411904761904758 
700.9759823711408 21.560317460317457 
687.1888802495035 30.521825396825392 
677.4492861171176 44.5480158730159 
699.2550401050152 26.66388888888888 
700.9144729180236 23.67023809523809 
750.9864262911631 3.33452380952381 
802.923031547657 2.1234126984126984 
733.8656721932557 7.701984126984125 

655.5108976393234 180.9984126984126 
679.5824021310393 45.253968253968274 
671.5498884277674 70.90317460317463 
667.0247574271581 104.25753968253969 
662.9235734951496 117.6654761904762 
659.1682456054552 123.95198412698414 
655.6621816205611 147.18253968253967 
676.3983781977097 58.1571428571429 
729.9497274790177 12.805555555555554 
713.3391713112036 19.812301587301583 
700.9144729180236 23.67023809523809 
698.3946746805916 24.1797619047619 
700.9759823711408 21.560317460317457 
748.4051186006137 5.953968253968254 
687.1888802495035 30.521825396825392 
687.2564796343654 28.411904761904758 
750.9864262911631 3.33452380952381 
802.923031547657 2.1234126984126984 
714.8711929258757 14.553571428571423 
731.2843645027064 10.32142857142857 
732.5310351695668 10.186111111111108 
733.8656721932557 7.701984126984125 

679.5824021310393 45.253968253968274 
671.5498884277674 70.90317460317463 
667.0247574271581 104.25753968253969 
662.9235734951496 117.6654761904762 
659.1682456054552 123.95198412698414 
655.6621816205611 147.18253968253967 
676.3983781977097 58.1571428571429 
655.5108976393234 180.9984126984126 
750.9864262911631 3.33452380952381 
730.0455915175594 12.35674603174603 
687.1888802495035 30.521825396825392 
714.8711929258757 14.553571428571423 
679.6280071092663 43.14404761904764 
700.9144729180236 23.67023809523809 
748.5161819366699 5.505158730158729 
733.8656721932557 7.701984126984125 
700.9759823711408 21.560317460317457 
687.2564796343654 28.411904761904758 
802.923031547657 2.1234126984126984 
732.5310351695668 10.186111111111108 

676.3983781977097 58.1571428571429 
655.5108976393234 180.9984126984126 
671.5498884277674 70.90317460317463 
667.0247574271581 104.25753968253969 
662.9235734951496 117.6654761904762 
659.1682456054552 123.95198412698414 
655.6621816205611 147.18253968253967 
683.6488766588778 34.274206349206345 
675.2980287654029 61.52142857142862 
678.7271196227849 55.72380952380956 
679.7243811559797 43.53293650793653 
675.9159938225289 60.81150793650798 
714.8711929258757 14.553571428571423 
679.6757442845192 44.5246031746032 
697.6972415714274 26.562698412698413 
733.8656721932557 7.701984126984125 
750.9864262911631 3.33452380952381 
712.2898852353263 17.17301587301587 
802.923031547657 2.1234126984126984 
678.8161180868233 50.92619047619053 
698.3946746805916 24.1797619047619 
687.2564796343654 28.411904761904758 
679.810305366565 42.72976190476193 
700.9759823711408 21.560317460317457 
687.1888802495035 30.521825396825392 
679.5824021310393 45.253968253968274 
700.9144729180236 23.67023809523809 
748.4051186006137 5.953968253968254 
732.5310351695668 10.186111111111108 
731.2843645027064 10.32142857142857 

655.5108976393234 180.9984126984126 
671.5498884277674 70.90317460317463 
667.0247574271581 104.25753968253969 
662.9235734951496 117.6654761904762 
659.1682456054552 123.95198412698414 
655.6621816205611 147.18253968253967 
910.3037743960729 0.0 
676.0573082351842 58.88015873015877 
676.2532980477353 44.35198412698416 
682.5525114379192 40.25436507936509 
665.1542457273669 105.77380952380959 
679.770362965583 41.4230158730159 
747.4693613733153 6.2634920634920634 
683.7394147165177 31.34087301587301 
712.0015370446046 18.544841269841264 
730.348607275408 10.630952380952378 
750.9864262911631 3.33452380952381 
684.6751719438162 31.0313492063492 
802.923031547657 2.1234126984126984 
687.2564796343654 28.411904761904758 
700.9759823711408 21.560317460317457 
700.9144729180236 23.67023809523809 
733.8656721932557 7.701984126984125 
714.8711929258757 14.553571428571423 
687.1888802495035 30.521825396825392 
732.5310351695668 10.186111111111108 

676.3983781977097 58.1571428571429 
655.5108976393234 180.9984126984126 
671.5498884277674 70.90317460317463 
667.0247574271581 104.25753968253969 
662.9235734951496 117.6654761904762 
659.1682456054552 123.95198412698414 
655.6621816205611 147.18253968253967 
675.5436070294832 61.12539682539684 
679.9915728427997 44.038492063492086 
679.5824021310393 45.253968253968274 
748.4051186006137 5.953968253968254 
729.9497274790177 12.805555555555554 
714.8711929258757 14.553571428571423 
802.923031547657 2.1234126984126984 
671.5229663242247 103.34801587301587 
712.2898852353263 17.17301587301587 
733.8656721932557 7.701984126984125 
700.9759823711408 21.560317460317457 
732.5310351695668 10.186111111111108 
687.1888802495035 30.521825396825392 
700.9144729180236 23.67023809523809 
750.9864262911631 3.33452380952381 
687.2564796343654 28.411904761904758 
679.7656731322872 44.83968253968256 
731.2843645027064 10.32142857142857 

655.5108976393234 180.9984126984126 
679.5824021310393 45.253968253968274 
671.5498884277674 70.90317460317463 
662.9235734951496 117.6654761904762 
659.1682456054552 123.95198412698414 
655.6621816205611 147.18253968253967 
676.3983781977097 58.1571428571429 
667.0247574271581 104.25753968253969 
669.9753084979444 101.91904761904762 
680.6096368419965 45.192063492063525 
714.8711929258757 14.553571428571423 
700.9759823711408 21.560317460317457 
748.4051186006137 5.953968253968254 
671.5373601460122 89.8059523809524 
748.5161819366699 5.505158730158729 
700.9144729180236 23.67023809523809 
730.6459003741527 13.419047619047616 
687.1888802495035 30.521825396825392 
808.7929757467467 1.2111111111111112 
802.923031547657 2.1234126984126984 
750.9864262911631 3.33452380952381 
671.4642109755079 90.88373015873017 
733.8656721932557 7.701984126984125 
687.7172851290209 29.70634920634921 
733.130540636821 11.248412698412695 

676.3983781977097 58.1571428571429 
655.5108976393234 180.9984126984126 
679.5824021310393 45.253968253968274 
671.5498884277674 70.90317460317463 
667.0247574271581 104.25753968253969 
662.9235734951496 117.6654761904762 
659.1682456054552 123.95198412698414 
655.6621816205611 147.18253968253967 
729.9497274790177 12.805555555555554 
714.8711929258757 14.553571428571423 
802.923031547657 2.1234126984126984 
687.1888802495035 30.521825396825392 
687.2564796343654 28.411904761904758 
731.2843645027064 10.32142857142857 
712.2898852353263 17.17301587301587 
700.9144729180236 23.67023809523809 
748.4051186006137 5.953968253968254 
700.9759823711408 21.560317460317457 
732.5310351695668 10.186111111111108 
750.9864262911631 3.33452380952381 
733.8656721932557 7.701984126984125 

655.5108976393234 180.9984126984126 
679.5824021310393 45.253968253968274 
671.5498884277674 70.90317460317463 
667.0247574271581 104.25753968253969 
662.9235734951496 117.6654761904762 
659.1682456054552 123.95198412698414 
655.6621816205611 147.18253968253967 
676.3983781977097 58.1571428571429 
802.923031547657 2.1234126984126984 
714.8711929258757 14.553571428571423 
750.9864262911631 3.33452380952381 
687.1888802495035 30.521825396825392 
687.2564796343654 28.411904761904758 
733.8656721932557 7.701984126984125 
679.770362965583 41.4230158730159 
700.9759823711408 21.560317460317457 
732.5310351695668 10.186111111111108 
700.9144729180236 23.67023809523809 

655.5108976393234 180.9984126984126 
700.9144729180236 23.67023809523809 
687.1888802495035 30.521825396825392 
679.5824021310393 45.253968253968274 
671.5498884277674 70.90317460317463 
667.0247574271581 104.25753968253969 
662.9235734951496 117.6654761904762 
659.1682456054552 123.95198412698414 
655.6621816205611 147.18253968253967 
676.3983781977097 58.1571428571429 
700.9759823711408 21.560317460317457 
715.5186019624523 15.61587301587301 
733.8656721932557 7.701984126984125 
750.9864262911631 3.33452380952381 
732.5310351695668 10.186111111111108 
802.923031547657 2.1234126984126984 

679.5824021310393 45.253968253968274 
671.5498884277674 70.90317460317463 
667.0247574271581 104.25753968253969 
662.9235734951496 117.6654761904762 
659.1682456054552 123.95198412698414 
655.6621816205611 147.18253968253967 
676.3983781977097 58.1571428571429 
655.5108976393234 180.9984126984126 
679.770362965583 41.4230158730159 
687.1888802495035 30.521825396825392 
733.8656721932557 7.701984126984125 
700.9759823711408 21.560317460317457 
687.2564796343654 28.411904761904758 
808.7929757467467 1.2111111111111112 
732.5310351695668 10.186111111111108 
700.9144729180236 23.67023809523809 
750.9864262911631 3.33452380952381 
802.923031547657 2.1234126984126984 
714.8711929258757 14.553571428571423 

671.5498884277674 70.90317460317463 
667.0247574271581 104.25753968253969 
662.9235734951496 117.6654761904762 
659.1682456054552 123.95198412698414 
655.6621816205611 147.18253968253967 
676.3983781977097 58.1571428571429 
655.5108976393234 180.9984126984126 
679.5824021310393 45.253968253968274 
700.9144729180236 23.67023809523809 
687.2564796343654 28.411904761904758 
715.5186019624523 15.61587301587301 
733.8656721932557 7.701984126984125 
679.6175951375019 42.74285714285717 
687.1888802495035 30.521825396825392 
700.9759823711408 21.560317460317457 
679.6631881183328 40.632936507936535 
675.5152868036785 60.720238095238145 
802.923031547657 2.1234126984126984 
808.7929757467467 1.2111111111111112 
750.9864262911631 3.33452380952381 
733.130540636821 11.248412698412695 

662.9235734951496 117.6654761904762 
659.1682456054552 123.95198412698414 
655.6621816205611 147.18253968253967 
655.5108976393234 180.9984126984126 
679.5824021310393 45.253968253968274 
671.5498884277674 70.90317460317463 
667.0247574271581 104.25753968253969 
679.7243811559797 43.53293650793653 
732.5310351695668 10.186111111111108 
684.0385151997095 32.51746031746031 
700.9144729180236 23.67023809523809 
675.761147072054 57.938095238095286 
730.1993635840495 10.630952380952378 
678.2811833763169 53.65079365079369 
711.7208278760816 16.549206349206344 
709.1395201855322 19.168650793650787 
733.8656721932557 7.701984126984125 
687.2564796343654 28.411904761904758 
700.9759823711408 21.560317460317457 
808.7929757467467 1.2111111111111112 
714.8711929258757 14.553571428571423 
750.9864262911631 3.33452380952381 
687.1888802495035 30.521825396825392 
748.4051186006137 5.953968253968254 
802.923031547657 2.1234126984126984 

671.5498884277674 70.90317460317463 
667.0247574271581 104.25753968253969 
662.9235734951496 117.6654761904762 
659.1682456054552 123.95198412698414 
655.6621816205611 147.18253968253967 
676.3983781977097 58.1571428571429 
655.5108976393234 180.9984126984126 
679.5824021310393 45.253968253968274 
748.4051186006137 5.953968253968254 
712.9372942719032 18.235317460317454 
687.1888802495035 30.521825396825392 
731.2843645027064 10.32142857142857 
700.9144729180236 23.67023809523809 
714.8711929258757 14.553571428571423 
687.2564796343654 28.411904761904758 
802.923031547657 2.1234126984126984 
700.9759823711408 21.560317460317457 
750.9864262911631 3.33452380952381 
733.8656721932557 7.701984126984125 
729.9497274790177 12.805555555555554 

655.5108976393234 180.9984126984126 
679.5824021310393 45.253968253968274 
671.5498884277674 70.90317460317463 
667.0247574271581 104.25753968253969 
662.9235734951496 117.6654761904762 
659.1682456054552 123.95198412698414 
655.6621816205611 147.18253968253967 
676.3983781977097 58.1571428571429 
679.770362965583 41.4230158730159 
731.2843645027064 10.32142857142857 
711.3541280080279 17.482539682539677 
687.1888802495035 30.521825396825392 
748.4051186006137 5.953968253968254 
802.923031547657 2.1234126984126984 
729.0139702517191 13.115079365079362 
750.9864262911631 3.33452380952381 
714.8711929258757 14.553571428571423 
730.348607275408 10.630952380952378 
747.4693613733153 6.2634920634920634 
732.5310351695668 10.186111111111108 
700.9759823711408 21.560317460317457 
733.8656721932557 7.701984126984125 
700.9144729180236 23.67023809523809 
687.2564796343654 28.411904761904758 

679.5824021310393 45.253968253968274 
671.5498884277674 70.90317460317463 
667.0247574271581 104.25753968253969 
662.9235734951496 117.6654761904762 
659.1682456054552 123.95198412698414 
655.6621816205611 147.18253968253967 
655.5108976393234 180.9984126984126 
678.2811833763169 53.65079365079369 
679.770362965583 41.4230158730159 
713.3391713112036 19.812301587301583 
675.7628729464464 56.74126984126987 
729.9497274790177 12.805555555555554 
731.2843645027064 10.32142857142857 
700.9144729180236 23.67023809523809 
685.5914732488661 37.49603174603176 
699.2550401050152 26.66388888888888 
808.7929757467467 1.2111111111111112 
733.8656721932557 7.701984126984125 
700.9759823711408 21.560317460317457 
714.8711929258757 14.553571428571423 
802.923031547657 2.1234126984126984 
698.8896242295459 27.52539682539682 
748.4051186006137 5.953968253968254 
687.2564796343654 28.411904761904758 
750.9864262911631 3.33452380952381 
687.1888802495035 30.521825396825392 
732.5310351695668 10.186111111111108 

655.5108976393234 180.9984126984126 
679.5824021310393 45.253968253968274 
671.5498884277674 70.90317460317463 
667.0247574271581 104.25753968253969 
662.9235734951496 117.6654761904762 
659.1682456054552 123.95198412698414 
655.6621816205611 147.18253968253967 
748.4051186006137 5.953968253968254 
729.9497274790177 12.805555555555554 
700.9144729180236 23.67023809523809 
714.8711929258757 14.553571428571423 
802.923031547657 2.1234126984126984 
687.1888802495035 30.521825396825392 
733.8656721932557 7.701984126984125 
750.9864262911631 3.33452380952381 
700.9759823711408 21.560317460317457 
687.2564796343654 28.411904761904758 
675.1269156954099 57.70793650793655 
732.5310351695668 10.186111111111108 

679.5824021310393 45.253968253968274 
671.5498884277674 70.90317460317463 
667.0247574271581 104.25753968253969 
662.9235734951496 117.6654761904762 
659.1682456054552 123.95198412698414 
655.6621816205611 147.18253968253967 
655.5108976393234 180.9984126984126 
673.7882954611197 56.82658730158731 
808.7929757467467 1.2111111111111112 
802.923031547657 2.1234126984126984 
729.0139702517191 13.115079365079362 
712.403414083905 20.121825396825393 
747.4693613733153 6.2634920634920634 
697.4589174532931 24.48928571428571 
730.348607275408 10.630952380952378 
687.1888802495035 30.521825396825392 
687.2564796343654 28.411904761904758 
750.9864262911631 3.33452380952381 
714.8711929258757 14.553571428571423 
700.9759823711408 21.560317460317457 
733.8656721932557 7.701984126984125 
700.9144729180236 23.67023809523809 
732.5310351695668 10.186111111111108 

671.5498884277674 70.90317460317463 
667.0247574271581 104.25753968253969 
662.9235734951496 117.6654761904762 
659.1682456054552 123.95198412698414 
655.6621816205611 147.18253968253967 
676.3983781977097 58.1571428571429 
655.5108976393234 180.9984126984126 
679.4082639825704 52.757142857142895 
678.2811833763169 53.65079365079369 
679.6280071092663 43.14404761904764 
685.5914732488661 37.49603174603176 
715.8459378832257 19.302777777777774 
670.2543863387145 89.24444444444445 
715.9929718285739 16.724206349206344 
679.5824021310393 45.253968253968274 
700.9144729180236 23.67023809523809 
750.9864262911631 3.33452380952381 
687.2564796343654 28.411904761904758 
700.9759823711408 21.560317460317457 
802.923031547657 2.1234126984126984 
732.5310351695668 10.186111111111108 
733.8656721932557 7.701984126984125 
687.1888802495035 30.521825396825392 
715.9204790017527 17.19285714285714 

671.5498884277674 70.90317460317463 
667.0247574271581 104.25753968253969 
662.9235734951496 117.6654761904762 
659.1682456054552 123.95198412698414 
655.6621816205611 147.18253968253967 
676.3983781977097 58.1571428571429 
655.5108976393234 180.9984126984126 
679.5824021310393 45.253968253968274 
866.5090543366972 0.0 
685.5780698461059 34.80039682539682 
700.9144729180236 23.67023809523809 
698.3946746805916 24.1797619047619 
714.8711929258757 14.553571428571423 
802.923031547657 2.1234126984126984 
687.1888802495035 30.521825396825392 
732.5310351695668 10.186111111111108 
700.9759823711408 21.560317460317457 
733.8656721932557 7.701984126984125 
679.770362965583 41.4230158730159 
687.2564796343654 28.411904761904758 
750.9864262911631 3.33452380952381 
678.0283291514471 47.811507936507965 

