715.8459378832257 19.302777777777774 
744.0763330086561 8.684126984126982 
700.9144729180236 23.67023809523809 
785.7115019660882 6.490873015873015 
802.923031547657 2.1234126984126984 

733.8656721932557 7.701984126984125 
700.9144729180236 23.67023809523809 
802.923031547657 2.1234126984126984 
715.8459378832257 19.302777777777774 
750.9864262911631 3.33452380952381 

700.9144729180236 23.67023809523809 
744.0763330086561 8.684126984126982 
802.923031547657 2.1234126984126984 
715.8459378832257 19.302777777777774 
750.9864262911631 3.33452380952381 

733.8656721932557 7.701984126984125 
700.9144729180236 23.67023809523809 
802.923031547657 2.1234126984126984 
715.8459378832257 19.302777777777774 
750.9864262911631 3.33452380952381 
715.9204790017527 17.19285714285714 

700.9144729180236 23.67023809523809 
733.8656721932557 7.701984126984125 
715.8459378832257 19.302777777777774 
802.923031547657 2.1234126984126984 

802.923031547657 2.1234126984126984 
700.9144729180236 23.67023809523809 
733.8656721932557 7.701984126984125 
715.8459378832257 19.302777777777774 
750.9864262911631 3.33452380952381 

715.8459378832257 19.302777777777774 
733.8656721932557 7.701984126984125 
802.923031547657 2.1234126984126984 
700.9144729180236 23.67023809523809 
715.9204790017527 17.19285714285714 

733.8656721932557 7.701984126984125 
715.8459378832257 19.302777777777774 
802.923031547657 2.1234126984126984 
700.9144729180236 23.67023809523809 

802.923031547657 2.1234126984126984 
700.9144729180236 23.67023809523809 
733.8656721932557 7.701984126984125 
785.7115019660882 6.490873015873015 
715.8459378832257 19.302777777777774 
715.9204790017527 17.19285714285714 

802.923031547657 2.1234126984126984 
733.8656721932557 7.701984126984125 
715.8459378832257 19.302777777777774 
700.9144729180236 23.67023809523809 

733.8656721932557 7.701984126984125 
715.8459378832257 19.302777777777774 
700.9144729180236 23.67023809523809 
802.923031547657 2.1234126984126984 
750.9864262911631 3.33452380952381 

733.8656721932557 7.701984126984125 
700.9144729180236 23.67023809523809 
802.923031547657 2.1234126984126984 
715.8459378832257 19.302777777777774 
750.9864262911631 3.33452380952381 

802.923031547657 2.1234126984126984 
785.7115019660882 6.490873015873015 
733.8656721932557 7.701984126984125 
713.3391713112036 19.812301587301583 
715.8459378832257 19.302777777777774 
700.9144729180236 23.67023809523809 

802.923031547657 2.1234126984126984 
715.8459378832257 19.302777777777774 
733.8656721932557 7.701984126984125 
700.9144729180236 23.67023809523809 
750.9864262911631 3.33452380952381 

750.9864262911631 3.33452380952381 
715.9204790017527 17.19285714285714 
808.7929757467467 1.2111111111111112 
733.8656721932557 7.701984126984125 
700.9144729180236 23.67023809523809 

733.8656721932557 7.701984126984125 
700.9144729180236 23.67023809523809 
715.8459378832257 19.302777777777774 
802.923031547657 2.1234126984126984 
785.7115019660882 6.490873015873015 

802.923031547657 2.1234126984126984 
733.8656721932557 7.701984126984125 
715.8459378832257 19.302777777777774 
700.9144729180236 23.67023809523809 

733.8656721932557 7.701984126984125 
802.923031547657 2.1234126984126984 
715.8459378832257 19.302777777777774 
785.7115019660882 6.490873015873015 
700.9144729180236 23.67023809523809 

802.923031547657 2.1234126984126984 
715.8459378832257 19.302777777777774 
700.9144729180236 23.67023809523809 
733.8656721932557 7.701984126984125 
750.9864262911631 3.33452380952381 

802.923031547657 2.1234126984126984 
733.8656721932557 7.701984126984125 
700.9144729180236 23.67023809523809 
715.8459378832257 19.302777777777774 
750.9864262911631 3.33452380952381 

802.923031547657 2.1234126984126984 
700.9144729180236 23.67023809523809 
715.8459378832257 19.302777777777774 
744.0763330086561 8.684126984126982 

700.9144729180236 23.67023809523809 
802.923031547657 2.1234126984126984 
733.8656721932557 7.701984126984125 
715.8459378832257 19.302777777777774 
750.9864262911631 3.33452380952381 
715.9204790017527 17.19285714285714 

733.8656721932557 7.701984126984125 
802.923031547657 2.1234126984126984 
700.9144729180236 23.67023809523809 
715.8459378832257 19.302777777777774 

802.923031547657 2.1234126984126984 
733.8656721932557 7.701984126984125 
715.8459378832257 19.302777777777774 
700.9144729180236 23.67023809523809 

802.923031547657 2.1234126984126984 
733.8656721932557 7.701984126984125 
715.8459378832257 19.302777777777774 
700.9144729180236 23.67023809523809 
750.9864262911631 3.33452380952381 

748.4051186006137 5.953968253968254 
700.9144729180236 23.67023809523809 
744.0763330086561 8.684126984126982 
715.8459378832257 19.302777777777774 
802.923031547657 2.1234126984126984 

715.8459378832257 19.302777777777774 
733.8656721932557 7.701984126984125 
700.9144729180236 23.67023809523809 
802.923031547657 2.1234126984126984 

733.8656721932557 7.701984126984125 
715.8459378832257 19.302777777777774 
700.9144729180236 23.67023809523809 
802.923031547657 2.1234126984126984 

733.8656721932557 7.701984126984125 
802.923031547657 2.1234126984126984 
700.9144729180236 23.67023809523809 
715.8459378832257 19.302777777777774 

715.8459378832257 19.302777777777774 
733.8656721932557 7.701984126984125 
748.4051186006137 5.953968253968254 
802.923031547657 2.1234126984126984 
700.9144729180236 23.67023809523809 
750.9864262911631 3.33452380952381 

