701.216620210572 21.42579365079365 
750.9864262911631 3.33452380952381 
715.8459378832257 19.302777777777774 
700.9144729180236 23.67023809523809 
716.1609576243036 17.058333333333334 
734.6730065621846 10.32142857142857 

701.216620210572 21.42579365079365 
750.9864262911631 3.33452380952381 
715.8459378832257 19.302777777777774 
700.9144729180236 23.67023809523809 
716.1609576243036 17.058333333333334 
733.8656721932557 7.701984126984125 

701.216620210572 21.42579365079365 
750.9864262911631 3.33452380952381 
715.8459378832257 19.302777777777774 
700.9144729180236 23.67023809523809 
802.923031547657 2.1234126984126984 
715.9204790017527 17.19285714285714 
733.8656721932557 7.701984126984125 

700.9144729180236 23.67023809523809 
750.9864262911631 3.33452380952381 
715.8459378832257 19.302777777777774 
802.923031547657 2.1234126984126984 
715.9204790017527 17.19285714285714 
733.8656721932557 7.701984126984125 

750.9864262911631 3.33452380952381 
715.8459378832257 19.302777777777774 
700.9144729180236 23.67023809523809 
802.923031547657 2.1234126984126984 
715.9204790017527 17.19285714285714 
733.8656721932557 7.701984126984125 

701.216620210572 21.42579365079365 
750.9864262911631 3.33452380952381 
715.8459378832257 19.302777777777774 
700.9144729180236 23.67023809523809 
802.923031547657 2.1234126984126984 
733.8656721932557 7.701984126984125 
748.4051186006137 5.953968253968254 

750.9864262911631 3.33452380952381 
715.8459378832257 19.302777777777774 
700.9144729180236 23.67023809523809 
802.923031547657 2.1234126984126984 
715.9204790017527 17.19285714285714 
731.3959871060372 9.872619047619045 
733.8656721932557 7.701984126984125 

700.9759823711408 21.560317460317457 
802.923031547657 2.1234126984126984 
744.0763330086561 8.684126984126982 
750.9864262911631 3.33452380952381 
715.9204790017527 17.19285714285714 
734.6965099134236 10.630952380952378 
715.8459378832257 19.302777777777774 
700.9144729180236 23.67023809523809 

701.216620210572 21.42579365079365 
845.300616777603 2.1234126984126984 
750.9864262911631 3.33452380952381 
715.9204790017527 17.19285714285714 
734.6730065621846 10.32142857142857 
715.8459378832257 19.302777777777774 
700.9144729180236 23.67023809523809 

744.0763330086561 8.684126984126982 
845.300616777603 2.1234126984126984 
750.9864262911631 3.33452380952381 
715.8459378832257 19.302777777777774 
715.9204790017527 17.19285714285714 
734.6730065621846 10.32142857142857 
700.9144729180236 23.67023809523809 
748.4051186006137 5.953968253968254 

701.216620210572 21.42579365079365 
750.9864262911631 3.33452380952381 
715.8459378832257 19.302777777777774 
715.9204790017527 17.19285714285714 
700.9144729180236 23.67023809523809 
733.8656721932557 7.701984126984125 

701.216620210572 21.42579365079365 
750.9864262911631 3.33452380952381 
715.9204790017527 17.19285714285714 
716.1609576243036 17.058333333333334 
715.8459378832257 19.302777777777774 
700.9144729180236 23.67023809523809 
802.923031547657 2.1234126984126984 
733.8656721932557 7.701984126984125 

701.216620210572 21.42579365079365 
750.9864262911631 3.33452380952381 
715.9204790017527 17.19285714285714 
716.1609576243036 17.058333333333334 
715.8459378832257 19.302777777777774 
700.9144729180236 23.67023809523809 
744.0763330086561 8.684126984126982 
734.6965099134236 10.630952380952378 
845.300616777603 2.1234126984126984 

750.9864262911631 3.33452380952381 
715.9204790017527 17.19285714285714 
715.8459378832257 19.302777777777774 
700.9144729180236 23.67023809523809 
802.923031547657 2.1234126984126984 
733.8656721932557 7.701984126984125 
748.4051186006137 5.953968253968254 

700.9759823711408 21.560317460317457 
750.9864262911631 3.33452380952381 
715.9204790017527 17.19285714285714 
700.9144729180236 23.67023809523809 
802.923031547657 2.1234126984126984 
733.8656721932557 7.701984126984125 

700.9759823711408 21.560317460317457 
750.9864262911631 3.33452380952381 
715.8459378832257 19.302777777777774 
700.9144729180236 23.67023809523809 
715.9204790017527 17.19285714285714 
733.8656721932557 7.701984126984125 
748.4051186006137 5.953968253968254 

750.9864262911631 3.33452380952381 
715.8459378832257 19.302777777777774 
700.9144729180236 23.67023809523809 
802.923031547657 2.1234126984126984 
715.9204790017527 17.19285714285714 
733.8656721932557 7.701984126984125 

700.9759823711408 21.560317460317457 
750.9864262911631 3.33452380952381 
715.8459378832257 19.302777777777774 
700.9144729180236 23.67023809523809 
802.923031547657 2.1234126984126984 
715.9204790017527 17.19285714285714 
716.1609576243036 17.058333333333334 
731.3959871060372 9.872619047619045 
733.8656721932557 7.701984126984125 
748.4051186006137 5.953968253968254 

700.9759823711408 21.560317460317457 
750.9864262911631 3.33452380952381 
715.8459378832257 19.302777777777774 
700.9144729180236 23.67023809523809 
802.923031547657 2.1234126984126984 
715.9204790017527 17.19285714285714 
733.8656721932557 7.701984126984125 
748.5161819366699 5.505158730158729 

750.9864262911631 3.33452380952381 
715.8459378832257 19.302777777777774 
700.9144729180236 23.67023809523809 
802.923031547657 2.1234126984126984 
715.9204790017527 17.19285714285714 
733.8656721932557 7.701984126984125 

715.8459378832257 19.302777777777774 
700.9144729180236 23.67023809523809 
802.923031547657 2.1234126984126984 
744.0763330086561 8.684126984126982 
715.9204790017527 17.19285714285714 
734.6965099134236 10.630952380952378 
750.9864262911631 3.33452380952381 

715.8459378832257 19.302777777777774 
700.9144729180236 23.67023809523809 
802.923031547657 2.1234126984126984 
744.0763330086561 8.684126984126982 
713.4043694950193 21.420634920634914 
715.9204790017527 17.19285714285714 
750.9864262911631 3.33452380952381 

700.9144729180236 23.67023809523809 
802.923031547657 2.1234126984126984 
793.5519044430575 3.33452380952381 
715.8459378832257 19.302777777777774 
715.9204790017527 17.19285714285714 
733.8656721932557 7.701984126984125 

701.216620210572 21.42579365079365 
845.300616777603 2.1234126984126984 
750.9864262911631 3.33452380952381 
715.9204790017527 17.19285714285714 
715.8459378832257 19.302777777777774 
700.9144729180236 23.67023809523809 

700.9144729180236 23.67023809523809 
845.300616777603 2.1234126984126984 
750.9864262911631 3.33452380952381 
715.8459378832257 19.302777777777774 
715.9204790017527 17.19285714285714 
733.8656721932557 7.701984126984125 

700.9759823711408 21.560317460317457 
750.9864262911631 3.33452380952381 
715.9204790017527 17.19285714285714 
715.8459378832257 19.302777777777774 
700.9144729180236 23.67023809523809 
802.923031547657 2.1234126984126984 
733.8656721932557 7.701984126984125 

701.5040554175591 22.854761904761904 
750.9864262911631 3.33452380952381 
713.4043694950193 21.420634920634914 
715.9204790017527 17.19285714285714 
715.8459378832257 19.302777777777774 
700.9144729180236 23.67023809523809 
802.923031547657 2.1234126984126984 
733.8656721932557 7.701984126984125 

700.9759823711408 21.560317460317457 
750.9864262911631 3.33452380952381 
715.9204790017527 17.19285714285714 
715.8459378832257 19.302777777777774 
700.9144729180236 23.67023809523809 
802.923031547657 2.1234126984126984 
744.0763330086561 8.684126984126982 
748.4051186006137 5.953968253968254 

750.9864262911631 3.33452380952381 
715.9204790017527 17.19285714285714 
716.1609576243036 17.058333333333334 
700.9144729180236 23.67023809523809 
802.923031547657 2.1234126984126984 
733.8656721932557 7.701984126984125 

700.9759823711408 21.560317460317457 
750.9864262911631 3.33452380952381 
715.9204790017527 17.19285714285714 
700.9144729180236 23.67023809523809 
802.923031547657 2.1234126984126984 
733.8656721932557 7.701984126984125 

