845.300616777603 2.1234126984126984 
750.9864262911631 3.33452380952381 
701.1590700250624 23.535714285714285 
700.9144729180236 23.67023809523809 

845.300616777603 2.1234126984126984 
750.9864262911631 3.33452380952381 
700.9144729180236 23.67023809523809 
700.9759823711408 21.560317460317457 

845.300616777603 2.1234126984126984 
750.9864262911631 3.33452380952381 
715.9204790017527 17.19285714285714 
701.1590700250624 23.535714285714285 
700.9144729180236 23.67023809523809 

845.300616777603 2.1234126984126984 
750.9864262911631 3.33452380952381 
700.9759823711408 21.560317460317457 
697.178039532101 61.81428571428575 

845.300616777603 2.1234126984126984 
750.9864262911631 3.33452380952381 
701.216620210572 21.42579365079365 
700.9759823711408 21.560317460317457 
700.9144729180236 23.67023809523809 

845.300616777603 2.1234126984126984 
750.9864262911631 3.33452380952381 
701.216620210572 21.42579365079365 
700.9759823711408 21.560317460317457 
700.9144729180236 23.67023809523809 

845.300616777603 2.1234126984126984 
750.9864262911631 3.33452380952381 
716.1609576243036 17.058333333333334 
700.9144729180236 23.67023809523809 
701.216620210572 21.42579365079365 
700.9759823711408 21.560317460317457 

845.300616777603 2.1234126984126984 
750.9864262911631 3.33452380952381 
700.9144729180236 23.67023809523809 

845.300616777603 2.1234126984126984 
750.9864262911631 3.33452380952381 
700.9144729180236 23.67023809523809 
701.216620210572 21.42579365079365 

845.300616777603 2.1234126984126984 
750.9864262911631 3.33452380952381 
700.9759823711408 21.560317460317457 
700.9144729180236 23.67023809523809 

845.300616777603 2.1234126984126984 
750.9864262911631 3.33452380952381 
700.9144729180236 23.67023809523809 

845.300616777603 2.1234126984126984 
750.9864262911631 3.33452380952381 
715.9204790017527 17.19285714285714 
700.9144729180236 23.67023809523809 

845.300616777603 2.1234126984126984 
750.9864262911631 3.33452380952381 
701.1590700250624 23.535714285714285 
700.9144729180236 23.67023809523809 

845.300616777603 2.1234126984126984 
750.9864262911631 3.33452380952381 
700.9144729180236 23.67023809523809 
700.9759823711408 21.560317460317457 

845.300616777603 2.1234126984126984 
750.9864262911631 3.33452380952381 
700.9759823711408 21.560317460317457 
700.9144729180236 23.67023809523809 

845.300616777603 2.1234126984126984 
750.9864262911631 3.33452380952381 
701.216620210572 21.42579365079365 
700.9759823711408 21.560317460317457 
700.9144729180236 23.67023809523809 

845.300616777603 2.1234126984126984 
750.9864262911631 3.33452380952381 
701.2658598470773 22.989285714285714 
700.9144729180236 23.67023809523809 

858.4163815847238 2.1234126984126984 
750.9864262911631 3.33452380952381 
733.8656721932557 7.701984126984125 
701.216620210572 21.42579365079365 
700.9759823711408 21.560317460317457 
700.9144729180236 23.67023809523809 

845.300616777603 2.1234126984126984 
750.9864262911631 3.33452380952381 
700.9759823711408 21.560317460317457 
700.9144729180236 23.67023809523809 

845.300616777603 2.1234126984126984 
750.9864262911631 3.33452380952381 
701.5040554175591 22.854761904761904 
700.9144729180236 23.67023809523809 
701.2658598470773 22.989285714285714 

845.300616777603 2.1234126984126984 
750.9864262911631 3.33452380952381 
715.9204790017527 17.19285714285714 
700.9144729180236 23.67023809523809 

845.300616777603 2.1234126984126984 
750.9864262911631 3.33452380952381 
701.216620210572 21.42579365079365 
700.9144729180236 23.67023809523809 

845.300616777603 2.1234126984126984 
750.9864262911631 3.33452380952381 
715.9204790017527 17.19285714285714 
700.9144729180236 23.67023809523809 

845.300616777603 2.1234126984126984 
750.9864262911631 3.33452380952381 
701.216620210572 21.42579365079365 
700.9759823711408 21.560317460317457 
700.9144729180236 23.67023809523809 

845.300616777603 2.1234126984126984 
750.9864262911631 3.33452380952381 
701.216620210572 21.42579365079365 
700.9759823711408 21.560317460317457 
700.9144729180236 23.67023809523809 

845.300616777603 2.1234126984126984 
750.9864262911631 3.33452380952381 
733.8656721932557 7.701984126984125 
701.1590700250624 23.535714285714285 
700.9144729180236 23.67023809523809 

845.300616777603 2.1234126984126984 
750.9864262911631 3.33452380952381 
702.300849111107 28.708333333333332 

845.300616777603 2.1234126984126984 
750.9864262911631 3.33452380952381 
700.9144729180236 23.67023809523809 

845.300616777603 2.1234126984126984 
750.9864262911631 3.33452380952381 
700.9759823711408 21.560317460317457 
700.9144729180236 23.67023809523809 

845.300616777603 2.1234126984126984 
750.9864262911631 3.33452380952381 
700.9759823711408 21.560317460317457 
700.9144729180236 23.67023809523809 

