671.5498884277674 70.90317460317463 
667.0247574271581 104.25753968253969 
662.9235734951496 117.6654761904762 
659.1682456054552 123.95198412698414 
655.6621816205611 147.18253968253967 
676.3983781977097 58.1571428571429 
655.5108976393234 180.9984126984126 
679.5824021310393 45.253968253968274 
802.923031547657 2.1234126984126984 
714.8711929258757 14.553571428571423 
700.9144729180236 23.67023809523809 
700.9759823711408 21.560317460317457 
733.8656721932557 7.701984126984125 
687.1888802495035 30.521825396825392 
732.5310351695668 10.186111111111108 
750.9864262911631 3.33452380952381 

679.5824021310393 45.253968253968274 
671.5498884277674 70.90317460317463 
667.0247574271581 104.25753968253969 
662.9235734951496 117.6654761904762 
659.1682456054552 123.95198412698414 
655.6621816205611 147.18253968253967 
676.3983781977097 58.1571428571429 
655.5108976393234 180.9984126984126 
679.4082639825704 52.757142857142895 
714.8711929258757 14.553571428571423 
750.9864262911631 3.33452380952381 
802.923031547657 2.1234126984126984 
733.8656721932557 7.701984126984125 
700.9759823711408 21.560317460317457 
687.2564796343654 28.411904761904758 
732.5310351695668 10.186111111111108 
748.4051186006137 5.953968253968254 
700.9144729180236 23.67023809523809 
687.1888802495035 30.521825396825392 
670.722375243885 103.77023809523808 

671.5498884277674 70.90317460317463 
667.0247574271581 104.25753968253969 
662.9235734951496 117.6654761904762 
659.1682456054552 123.95198412698414 
655.6621816205611 147.18253968253967 
655.5108976393234 180.9984126984126 
679.5824021310393 45.253968253968274 
679.6126082284117 43.83373015873018 
679.6175951375019 42.74285714285717 
675.1246667142132 56.144444444444474 
679.6153328709943 43.73452380952383 
684.3258054743059 34.04761904761905 
687.2564796343654 28.411904761904758 
700.9144729180236 23.67023809523809 
676.7192628859754 48.779761904761926 
733.8656721932557 7.701984126984125 
700.9759823711408 21.560317460317457 
715.8459378832257 19.302777777777774 
750.9864262911631 3.33452380952381 
808.7929757467467 1.2111111111111112 
747.4693613733153 6.2634920634920634 
730.5685650342059 15.535714285714281 
715.9204790017527 17.19285714285714 
732.5310351695668 10.186111111111108 
802.923031547657 2.1234126984126984 
687.1888802495035 30.521825396825392 
866.5090543366972 0.0 

655.6621816205611 147.18253968253967 
676.3983781977097 58.1571428571429 
655.5108976393234 180.9984126984126 
679.5824021310393 45.253968253968274 
671.5498884277674 70.90317460317463 
667.0247574271581 104.25753968253969 
662.9235734951496 117.6654761904762 
679.7243811559797 43.53293650793653 
802.923031547657 2.1234126984126984 
698.3946746805916 24.1797619047619 
714.8709510554827 19.136904761904763 
700.9144729180236 23.67023809523809 
687.1888802495035 30.521825396825392 
687.2564796343654 28.411904761904758 
750.9864262911631 3.33452380952381 
733.8656721932557 7.701984126984125 
700.9759823711408 21.560317460317457 
733.130540636821 11.248412698412695 
715.5186019624523 15.61587301587301 

676.3983781977097 58.1571428571429 
655.5108976393234 180.9984126984126 
679.5824021310393 45.253968253968274 
671.5498884277674 70.90317460317463 
662.9235734951496 117.6654761904762 
659.1682456054552 123.95198412698414 
655.6621816205611 147.18253968253967 
667.0247574271581 104.25753968253969 
714.8711929258757 14.553571428571423 
687.1888802495035 30.521825396825392 
700.9144729180236 23.67023809523809 
687.2564796343654 28.411904761904758 
732.5310351695668 10.186111111111108 
733.8656721932557 7.701984126984125 
750.9864262911631 3.33452380952381 
802.923031547657 2.1234126984126984 
700.9759823711408 21.560317460317457 

655.5108976393234 180.9984126984126 
679.5824021310393 45.253968253968274 
671.5498884277674 70.90317460317463 
667.0247574271581 104.25753968253969 
662.9235734951496 117.6654761904762 
659.1682456054552 123.95198412698414 
655.6621816205611 147.18253968253967 
676.3983781977097 58.1571428571429 
714.8711929258757 14.553571428571423 
750.9864262911631 3.33452380952381 
732.5310351695668 10.186111111111108 
698.3946746805916 24.1797619047619 
802.923031547657 2.1234126984126984 
687.1888802495035 30.521825396825392 
700.9759823711408 21.560317460317457 
700.9144729180236 23.67023809523809 
687.2564796343654 28.411904761904758 
733.8656721932557 7.701984126984125 
748.4051186006137 5.953968253968254 

679.5824021310393 45.253968253968274 
671.5498884277674 70.90317460317463 
662.9235734951496 117.6654761904762 
659.1682456054552 123.95198412698414 
655.6621816205611 147.18253968253967 
676.3983781977097 58.1571428571429 
655.5108976393234 180.9984126984126 
748.5161819366699 5.505158730158729 
667.0247574271581 104.25753968253969 
675.6504553055831 58.70119047619051 
679.872102941755 42.608333333333356 
687.1888802495035 30.521825396825392 
700.9144729180236 23.67023809523809 
732.5310351695668 10.186111111111108 
714.8711929258757 14.553571428571423 
802.923031547657 2.1234126984126984 
733.8656721932557 7.701984126984125 
700.9759823711408 21.560317460317457 
750.9864262911631 3.33452380952381 

671.5498884277674 70.90317460317463 
667.0247574271581 104.25753968253969 
662.9235734951496 117.6654761904762 
659.1682456054552 123.95198412698414 
655.6621816205611 147.18253968253967 
655.5108976393234 180.9984126984126 
678.246150035555 55.760714285714315 
731.2843645027064 10.32142857142857 
679.5824021310393 45.253968253968274 
712.9372942719032 18.235317460317454 
676.2683558165736 59.638888888888914 
679.9613833272217 45.23650793650798 
698.3946746805916 24.1797619047619 
676.3983781977097 58.1571428571429 
700.9144729180236 23.67023809523809 
748.4051186006137 5.953968253968254 
700.9759823711408 21.560317460317457 
687.2564796343654 28.411904761904758 
687.1888802495035 30.521825396825392 
732.5310351695668 10.186111111111108 
714.8711929258757 14.553571428571423 
733.8656721932557 7.701984126984125 
750.9864262911631 3.33452380952381 
802.923031547657 2.1234126984126984 

662.9235734951496 117.6654761904762 
659.1682456054552 123.95198412698414 
655.6621816205611 147.18253968253967 
655.5108976393234 180.9984126984126 
679.5824021310393 45.253968253968274 
671.5498884277674 70.90317460317463 
667.0247574271581 104.25753968253969 
669.430195575906 93.02777777777781 
676.3983781977097 58.1571428571429 
680.1055805716005 42.09404761904763 
687.1888802495035 30.521825396825392 
677.490672703779 46.38134920634923 
732.5310351695668 10.186111111111108 
733.8656721932557 7.701984126984125 
685.1132283592576 33.37023809523809 
750.9864262911631 3.33452380952381 
729.9497274790177 12.805555555555554 
698.3946746805916 24.1797619047619 
748.4051186006137 5.953968253968254 
700.9144729180236 23.67023809523809 
802.923031547657 2.1234126984126984 
713.3391713112036 19.812301587301583 
700.9759823711408 21.560317460317457 
687.2564796343654 28.411904761904758 
715.5186019624523 15.61587301587301 

655.5108976393234 180.9984126984126 
700.9144729180236 23.67023809523809 
671.5498884277674 70.90317460317463 
667.0247574271581 104.25753968253969 
662.9235734951496 117.6654761904762 
659.1682456054552 123.95198412698414 
655.6621816205611 147.18253968253967 
676.3983781977097 58.1571428571429 
802.923031547657 2.1234126984126984 
729.9497274790177 12.805555555555554 
748.4051186006137 5.953968253968254 
679.6280071092663 43.14404761904764 
700.9759823711408 21.560317460317457 
687.1888802495035 30.521825396825392 
733.8656721932557 7.701984126984125 
732.5310351695668 10.186111111111108 
687.2564796343654 28.411904761904758 
750.9864262911631 3.33452380952381 
714.8711929258757 14.553571428571423 
679.5824021310393 45.253968253968274 

679.5824021310393 45.253968253968274 
671.5498884277674 70.90317460317463 
662.9235734951496 117.6654761904762 
659.1682456054552 123.95198412698414 
655.6621816205611 147.18253968253967 
655.5108976393234 180.9984126984126 
679.3683241044399 54.86706349206353 
866.5090543366972 0.0 
679.4775962217824 46.89801587301589 
676.3983781977097 58.1571428571429 
716.2531641168314 16.724206349206344 
731.2843645027064 10.32142857142857 
729.9497274790177 12.805555555555554 
713.3391713112036 19.812301587301583 
698.3946746805916 24.1797619047619 
808.7929757467467 1.2111111111111112 
700.9144729180236 23.67023809523809 
700.9759823711408 21.560317460317457 
733.8656721932557 7.701984126984125 
732.5310351695668 10.186111111111108 
687.1888802495035 30.521825396825392 
802.923031547657 2.1234126984126984 
715.3749447330002 17.17301587301587 
750.9864262911631 3.33452380952381 
748.4051186006137 5.953968253968254 
687.2564796343654 28.411904761904758 
667.0247574271581 104.25753968253969 

679.5824021310393 45.253968253968274 
671.5498884277674 70.90317460317463 
667.0247574271581 104.25753968253969 
662.9235734951496 117.6654761904762 
659.1682456054552 123.95198412698414 
655.6621816205611 147.18253968253967 
655.5108976393234 180.9984126984126 
700.9144729180236 23.67023809523809 
683.6488766588778 34.274206349206345 
670.5490909288437 100.01706349206351 
687.2564796343654 28.411904761904758 
715.8459378832257 19.302777777777774 
676.3983781977097 58.1571428571429 
715.9204790017527 17.19285714285714 
700.9759823711408 21.560317460317457 
732.5310351695668 10.186111111111108 
730.5685650342059 15.535714285714281 
808.7929757467467 1.2111111111111112 
802.923031547657 2.1234126984126984 
866.5090543366972 0.0 
750.9864262911631 3.33452380952381 
733.8656721932557 7.701984126984125 
687.1888802495035 30.521825396825392 

671.5498884277674 70.90317460317463 
667.0247574271581 104.25753968253969 
662.9235734951496 117.6654761904762 
659.1682456054552 123.95198412698414 
655.6621816205611 147.18253968253967 
655.5108976393234 180.9984126984126 
679.5824021310393 45.253968253968274 
730.5685650342059 15.535714285714281 
676.3983781977097 58.1571428571429 
733.8656721932557 7.701984126984125 
687.1888802495035 30.521825396825392 
750.9864262911631 3.33452380952381 
802.923031547657 2.1234126984126984 
700.9144729180236 23.67023809523809 
700.9759823711408 21.560317460317457 
715.5186019624523 15.61587301587301 
698.3946746805916 24.1797619047619 
687.2564796343654 28.411904761904758 

655.5108976393234 180.9984126984126 
679.5824021310393 45.253968253968274 
671.5498884277674 70.90317460317463 
667.0247574271581 104.25753968253969 
662.9235734951496 117.6654761904762 
659.1682456054552 123.95198412698414 
655.6621816205611 147.18253968253967 
678.9887486973016 54.679365079365084 
700.9759823711408 21.560317460317457 
676.3983781977097 58.1571428571429 
747.4693613733153 6.2634920634920634 
748.4051186006137 5.953968253968254 
687.1888802495035 30.521825396825392 
802.923031547657 2.1234126984126984 
700.9144729180236 23.67023809523809 
714.8711929258757 14.553571428571423 
732.5310351695668 10.186111111111108 
750.9864262911631 3.33452380952381 
733.8656721932557 7.701984126984125 

655.5108976393234 180.9984126984126 
671.5498884277674 70.90317460317463 
667.0247574271581 104.25753968253969 
662.9235734951496 117.6654761904762 
659.1682456054552 123.95198412698414 
655.6621816205611 147.18253968253967 
676.3983781977097 58.1571428571429 
679.5824021310393 45.253968253968274 
699.2550401050152 26.66388888888888 
669.8167313558477 102.3888888888889 
731.2843645027064 10.32142857142857 
802.923031547657 2.1234126984126984 
675.760683849621 61.72142857142861 
733.8656721932557 7.701984126984125 
732.5310351695668 10.186111111111108 
715.9204790017527 17.19285714285714 
700.9144729180236 23.67023809523809 
715.8459378832257 19.302777777777774 
687.2564796343654 28.411904761904758 
676.1651687632352 61.31706349206354 
748.4051186006137 5.953968253968254 
700.9759823711408 21.560317460317457 
750.9864262911631 3.33452380952381 
687.1888802495035 30.521825396825392 

655.5108976393234 180.9984126984126 
679.5824021310393 45.253968253968274 
671.5498884277674 70.90317460317463 
667.0247574271581 104.25753968253969 
662.9235734951496 117.6654761904762 
659.1682456054552 123.95198412698414 
655.6621816205611 147.18253968253967 
676.3983781977097 58.1571428571429 
733.130540636821 11.248412698412695 
687.1888802495035 30.521825396825392 
733.8656721932557 7.701984126984125 
750.9864262911631 3.33452380952381 
715.9204790017527 17.19285714285714 
715.8459378832257 19.302777777777774 
700.9759823711408 21.560317460317457 
700.9144729180236 23.67023809523809 
687.2564796343654 28.411904761904758 
802.923031547657 2.1234126984126984 

655.5108976393234 180.9984126984126 
679.5824021310393 45.253968253968274 
671.5498884277674 70.90317460317463 
667.0247574271581 104.25753968253969 
662.9235734951496 117.6654761904762 
659.1682456054552 123.95198412698414 
655.6621816205611 147.18253968253967 
679.8918712503023 43.24841269841272 
675.761147072054 57.938095238095286 
750.9864262911631 3.33452380952381 
802.923031547657 2.1234126984126984 
733.8656721932557 7.701984126984125 
687.2564796343654 28.411904761904758 
732.9112283485199 13.36507936507936 
733.130540636821 11.248412698412695 
700.9759823711408 21.560317460317457 
687.1888802495035 30.521825396825392 
715.5186019624523 15.61587301587301 
700.9144729180236 23.67023809523809 
698.3946746805916 24.1797619047619 

655.5108976393234 180.9984126984126 
671.5498884277674 70.90317460317463 
662.9235734951496 117.6654761904762 
659.1682456054552 123.95198412698414 
655.6621816205611 147.18253968253967 
675.0944094818731 62.563492063492106 
679.8423810120768 44.312301587301604 
685.4089042018062 38.14444444444446 
808.7929757467467 1.2111111111111112 
676.3983781977097 58.1571428571429 
679.5824021310393 45.253968253968274 
700.9144729180236 23.67023809523809 
714.8711929258757 14.553571428571423 
733.8656721932557 7.701984126984125 
700.9759823711408 21.560317460317457 
687.2564796343654 28.411904761904758 
802.923031547657 2.1234126984126984 
687.1888802495035 30.521825396825392 
750.9864262911631 3.33452380952381 
701.216620210572 21.42579365079365 
667.0247574271581 104.25753968253969 
733.130540636821 11.248412698412695 

655.5108976393234 180.9984126984126 
671.5498884277674 70.90317460317463 
667.0247574271581 104.25753968253969 
662.9235734951496 117.6654761904762 
659.1682456054552 123.95198412698414 
655.6621816205611 147.18253968253967 
679.6175951375019 42.74285714285717 
679.5824021310393 45.253968253968274 
674.8758913860374 56.278968253968294 
700.9144729180236 23.67023809523809 
732.5310351695668 10.186111111111108 
750.9864262911631 3.33452380952381 
730.6459003741527 13.419047619047616 
687.1888802495035 30.521825396825392 
733.8656721932557 7.701984126984125 
714.8711929258757 14.553571428571423 
700.9759823711408 21.560317460317457 
802.923031547657 2.1234126984126984 

802.923031547657 2.1234126984126984 
671.5498884277674 70.90317460317463 
667.0247574271581 104.25753968253969 
662.9235734951496 117.6654761904762 
659.1682456054552 123.95198412698414 
655.6621816205611 147.18253968253967 
676.3983781977097 58.1571428571429 
655.5108976393234 180.9984126984126 
733.8656721932557 7.701984126984125 
748.5161819366699 5.505158730158729 
679.9613833272217 45.23650793650798 
680.030593807667 41.92857142857146 
679.5824021310393 45.253968253968274 
675.349291317782 59.41150793650799 
700.9759823711408 21.560317460317457 
714.8711929258757 14.553571428571423 
732.5310351695668 10.186111111111108 
713.3517803377122 19.109523809523804 
687.1888802495035 30.521825396825392 
700.9144729180236 23.67023809523809 
750.9864262911631 3.33452380952381 
687.2564796343654 28.411904761904758 
679.9731564841554 43.39841269841271 

671.5498884277674 70.90317460317463 
667.0247574271581 104.25753968253969 
662.9235734951496 117.6654761904762 
659.1682456054552 123.95198412698414 
655.6621816205611 147.18253968253967 
655.5108976393234 180.9984126984126 
679.5824021310393 45.253968253968274 
679.6280071092663 43.14404761904764 
684.3258054743059 34.04761904761905 
676.0595840488156 48.18293650793653 
687.1888802495035 30.521825396825392 
747.4693613733153 6.2634920634920634 
680.5761761345285 42.698809523809544 
748.4051186006137 5.953968253968254 
700.9759823711408 21.560317460317457 
687.2564796343654 28.411904761904758 
808.7929757467467 1.2111111111111112 
750.9864262911631 3.33452380952381 
714.8711929258757 14.553571428571423 
732.5310351695668 10.186111111111108 
733.8656721932557 7.701984126984125 
700.9144729180236 23.67023809523809 
684.9483554873952 33.960317460317455 
802.923031547657 2.1234126984126984 
730.348607275408 10.630952380952378 

671.5498884277674 70.90317460317463 
667.0247574271581 104.25753968253969 
662.9235734951496 117.6654761904762 
659.1682456054552 123.95198412698414 
655.6621816205611 147.18253968253967 
676.3983781977097 58.1571428571429 
655.5108976393234 180.9984126984126 
679.5824021310393 45.253968253968274 
679.770362965583 41.4230158730159 
687.2564796343654 28.411904761904758 
700.9144729180236 23.67023809523809 
714.8711929258757 14.553571428571423 
732.5310351695668 10.186111111111108 
733.8656721932557 7.701984126984125 
802.923031547657 2.1234126984126984 
700.9759823711408 21.560317460317457 
750.9864262911631 3.33452380952381 
687.1888802495035 30.521825396825392 

671.5498884277674 70.90317460317463 
667.0247574271581 104.25753968253969 
662.9235734951496 117.6654761904762 
659.1682456054552 123.95198412698414 
655.6621816205611 147.18253968253967 
655.5108976393234 180.9984126984126 
679.5824021310393 45.253968253968274 
679.4775962217824 46.89801587301589 
679.6280071092663 43.14404761904764 
676.3983781977097 58.1571428571429 
687.2564796343654 28.411904761904758 
714.8711929258757 14.553571428571423 
732.5310351695668 10.186111111111108 
733.8656721932557 7.701984126984125 
750.9864262911631 3.33452380952381 
700.9759823711408 21.560317460317457 
700.9144729180236 23.67023809523809 
802.923031547657 2.1234126984126984 
687.1888802495035 30.521825396825392 

671.5498884277674 70.90317460317463 
662.9235734951496 117.6654761904762 
659.1682456054552 123.95198412698414 
655.6621816205611 147.18253968253967 
676.3983781977097 58.1571428571429 
655.5108976393234 180.9984126984126 
744.0763330086561 8.684126984126982 
667.0247574271581 104.25753968253969 
680.6096368419965 45.192063492063525 
730.6459003741527 13.419047619047616 
679.5824021310393 45.253968253968274 
687.2564796343654 28.411904761904758 
700.9144729180236 23.67023809523809 
700.9759823711408 21.560317460317457 
698.3946746805916 24.1797619047619 
715.5186019624523 15.61587301587301 
750.9864262911631 3.33452380952381 
733.130540636821 11.248412698412695 
802.923031547657 2.1234126984126984 
713.0289135987334 17.786507936507935 
687.1888802495035 30.521825396825392 

679.5824021310393 45.253968253968274 
671.5498884277674 70.90317460317463 
667.0247574271581 104.25753968253969 
662.9235734951496 117.6654761904762 
659.1682456054552 123.95198412698414 
655.6621816205611 147.18253968253967 
655.5108976393234 180.9984126984126 
802.923031547657 2.1234126984126984 
679.4421453756329 51.161507936507974 
679.4775962217824 46.89801587301589 
676.3983781977097 58.1571428571429 
732.5310351695668 10.186111111111108 
733.8656721932557 7.701984126984125 
714.8711929258757 14.553571428571423 
687.2564796343654 28.411904761904758 
679.770362965583 41.4230158730159 
700.9144729180236 23.67023809523809 
700.9759823711408 21.560317460317457 
750.9864262911631 3.33452380952381 
687.1888802495035 30.521825396825392 
698.3946746805916 24.1797619047619 

671.5498884277674 70.90317460317463 
667.0247574271581 104.25753968253969 
662.9235734951496 117.6654761904762 
659.1682456054552 123.95198412698414 
655.6621816205611 147.18253968253967 
676.3983781977097 58.1571428571429 
655.5108976393234 180.9984126984126 
679.5824021310393 45.253968253968274 
714.8711929258757 14.553571428571423 
750.9864262911631 3.33452380952381 
687.1888802495035 30.521825396825392 
733.130540636821 11.248412698412695 
700.9144729180236 23.67023809523809 
866.5090543366972 0.0 
808.7929757467467 1.2111111111111112 
802.923031547657 2.1234126984126984 
733.8656721932557 7.701984126984125 

655.5108976393234 180.9984126984126 
679.5824021310393 45.253968253968274 
744.0763330086561 8.684126984126982 
671.5498884277674 70.90317460317463 
667.0247574271581 104.25753968253969 
662.9235734951496 117.6654761904762 
659.1682456054552 123.95198412698414 
655.6621816205611 147.18253968253967 
679.770362965583 41.4230158730159 
730.5685650342059 15.535714285714281 
675.8896693587092 55.70317460317462 
680.0136776616794 41.288492063492086 
732.5310351695668 10.186111111111108 
802.923031547657 2.1234126984126984 
687.2564796343654 28.411904761904758 
750.9864262911631 3.33452380952381 
715.9204790017527 17.19285714285714 
700.9759823711408 21.560317460317457 
700.9144729180236 23.67023809523809 
687.1888802495035 30.521825396825392 
715.8459378832257 19.302777777777774 

671.5498884277674 70.90317460317463 
667.0247574271581 104.25753968253969 
662.9235734951496 117.6654761904762 
659.1682456054552 123.95198412698414 
655.6621816205611 147.18253968253967 
676.3983781977097 58.1571428571429 
655.5108976393234 180.9984126984126 
679.4421453756329 51.161507936507974 
680.6096368419965 45.192063492063525 
700.9759823711408 21.560317460317457 
679.5824021310393 45.253968253968274 
714.8711929258757 14.553571428571423 
732.5310351695668 10.186111111111108 
802.923031547657 2.1234126984126984 
750.9864262911631 3.33452380952381 
676.2633283507407 66.90436507936512 
700.9144729180236 23.67023809523809 
733.8656721932557 7.701984126984125 
687.2564796343654 28.411904761904758 
687.1888802495035 30.521825396825392 

671.5498884277674 70.90317460317463 
667.0247574271581 104.25753968253969 
659.1682456054552 123.95198412698414 
655.6621816205611 147.18253968253967 
655.5108976393234 180.9984126984126 
676.3983781977097 58.1571428571429 
679.5824021310393 45.253968253968274 
662.9235734951496 117.6654761904762 
687.1888802495035 30.521825396825392 
715.5186019624523 15.61587301587301 
802.923031547657 2.1234126984126984 
750.9864262911631 3.33452380952381 
700.9144729180236 23.67023809523809 
732.5310351695668 10.186111111111108 
733.8656721932557 7.701984126984125 
700.9759823711408 21.560317460317457 
687.2564796343654 28.411904761904758 

676.3983781977097 58.1571428571429 
655.5108976393234 180.9984126984126 
679.5824021310393 45.253968253968274 
671.5498884277674 70.90317460317463 
667.0247574271581 104.25753968253969 
662.9235734951496 117.6654761904762 
659.1682456054552 123.95198412698414 
655.6621816205611 147.18253968253967 
747.4693613733153 6.2634920634920634 
679.8953480754058 43.34285714285717 
714.8711929258757 14.553571428571423 
732.5310351695668 10.186111111111108 
802.923031547657 2.1234126984126984 
700.9144729180236 23.67023809523809 
687.5318239716096 28.277380952380952 
687.2564796343654 28.411904761904758 
750.9864262911631 3.33452380952381 
700.9759823711408 21.560317460317457 
733.8656721932557 7.701984126984125 
701.216620210572 21.42579365079365 
687.1888802495035 30.521825396825392 

