750.9864262911631 3.33452380952381 
733.8656721932557 7.701984126984125 
715.9204790017527 17.19285714285714 
700.9759823711408 21.560317460317457 

750.9864262911631 3.33452380952381 
733.8656721932557 7.701984126984125 
716.1609576243036 17.058333333333334 
715.9204790017527 17.19285714285714 
701.216620210572 21.42579365079365 

750.9864262911631 3.33452380952381 
748.4051186006137 5.953968253968254 
733.8656721932557 7.701984126984125 
715.9204790017527 17.19285714285714 
700.9759823711408 21.560317460317457 

750.9864262911631 3.33452380952381 
733.8656721932557 7.701984126984125 
716.1609576243036 17.058333333333334 
715.9204790017527 17.19285714285714 
701.216620210572 21.42579365079365 

750.9864262911631 3.33452380952381 
748.4051186006137 5.953968253968254 
744.0763330086561 8.684126984126982 
715.9204790017527 17.19285714285714 
700.9759823711408 21.560317460317457 

802.923031547657 2.1234126984126984 
750.9864262911631 3.33452380952381 
733.8656721932557 7.701984126984125 
715.9204790017527 17.19285714285714 
715.8459378832257 19.302777777777774 
700.9759823711408 21.560317460317457 

750.9864262911631 3.33452380952381 
733.8656721932557 7.701984126984125 
731.3959871060372 9.872619047619045 
715.9204790017527 17.19285714285714 
700.9759823711408 21.560317460317457 

750.9864262911631 3.33452380952381 
733.8656721932557 7.701984126984125 
715.9204790017527 17.19285714285714 
700.9759823711408 21.560317460317457 

750.9864262911631 3.33452380952381 
733.8656721932557 7.701984126984125 
715.9204790017527 17.19285714285714 
700.9759823711408 21.560317460317457 

750.9864262911631 3.33452380952381 
733.8656721932557 7.701984126984125 
716.1609576243036 17.058333333333334 
715.9204790017527 17.19285714285714 
701.216620210572 21.42579365079365 

750.9864262911631 3.33452380952381 
748.4051186006137 5.953968253968254 
733.8656721932557 7.701984126984125 
731.2843645027064 10.32142857142857 
715.9204790017527 17.19285714285714 
700.9759823711408 21.560317460317457 

750.9864262911631 3.33452380952381 
744.0763330086561 8.684126984126982 
716.1609576243036 17.058333333333334 
715.9204790017527 17.19285714285714 
701.216620210572 21.42579365079365 

802.923031547657 2.1234126984126984 
750.9864262911631 3.33452380952381 
744.0763330086561 8.684126984126982 
715.9204790017527 17.19285714285714 
700.9759823711408 21.560317460317457 

750.9864262911631 3.33452380952381 
744.0763330086561 8.684126984126982 
716.1609576243036 17.058333333333334 
715.9204790017527 17.19285714285714 
701.216620210572 21.42579365079365 

750.9864262911631 3.33452380952381 
748.4051186006137 5.953968253968254 
733.8656721932557 7.701984126984125 
716.1609576243036 17.058333333333334 
715.9204790017527 17.19285714285714 
701.216620210572 21.42579365079365 

750.9864262911631 3.33452380952381 
744.0763330086561 8.684126984126982 
715.9204790017527 17.19285714285714 
700.9759823711408 21.560317460317457 

750.9864262911631 3.33452380952381 
733.8656721932557 7.701984126984125 
715.9204790017527 17.19285714285714 
700.9759823711408 21.560317460317457 

750.9864262911631 3.33452380952381 
748.4051186006137 5.953968253968254 
733.8656721932557 7.701984126984125 
715.9204790017527 17.19285714285714 
713.3391713112036 19.812301587301583 
700.9759823711408 21.560317460317457 

750.9864262911631 3.33452380952381 
733.8656721932557 7.701984126984125 
715.9204790017527 17.19285714285714 
700.9759823711408 21.560317460317457 

750.9864262911631 3.33452380952381 
733.8656721932557 7.701984126984125 
715.9204790017527 17.19285714285714 
700.9759823711408 21.560317460317457 

750.9864262911631 3.33452380952381 
733.8656721932557 7.701984126984125 
716.1609576243036 17.058333333333334 
715.9204790017527 17.19285714285714 
701.216620210572 21.42579365079365 

750.9864262911631 3.33452380952381 
733.8656721932557 7.701984126984125 
715.9204790017527 17.19285714285714 
700.9759823711408 21.560317460317457 

750.9864262911631 3.33452380952381 
744.0763330086561 8.684126984126982 
735.9898907820395 12.801587301587299 
715.9204790017527 17.19285714285714 
700.9759823711408 21.560317460317457 

750.9864262911631 3.33452380952381 
744.0763330086561 8.684126984126982 
716.1609576243036 17.058333333333334 
715.9204790017527 17.19285714285714 
701.216620210572 21.42579365079365 

750.9864262911631 3.33452380952381 
744.0763330086561 8.684126984126982 
715.9204790017527 17.19285714285714 
700.9759823711408 21.560317460317457 

750.9864262911631 3.33452380952381 
733.8656721932557 7.701984126984125 
715.9204790017527 17.19285714285714 
700.9759823711408 21.560317460317457 

750.9864262911631 3.33452380952381 
733.8656721932557 7.701984126984125 
715.9204790017527 17.19285714285714 
700.9759823711408 21.560317460317457 

750.9864262911631 3.33452380952381 
733.8656721932557 7.701984126984125 
716.1609576243036 17.058333333333334 
715.9204790017527 17.19285714285714 
701.216620210572 21.42579365079365 

750.9864262911631 3.33452380952381 
744.0763330086561 8.684126984126982 
715.9204790017527 17.19285714285714 
700.9759823711408 21.560317460317457 

750.9864262911631 3.33452380952381 
733.8656721932557 7.701984126984125 
731.3959871060372 9.872619047619045 
715.9204790017527 17.19285714285714 
700.9759823711408 21.560317460317457 

