671.5498884277674 70.90317460317463 
667.0247574271581 104.25753968253969 
802.923031547657 2.1234126984126984 
750.9864262911631 3.33452380952381 
702.300849111107 28.708333333333332 
676.3983781977097 58.1571428571429 
664.8457037132622 138.8492063492063 
715.8459378832257 19.302777777777774 
687.1888802495035 30.521825396825392 
679.5824021310393 45.253968253968274 

667.0247574271581 104.25753968253969 
662.9235734951496 117.6654761904762 
659.1682456054552 123.95198412698414 
655.6621816205611 147.18253968253967 
845.300616777603 2.1234126984126984 
750.9864262911631 3.33452380952381 
676.3983781977097 58.1571428571429 
702.1889743826687 26.383333333333326 
687.1888802495035 30.521825396825392 
679.5824021310393 45.253968253968274 
673.8287241970074 79.21309523809525 
738.7056668622405 18.909523809523808 
744.0763330086561 8.684126984126982 

667.0247574271581 104.25753968253969 
662.9235734951496 117.6654761904762 
750.9864262911631 3.33452380952381 
676.3983781977097 58.1571428571429 
660.0059189092904 139.18055555555554 
687.1888802495035 30.521825396825392 
700.9144729180236 23.67023809523809 
679.5824021310393 45.253968253968274 
671.5498884277674 70.90317460317463 

679.5824021310393 45.253968253968274 
750.9864262911631 3.33452380952381 
802.923031547657 2.1234126984126984 
744.0763330086561 8.684126984126982 
671.5498884277674 70.90317460317463 
667.0247574271581 104.25753968253969 
702.300849111107 28.708333333333332 
676.3983781977097 58.1571428571429 
664.8457037132622 138.8492063492063 
660.0059189092904 139.18055555555554 
655.5108976393234 180.9984126984126 
687.1888802495035 30.521825396825392 

802.923031547657 2.1234126984126984 
744.0763330086561 8.684126984126982 
671.5498884277674 70.90317460317463 
667.0247574271581 104.25753968253969 
662.9235734951496 117.6654761904762 
659.1682456054552 123.95198412698414 
655.6621816205611 147.18253968253967 
717.2256565942621 24.340873015873015 
681.2735565652233 49.63333333333337 
676.3983781977097 58.1571428571429 
655.5108976393234 180.9984126984126 
687.1888802495035 30.521825396825392 

671.5498884277674 70.90317460317463 
667.0247574271581 104.25753968253969 
662.9235734951496 117.6654761904762 
845.300616777603 2.1234126984126984 
750.9864262911631 3.33452380952381 
702.300849111107 28.708333333333332 
676.3983781977097 58.1571428571429 
660.0059189092904 139.18055555555554 
655.5108976393234 180.9984126984126 
734.4623679171843 22.425 
687.1888802495035 30.521825396825392 
679.5824021310393 45.253968253968274 
717.3813165163973 27.27420634920635 

845.300616777603 2.1234126984126984 
750.9864262911631 3.33452380952381 
676.3983781977097 58.1571428571429 
660.0059189092904 139.18055555555554 
655.5108976393234 180.9984126984126 
700.9144729180236 23.67023809523809 
687.1888802495035 30.521825396825392 
679.5824021310393 45.253968253968274 
673.7559971424538 78.58531746031748 
696.619859322422 29.82777777777778 
733.7424853802169 18.909523809523808 

750.9864262911631 3.33452380952381 
715.8459378832257 19.302777777777774 
679.5824021310393 45.253968253968274 
737.5309408185187 15.980555555555553 
744.0763330086561 8.684126984126982 
671.5498884277674 70.90317460317463 
667.0247574271581 104.25753968253969 
662.9235734951496 117.6654761904762 
659.1682456054552 123.95198412698414 
655.6621816205611 147.18253968253967 
702.300849111107 28.708333333333332 
688.8129397789046 36.622222222222234 
676.3983781977097 58.1571428571429 
655.5108976393234 180.9984126984126 

715.8459378832257 19.302777777777774 
687.1888802495035 30.521825396825392 
734.013875900671 18.909523809523808 
737.5309408185187 15.980555555555553 
744.0763330086561 8.684126984126982 
671.5498884277674 70.90317460317463 
667.0247574271581 104.25753968253969 
662.9235734951496 117.6654761904762 
702.300849111107 28.708333333333332 
681.2735565652233 49.63333333333337 
676.3983781977097 58.1571428571429 
660.0059189092904 139.18055555555554 
655.5108976393234 180.9984126984126 
750.9864262911631 3.33452380952381 

750.9864262911631 3.33452380952381 
739.6512805840025 21.76825396825397 
700.9144729180236 23.67023809523809 
687.1888802495035 30.521825396825392 
667.0247574271581 104.25753968253969 
659.1682456054552 123.95198412698414 
681.2735565652233 49.63333333333337 
673.6803024596239 79.76706349206351 

750.9864262911631 3.33452380952381 
715.8459378832257 19.302777777777774 
687.1888802495035 30.521825396825392 
679.5824021310393 45.253968253968274 
744.0763330086561 8.684126984126982 
671.5498884277674 70.90317460317463 
667.0247574271581 104.25753968253969 
662.9235734951496 117.6654761904762 
659.1682456054552 123.95198412698414 
655.6621816205611 147.18253968253967 
733.130540636821 11.248412698412695 
676.3983781977097 58.1571428571429 

667.0247574271581 104.25753968253969 
662.9235734951496 117.6654761904762 
659.1682456054552 123.95198412698414 
750.9864262911631 3.33452380952381 
702.300849111107 28.708333333333332 
688.8129397789046 36.622222222222234 
676.3983781977097 58.1571428571429 
655.5108976393234 180.9984126984126 
715.8459378832257 19.302777777777774 
679.5824021310393 45.253968253968274 
673.7080555883578 79.57698412698416 

671.5498884277674 70.90317460317463 
667.0247574271581 104.25753968253969 
662.9235734951496 117.6654761904762 
659.1682456054552 123.95198412698414 
802.923031547657 2.1234126984126984 
750.9864262911631 3.33452380952381 
702.300849111107 28.708333333333332 
676.3983781977097 58.1571428571429 
732.5310351695668 10.186111111111108 
687.1888802495035 30.521825396825392 
679.5824021310393 45.253968253968274 
732.0417669634472 28.642063492063492 

673.6803024596239 79.76706349206351 
802.923031547657 2.1234126984126984 
744.0763330086561 8.684126984126982 
667.0247574271581 104.25753968253969 
662.9235734951496 117.6654761904762 
750.9864262911631 3.33452380952381 
703.3707790994206 32.25476190476191 
688.8129397789046 36.622222222222234 
676.3983781977097 58.1571428571429 
660.0059189092904 139.18055555555554 
655.5108976393234 180.9984126984126 
679.5824021310393 45.253968253968274 
673.7851083688809 78.12301587301589 

802.923031547657 2.1234126984126984 
744.0763330086561 8.684126984126982 
800.4137874174226 4.294047619047619 
667.0247574271581 104.25753968253969 
662.9235734951496 117.6654761904762 
659.1682456054552 123.95198412698414 
676.3983781977097 58.1571428571429 
655.5108976393234 180.9984126984126 
700.9144729180236 23.67023809523809 
687.1888802495035 30.521825396825392 
679.5824021310393 45.253968253968274 
673.6803024596239 79.76706349206351 

744.0763330086561 8.684126984126982 
662.9235734951496 117.6654761904762 
659.1682456054552 123.95198412698414 
655.6621816205611 147.18253968253967 
750.9864262911631 3.33452380952381 
688.8129397789046 36.622222222222234 
676.3983781977097 58.1571428571429 
655.5108976393234 180.9984126984126 
700.9759823711408 21.560317460317457 
700.9144729180236 23.67023809523809 
679.5824021310393 45.253968253968274 
673.7851083688809 78.12301587301589 

802.923031547657 2.1234126984126984 
744.0763330086561 8.684126984126982 
662.9235734951496 117.6654761904762 
659.1682456054552 123.95198412698414 
750.9864262911631 3.33452380952381 
688.8129397789046 36.622222222222234 
676.3983781977097 58.1571428571429 
655.5108976393234 180.9984126984126 
700.9144729180236 23.67023809523809 
673.6803024596239 79.76706349206351 

802.923031547657 2.1234126984126984 
733.7997373894116 22.984126984126984 
744.0763330086561 8.684126984126982 
662.9235734951496 117.6654761904762 
659.1682456054552 123.95198412698414 
655.6621816205611 147.18253968253967 
793.5519044430575 3.33452380952381 
702.300849111107 28.708333333333332 
681.2735565652233 49.63333333333337 
676.3983781977097 58.1571428571429 
655.5108976393234 180.9984126984126 
687.1888802495035 30.521825396825392 
673.83283647299 77.13134920634921 
673.6803024596239 79.76706349206351 
717.3813165163973 27.27420634920635 

671.5498884277674 70.90317460317463 
667.0247574271581 104.25753968253969 
659.1682456054552 123.95198412698414 
845.300616777603 2.1234126984126984 
750.9864262911631 3.33452380952381 
687.1888802495035 30.521825396825392 
744.0763330086561 8.684126984126982 
662.9235734951496 117.6654761904762 
715.8459378832257 19.302777777777774 
679.5824021310393 45.253968253968274 
655.6621816205611 147.18253968253967 
676.3983781977097 58.1571428571429 

750.9864262911631 3.33452380952381 
715.8459378832257 19.302777777777774 
679.5824021310393 45.253968253968274 
706.4558014801295 33.21944444444445 
744.0763330086561 8.684126984126982 
671.5498884277674 70.90317460317463 
667.0247574271581 104.25753968253969 
662.9235734951496 117.6654761904762 
659.1682456054552 123.95198412698414 
705.5940310942931 34.07976190476191 
688.8129397789046 36.622222222222234 
676.3983781977097 58.1571428571429 

750.9864262911631 3.33452380952381 
715.8459378832257 19.302777777777774 
673.6803024596239 79.76706349206351 
802.923031547657 2.1234126984126984 
706.4558014801295 33.21944444444445 
744.0763330086561 8.684126984126982 
667.0247574271581 104.25753968253969 
662.9235734951496 117.6654761904762 
659.1682456054552 123.95198412698414 
688.8129397789046 36.622222222222234 
681.2735565652233 49.63333333333337 
676.3983781977097 58.1571428571429 
655.5108976393234 180.9984126984126 

687.1888802495035 30.521825396825392 
679.5824021310393 45.253968253968274 
673.6803024596239 79.76706349206351 
717.3813165163973 27.27420634920635 
802.923031547657 2.1234126984126984 
744.0763330086561 8.684126984126982 
667.0247574271581 104.25753968253969 
662.9235734951496 117.6654761904762 
659.1682456054552 123.95198412698414 
655.6621816205611 147.18253968253967 
676.3983781977097 58.1571428571429 
655.5108976393234 180.9984126984126 

655.5108976393234 180.9984126984126 
750.9864262911631 3.33452380952381 
715.8459378832257 19.302777777777774 
700.9144729180236 23.67023809523809 
802.923031547657 2.1234126984126984 
744.0763330086561 8.684126984126982 
671.5498884277674 70.90317460317463 
667.0247574271581 104.25753968253969 
662.9235734951496 117.6654761904762 
659.1682456054552 123.95198412698414 
655.6621816205611 147.18253968253967 
688.8129397789046 36.622222222222234 
681.2735565652233 49.63333333333337 
676.3983781977097 58.1571428571429 

750.9864262911631 3.33452380952381 
700.9144729180236 23.67023809523809 
802.923031547657 2.1234126984126984 
744.0763330086561 8.684126984126982 
671.5498884277674 70.90317460317463 
667.0247574271581 104.25753968253969 
715.5186019624523 15.61587301587301 
733.130540636821 11.248412698412695 
688.8129397789046 36.622222222222234 
681.2735565652233 49.63333333333337 
676.3983781977097 58.1571428571429 
664.8457037132622 138.8492063492063 
660.0059189092904 139.18055555555554 
655.5108976393234 180.9984126984126 

715.8459378832257 19.302777777777774 
744.0763330086561 8.684126984126982 
750.9864262911631 3.33452380952381 
702.300849111107 28.708333333333332 
682.3096354696404 53.184523809523824 
671.5498884277674 70.90317460317463 
732.5310351695668 10.186111111111108 
687.1888802495035 30.521825396825392 
681.3915864873451 63.390873015873055 
662.9235734951496 117.6654761904762 
655.6621816205611 147.18253968253967 

655.5108976393234 180.9984126984126 
750.9864262911631 3.33452380952381 
700.9144729180236 23.67023809523809 
679.5824021310393 45.253968253968274 
731.619575530028 22.984126984126984 
740.2362345966428 21.984126984126984 
671.5498884277674 70.90317460317463 
667.0247574271581 104.25753968253969 
662.9235734951496 117.6654761904762 
659.1682456054552 123.95198412698414 
655.6621816205611 147.18253968253967 
688.8129397789046 36.622222222222234 
676.3983781977097 58.1571428571429 

750.9864262911631 3.33452380952381 
802.923031547657 2.1234126984126984 
674.7500498099254 82.38888888888893 
715.8459378832257 19.302777777777774 
687.1888802495035 30.521825396825392 
700.9759823711408 21.560317460317457 
667.0247574271581 104.25753968253969 
659.1682456054552 123.95198412698414 
681.2735565652233 49.63333333333337 
676.3983781977097 58.1571428571429 

750.9864262911631 3.33452380952381 
715.8459378832257 19.302777777777774 
700.9144729180236 23.67023809523809 
741.4521346714081 14.34206349206349 
744.0763330086561 8.684126984126982 
671.5498884277674 70.90317460317463 
667.0247574271581 104.25753968253969 
662.9235734951496 117.6654761904762 
659.1682456054552 123.95198412698414 
655.6621816205611 147.18253968253967 
688.8129397789046 36.622222222222234 
681.2735565652233 49.63333333333337 
676.3983781977097 58.1571428571429 

750.9864262911631 3.33452380952381 
715.8459378832257 19.302777777777774 
687.1888802495035 30.521825396825392 
679.5824021310393 45.253968253968274 
802.923031547657 2.1234126984126984 
744.0763330086561 8.684126984126982 
671.5498884277674 70.90317460317463 
667.0247574271581 104.25753968253969 
662.9235734951496 117.6654761904762 
659.1682456054552 123.95198412698414 
655.6621816205611 147.18253968253967 
676.3983781977097 58.1571428571429 
655.5108976393234 180.9984126984126 

700.9144729180236 23.67023809523809 
679.5824021310393 45.253968253968274 
802.923031547657 2.1234126984126984 
744.0763330086561 8.684126984126982 
800.4137874174226 4.294047619047619 
671.5498884277674 70.90317460317463 
667.0247574271581 104.25753968253969 
662.9235734951496 117.6654761904762 
659.1682456054552 123.95198412698414 
688.8129397789046 36.622222222222234 
676.3983781977097 58.1571428571429 
655.5108976393234 180.9984126984126 

