655.6621816205611 147.18253968253967 
659.1682456054552 123.95198412698414 
662.9235734951496 117.6654761904762 
667.0247574271581 104.25753968253969 
671.5498884277674 70.90317460317463 
676.3983781977097 58.1571428571429 
678.2811833763169 53.65079365079369 
679.4775962217824 46.89801587301589 
680.1675931618938 41.927380952380986 
683.6488766588778 34.274206349206345 
687.2564796343654 28.411904761904758 
700.9144729180236 23.67023809523809 
700.9759823711408 21.560317460317457 
712.9372942719032 18.235317460317454 
714.8711929258757 14.553571428571423 
733.8656721932557 7.701984126984125 
655.5108976393234 180.9984126984126 
679.9731564841554 43.39841269841271 
687.1888802495035 30.521825396825392 

655.6621816205611 147.18253968253967 
659.1682456054552 123.95198412698414 
662.9235734951496 117.6654761904762 
667.0247574271581 104.25753968253969 
671.5498884277674 70.90317460317463 
675.04338148036 55.99444444444448 
679.5824021310393 45.253968253968274 
679.6280071092663 43.14404761904764 
687.1888802495035 30.521825396825392 
687.2564796343654 28.411904761904758 
700.9144729180236 23.67023809523809 
700.9759823711408 21.560317460317457 
714.8711929258757 14.553571428571423 
732.5310351695668 10.186111111111108 
750.9864262911631 3.33452380952381 
655.5108976393234 180.9984126984126 

655.6621816205611 147.18253968253967 
659.1682456054552 123.95198412698414 
662.9235734951496 117.6654761904762 
667.0247574271581 104.25753968253969 
670.7988892308805 91.459126984127 
671.5498884277674 70.90317460317463 
676.3983781977097 58.1571428571429 
678.2811833763169 53.65079365079369 
679.5824021310393 45.253968253968274 
683.1296731462594 40.904761904761926 
687.1888802495035 30.521825396825392 
687.2564796343654 28.411904761904758 
700.9144729180236 23.67023809523809 
700.9759823711408 21.560317460317457 
714.8711929258757 14.553571428571423 
732.5310351695668 10.186111111111108 
750.9864262911631 3.33452380952381 
655.5108976393234 180.9984126984126 

655.6621816205611 147.18253968253967 
659.1682456054552 123.95198412698414 
662.9235734951496 117.6654761904762 
667.0247574271581 104.25753968253969 
671.5498884277674 70.90317460317463 
675.5667479702759 58.182539682539726 
676.3983781977097 58.1571428571429 
679.4082639825704 52.757142857142895 
679.5824021310393 45.253968253968274 
679.770362965583 41.4230158730159 
687.1888802495035 30.521825396825392 
687.2564796343654 28.411904761904758 
700.9144729180236 23.67023809523809 
700.9759823711408 21.560317460317457 
714.8711929258757 14.553571428571423 
732.5310351695668 10.186111111111108 
750.9864262911631 3.33452380952381 
655.5108976393234 180.9984126984126 
679.4421453756329 51.161507936507974 
679.6153328709943 43.73452380952383 

655.6621816205611 147.18253968253967 
659.1682456054552 123.95198412698414 
662.9235734951496 117.6654761904762 
667.0247574271581 104.25753968253969 
671.5498884277674 70.90317460317463 
676.1335348217713 57.65158730158734 
676.8945013757977 50.446031746031764 
679.5824021310393 45.253968253968274 
683.1296731462594 40.904761904761926 
684.0385151997095 32.51746031746031 
687.2564796343654 28.411904761904758 
700.9759823711408 21.560317460317457 
714.8711929258757 14.553571428571423 
733.8656721932557 7.701984126984125 
655.5108976393234 180.9984126984126 
687.1888802495035 30.521825396825392 

655.6621816205611 147.18253968253967 
659.1682456054552 123.95198412698414 
662.9235734951496 117.6654761904762 
667.0247574271581 104.25753968253969 
671.5498884277674 70.90317460317463 
675.4744237396399 58.38412698412702 
676.3983781977097 58.1571428571429 
679.3683241044399 54.86706349206353 
679.4775962217824 46.89801587301589 
679.5824021310393 45.253968253968274 
679.770362965583 41.4230158730159 
687.1888802495035 30.521825396825392 
687.2564796343654 28.411904761904758 
700.9144729180236 23.67023809523809 
700.9759823711408 21.560317460317457 
714.8711929258757 14.553571428571423 
732.5310351695668 10.186111111111108 
750.9864262911631 3.33452380952381 
655.5108976393234 180.9984126984126 
679.6280071092663 43.14404761904764 

655.6621816205611 147.18253968253967 
659.1682456054552 123.95198412698414 
662.9235734951496 117.6654761904762 
667.0247574271581 104.25753968253969 
671.4585278627029 88.49920634920636 
671.5498884277674 70.90317460317463 
675.5661520219239 60.12976190476196 
676.3983781977097 58.1571428571429 
679.5824021310393 45.253968253968274 
686.1935220959792 40.2027777777778 
687.1888802495035 30.521825396825392 
687.2564796343654 28.411904761904758 
700.9759823711408 21.560317460317457 
714.8711929258757 14.553571428571423 
732.5310351695668 10.186111111111108 
733.8656721932557 7.701984126984125 
655.5108976393234 180.9984126984126 

655.6621816205611 147.18253968253967 
659.1682456054552 123.95198412698414 
662.9235734951496 117.6654761904762 
667.0247574271581 104.25753968253969 
670.2429271985702 96.32023809523804 
671.5498884277674 70.90317460317463 
676.3983781977097 58.1571428571429 
679.5824021310393 45.253968253968274 
679.6175951375019 42.74285714285717 
687.1888802495035 30.521825396825392 
687.2564796343654 28.411904761904758 
700.9759823711408 21.560317460317457 
714.8711929258757 14.553571428571423 
733.8656721932557 7.701984126984125 
750.9864262911631 3.33452380952381 
655.5108976393234 180.9984126984126 
670.921581013632 95.47142857142853 

655.6621816205611 147.18253968253967 
659.1682456054552 123.95198412698414 
662.9235734951496 117.6654761904762 
667.0247574271581 104.25753968253969 
671.5498884277674 70.90317460317463 
676.1734379864274 58.84880952380955 
676.3983781977097 58.1571428571429 
679.5824021310393 45.253968253968274 
679.9220397071902 42.061904761904785 
687.1888802495035 30.521825396825392 
687.2564796343654 28.411904761904758 
700.9759823711408 21.560317460317457 
714.8711929258757 14.553571428571423 
733.130540636821 11.248412698412695 
750.9864262911631 3.33452380952381 
679.6301302351485 44.26230158730161 
733.8656721932557 7.701984126984125 
655.5108976393234 180.9984126984126 

655.5108976393234 180.9984126984126 
659.1682456054552 123.95198412698414 
662.9235734951496 117.6654761904762 
669.0594229662423 112.23730158730156 
669.6272117372703 101.7718253968254 
670.4655594831662 91.41785714285712 
671.5498884277674 70.90317460317463 
678.4323508426284 51.19047619047622 
679.5824021310393 45.253968253968274 
679.6280071092663 43.14404761904764 
685.9045902344385 38.179365079365084 
687.1888802495035 30.521825396825392 
687.2564796343654 28.411904761904758 
698.3946746805916 24.1797619047619 
700.9759823711408 21.560317460317457 
713.3391713112036 19.812301587301583 
714.8711929258757 14.553571428571423 
732.5310351695668 10.186111111111108 
750.9864262911631 3.33452380952381 
729.9497274790177 12.805555555555554 

655.6621816205611 147.18253968253967 
659.1682456054552 123.95198412698414 
662.9235734951496 117.6654761904762 
667.0247574271581 104.25753968253969 
671.5498884277674 70.90317460317463 
676.3983781977097 58.1571428571429 
679.4775962217824 46.89801587301589 
679.5824021310393 45.253968253968274 
679.770362965583 41.4230158730159 
687.1888802495035 30.521825396825392 
687.2564796343654 28.411904761904758 
700.9144729180236 23.67023809523809 
700.9759823711408 21.560317460317457 
714.8711929258757 14.553571428571423 
732.5310351695668 10.186111111111108 
750.9864262911631 3.33452380952381 
655.5108976393234 180.9984126984126 

655.6621816205611 147.18253968253967 
659.1682456054552 123.95198412698414 
662.9235734951496 117.6654761904762 
667.0247574271581 104.25753968253969 
671.5498884277674 70.90317460317463 
676.3983781977097 58.1571428571429 
679.4082639825704 52.757142857142895 
679.4775962217824 46.89801587301589 
680.2639259462478 42.71746031746035 
687.1888802495035 30.521825396825392 
687.2564796343654 28.411904761904758 
700.9759823711408 21.560317460317457 
714.8711929258757 14.553571428571423 
733.8656721932557 7.701984126984125 
655.5108976393234 180.9984126984126 
679.5824021310393 45.253968253968274 
679.5984703824652 43.606349206349236 

655.6621816205611 147.18253968253967 
659.1682456054552 123.95198412698414 
662.9235734951496 117.6654761904762 
667.0247574271581 104.25753968253969 
671.3120120727467 88.37698412698414 
671.5498884277674 70.90317460317463 
676.3983781977097 58.1571428571429 
678.246150035555 55.760714285714315 
679.5824021310393 45.253968253968274 
679.770362965583 41.4230158730159 
687.1888802495035 30.521825396825392 
687.2564796343654 28.411904761904758 
700.9144729180236 23.67023809523809 
700.9759823711408 21.560317460317457 
714.8711929258757 14.553571428571423 
732.5310351695668 10.186111111111108 
750.9864262911631 3.33452380952381 
655.5108976393234 180.9984126984126 

655.6621816205611 147.18253968253967 
659.1682456054552 123.95198412698414 
662.9235734951496 117.6654761904762 
667.0247574271581 104.25753968253969 
671.5498884277674 70.90317460317463 
676.3983781977097 58.1571428571429 
679.4775962217824 46.89801587301589 
679.5824021310393 45.253968253968274 
679.6617430601098 41.624603174603195 
687.1888802495035 30.521825396825392 
687.2564796343654 28.411904761904758 
700.9144729180236 23.67023809523809 
700.9759823711408 21.560317460317457 
715.9204790017527 17.19285714285714 
732.5310351695668 10.186111111111108 
750.9864262911631 3.33452380952381 
655.5108976393234 180.9984126984126 
686.1935220959792 40.2027777777778 

655.6621816205611 147.18253968253967 
659.1682456054552 123.95198412698414 
662.9235734951496 117.6654761904762 
667.0247574271581 104.25753968253969 
671.5498884277674 70.90317460317463 
675.8720447886856 61.444841269841284 
676.152926147355 60.676984126984166 
676.3983781977097 58.1571428571429 
679.5824021310393 45.253968253968274 
679.6631881183328 40.632936507936535 
687.1888802495035 30.521825396825392 
687.2564796343654 28.411904761904758 
698.3946746805916 24.1797619047619 
700.9759823711408 21.560317460317457 
714.8711929258757 14.553571428571423 
732.5310351695668 10.186111111111108 
733.8656721932557 7.701984126984125 
750.9864262911631 3.33452380952381 
655.5108976393234 180.9984126984126 

655.6621816205611 147.18253968253967 
659.1682456054552 123.95198412698414 
662.9235734951496 117.6654761904762 
667.0247574271581 104.25753968253969 
671.5498884277674 70.90317460317463 
676.3983781977097 58.1571428571429 
679.5824021310393 45.253968253968274 
679.6617430601098 41.624603174603195 
687.1888802495035 30.521825396825392 
687.2564796343654 28.411904761904758 
700.9759823711408 21.560317460317457 
714.8711929258757 14.553571428571423 
733.8656721932557 7.701984126984125 
655.5108976393234 180.9984126984126 

655.6621816205611 147.18253968253967 
659.1682456054552 123.95198412698414 
662.9235734951496 117.6654761904762 
667.0247574271581 104.25753968253969 
671.5498884277674 70.90317460317463 
675.1693256924638 59.42460317460322 
676.3983781977097 58.1571428571429 
679.4775962217824 46.89801587301589 
679.8918712503023 43.24841269841272 
685.5238738640041 39.605952380952395 
687.1888802495035 30.521825396825392 
687.2564796343654 28.411904761904758 
700.9759823711408 21.560317460317457 
714.8711929258757 14.553571428571423 
733.8656721932557 7.701984126984125 
750.9864262911631 3.33452380952381 
655.5108976393234 180.9984126984126 

655.6621816205611 147.18253968253967 
659.1682456054552 123.95198412698414 
662.9235734951496 117.6654761904762 
667.0247574271581 104.25753968253969 
671.5498884277674 70.90317460317463 
676.3983781977097 58.1571428571429 
679.5824021310393 45.253968253968274 
679.9208798972918 43.05357142857146 
684.6751719438162 31.0313492063492 
687.2564796343654 28.411904761904758 
698.3946746805916 24.1797619047619 
700.9759823711408 21.560317460317457 
714.8711929258757 14.553571428571423 
733.8656721932557 7.701984126984125 
750.9864262911631 3.33452380952381 
655.5108976393234 180.9984126984126 
679.6280071092663 43.14404761904764 

655.6621816205611 147.18253968253967 
659.1682456054552 123.95198412698414 
662.9235734951496 117.6654761904762 
666.6157212055656 103.6297619047619 
671.0678142043298 68.96865079365082 
676.3983781977097 58.1571428571429 
679.5824021310393 45.253968253968274 
679.6280071092663 43.14404761904764 
684.6751719438162 31.0313492063492 
687.2564796343654 28.411904761904758 
698.3946746805916 24.1797619047619 
700.9759823711408 21.560317460317457 
714.8711929258757 14.553571428571423 
732.5310351695668 10.186111111111108 
750.9864262911631 3.33452380952381 
655.5108976393234 180.9984126984126 
678.246150035555 55.760714285714315 
687.1888802495035 30.521825396825392 

655.6621816205611 147.18253968253967 
659.1682456054552 123.95198412698414 
662.9235734951496 117.6654761904762 
667.0247574271581 104.25753968253969 
671.2278174382902 87.07023809523811 
671.5498884277674 70.90317460317463 
676.3983781977097 58.1571428571429 
679.4775962217824 46.89801587301589 
679.5824021310393 45.253968253968274 
679.6750300917608 42.15238095238098 
682.6868882621498 39.47460317460319 
687.1888802495035 30.521825396825392 
687.2564796343654 28.411904761904758 
700.9144729180236 23.67023809523809 
700.9759823711408 21.560317460317457 
714.8711929258757 14.553571428571423 
729.9497274790177 12.805555555555554 
732.5310351695668 10.186111111111108 
748.4051186006137 5.953968253968254 
750.9864262911631 3.33452380952381 
655.5108976393234 180.9984126984126 

655.6621816205611 147.18253968253967 
659.1682456054552 123.95198412698414 
662.9235734951496 117.6654761904762 
667.0247574271581 104.25753968253969 
669.0673801611259 96.35753968253972 
671.5498884277674 70.90317460317463 
676.3983781977097 58.1571428571429 
679.5824021310393 45.253968253968274 
679.7243811559797 43.53293650793653 
687.1888802495035 30.521825396825392 
687.2564796343654 28.411904761904758 
698.3946746805916 24.1797619047619 
700.9759823711408 21.560317460317457 
714.8711929258757 14.553571428571423 
733.8656721932557 7.701984126984125 
655.5108976393234 180.9984126984126 
700.9144729180236 23.67023809523809 

655.6621816205611 147.18253968253967 
659.1682456054552 123.95198412698414 
662.9235734951496 117.6654761904762 
666.6695940909717 100.32182539682539 
669.1448896942177 90.23293650793653 
671.5498884277674 70.90317460317463 
675.6657380351216 62.79920634920639 
676.3983781977097 58.1571428571429 
679.5824021310393 45.253968253968274 
680.0136776616794 41.288492063492086 
687.1888802495035 30.521825396825392 
687.2564796343654 28.411904761904758 
698.3946746805916 24.1797619047619 
700.9759823711408 21.560317460317457 
714.8711929258757 14.553571428571423 
732.5310351695668 10.186111111111108 
750.9864262911631 3.33452380952381 
655.5108976393234 180.9984126984126 
679.7224605817973 42.41468253968257 
700.9144729180236 23.67023809523809 

655.6621816205611 147.18253968253967 
659.1682456054552 123.95198412698414 
662.9235734951496 117.6654761904762 
667.0247574271581 104.25753968253969 
669.6272117372703 101.7718253968254 
671.5498884277674 70.90317460317463 
676.3983781977097 58.1571428571429 
679.5824021310393 45.253968253968274 
679.8199808340551 44.13134920634924 
684.6751719438162 31.0313492063492 
687.2564796343654 28.411904761904758 
700.9144729180236 23.67023809523809 
700.9759823711408 21.560317460317457 
714.8711929258757 14.553571428571423 
732.5310351695668 10.186111111111108 
750.9864262911631 3.33452380952381 
655.5108976393234 180.9984126984126 
687.1888802495035 30.521825396825392 

655.6621816205611 147.18253968253967 
659.1682456054552 123.95198412698414 
662.9235734951496 117.6654761904762 
667.0247574271581 104.25753968253969 
670.8216259306996 97.76269841269841 
671.5498884277674 70.90317460317463 
676.3983781977097 58.1571428571429 
679.4775962217824 46.89801587301589 
679.5824021310393 45.253968253968274 
679.6175951375019 42.74285714285717 
685.324232451839 31.148015873015872 
687.2564796343654 28.411904761904758 
687.5318239716096 28.277380952380952 
698.3946746805916 24.1797619047619 
700.9759823711408 21.560317460317457 
714.8711929258757 14.553571428571423 
732.5310351695668 10.186111111111108 
748.4051186006137 5.953968253968254 
750.9864262911631 3.33452380952381 
655.5108976393234 180.9984126984126 
679.5053493505162 46.70793650793654 
687.1888802495035 30.521825396825392 

655.6621816205611 147.18253968253967 
659.1682456054552 123.95198412698414 
662.9235734951496 117.6654761904762 
667.0247574271581 104.25753968253969 
669.430195575906 93.02777777777781 
671.5498884277674 70.90317460317463 
675.6637885602904 69.99365079365084 
676.3983781977097 58.1571428571429 
679.5824021310393 45.253968253968274 
683.1296731462594 40.904761904761926 
687.1888802495035 30.521825396825392 
687.2564796343654 28.411904761904758 
700.9144729180236 23.67023809523809 
714.8711929258757 14.553571428571423 
733.8656721932557 7.701984126984125 

655.6621816205611 147.18253968253967 
659.1682456054552 123.95198412698414 
662.9235734951496 117.6654761904762 
667.0247574271581 104.25753968253969 
671.5498884277674 70.90317460317463 
675.6792900558273 61.680952380952434 
676.3983781977097 58.1571428571429 
678.2811833763169 53.65079365079369 
679.5824021310393 45.253968253968274 
679.6280071092663 43.14404761904764 
687.1888802495035 30.521825396825392 
687.2564796343654 28.411904761904758 
700.9759823711408 21.560317460317457 
714.8711929258757 14.553571428571423 
732.5310351695668 10.186111111111108 
750.9864262911631 3.33452380952381 
655.5108976393234 180.9984126984126 

655.6621816205611 147.18253968253967 
659.1682456054552 123.95198412698414 
662.9235734951496 117.6654761904762 
667.0247574271581 104.25753968253969 
671.5498884277674 70.90317460317463 
676.3983781977097 58.1571428571429 
679.4775962217824 46.89801587301589 
679.5824021310393 45.253968253968274 
679.770362965583 41.4230158730159 
687.1888802495035 30.521825396825392 
687.2564796343654 28.411904761904758 
698.3946746805916 24.1797619047619 
700.9759823711408 21.560317460317457 
714.8711929258757 14.553571428571423 
732.5310351695668 10.186111111111108 
750.9864262911631 3.33452380952381 
655.5108976393234 180.9984126984126 
700.9144729180236 23.67023809523809 

659.1682456054552 123.95198412698414 
662.9235734951496 117.6654761904762 
667.0247574271581 104.25753968253969 
671.5498884277674 70.90317460317463 
676.3983781977097 58.1571428571429 
679.5824021310393 45.253968253968274 
679.770362965583 41.4230158730159 
687.1888802495035 30.521825396825392 
687.2564796343654 28.411904761904758 
700.9759823711408 21.560317460317457 
729.9497274790177 12.805555555555554 
748.4051186006137 5.953968253968254 
700.9144729180236 23.67023809523809 
715.3749447330002 17.17301587301587 
750.9864262911631 3.33452380952381 

655.6621816205611 147.18253968253967 
659.1682456054552 123.95198412698414 
662.9235734951496 117.6654761904762 
667.0247574271581 104.25753968253969 
671.5498884277674 70.90317460317463 
674.8115862082633 56.79563492063496 
679.5824021310393 45.253968253968274 
679.6175951375019 42.74285714285717 
687.1888802495035 30.521825396825392 
687.2564796343654 28.411904761904758 
700.9144729180236 23.67023809523809 
700.9759823711408 21.560317460317457 
714.8711929258757 14.553571428571423 
729.9497274790177 12.805555555555554 
732.5310351695668 10.186111111111108 
748.4051186006137 5.953968253968254 
750.9864262911631 3.33452380952381 
655.5108976393234 180.9984126984126 

655.6621816205611 147.18253968253967 
659.1682456054552 123.95198412698414 
662.9235734951496 117.6654761904762 
667.0247574271581 104.25753968253969 
671.4585278627029 88.49920634920636 
671.5498884277674 70.90317460317463 
676.1335348217713 57.65158730158734 
676.211289860913 55.01031746031751 
679.5824021310393 45.253968253968274 
687.1888802495035 30.521825396825392 
687.2564796343654 28.411904761904758 
700.9144729180236 23.67023809523809 
700.9759823711408 21.560317460317457 
715.5186019624523 15.61587301587301 
732.5310351695668 10.186111111111108 
748.4051186006137 5.953968253968254 
750.9864262911631 3.33452380952381 
655.5108976393234 180.9984126984126 

