700.9144729180236 23.67023809523809 

673.7882954611197 56.82658730158731 
679.5824021310393 45.253968253968274 
684.6322812971175 34.06984126984128 
700.9144729180236 23.67023809523809 
687.2564796343654 28.411904761904758 
687.1888802495035 30.521825396825392 
682.3816120004409 39.68333333333335 
700.9759823711408 21.560317460317457 
698.3946746805916 24.1797619047619 
685.0058103376889 34.02539682539684 

671.5498884277674 70.90317460317463 
667.0247574271581 104.25753968253969 
662.9235734951496 117.6654761904762 
659.1682456054552 123.95198412698414 
676.3983781977097 58.1571428571429 
684.0385151997095 32.51746031746031 
679.9731564841554 43.39841269841271 
679.5824021310393 45.253968253968274 
687.1888802495035 30.521825396825392 

679.5824021310393 45.253968253968274 
667.0247574271581 104.25753968253969 
655.6621816205611 147.18253968253967 
660.0059189092904 139.18055555555554 
655.5108976393234 180.9984126984126 
678.2811833763169 53.65079365079369 
713.0289135987334 17.786507936507935 
664.5491514498818 124.06706349206345 
671.8732471971002 91.51150793650795 
730.5492329462717 13.86785714285714 
673.8287241970074 79.21309523809525 
674.1888588894072 76.81785714285716 
679.4284295795593 47.88968253968255 
679.9754054653523 44.96190476190479 
714.8711929258757 14.553571428571423 
700.9144729180236 23.67023809523809 
673.6311358174008 80.75873015873019 
687.1888802495035 30.521825396825392 
676.3983781977097 58.1571428571429 
687.2564796343654 28.411904761904758 
700.9759823711408 21.560317460317457 
673.6803024596239 79.76706349206351 
697.6972415714274 26.562698412698413 
675.2402072768873 62.35079365079368 
679.4775962217824 46.89801587301589 
673.83283647299 77.13134920634921 
732.5310351695668 10.186111111111108 

679.7243811559797 43.53293650793653 
700.9144729180236 23.67023809523809 
700.9759823711408 21.560317460317457 
687.2564796343654 28.411904761904758 
698.3946746805916 24.1797619047619 
687.1888802495035 30.521825396825392 

729.9497274790177 12.805555555555554 
750.9864262911631 3.33452380952381 
733.8656721932557 7.701984126984125 
700.9144729180236 23.67023809523809 
748.4051186006137 5.953968253968254 
732.5310351695668 10.186111111111108 
715.3749447330002 17.17301587301587 
802.923031547657 2.1234126984126984 
700.9759823711408 21.560317460317457 
687.2564796343654 28.411904761904758 

679.5824021310393 45.253968253968274 
671.5498884277674 70.90317460317463 
667.0247574271581 104.25753968253969 
679.4421453756329 51.161507936507974 
679.770362965583 41.4230158730159 
687.1888802495035 30.521825396825392 
675.3721310596744 57.57341269841274 

733.8656721932557 7.701984126984125 
687.1888802495035 30.521825396825392 
687.2564796343654 28.411904761904758 
700.9759823711408 21.560317460317457 
715.9204790017527 17.19285714285714 
700.9144729180236 23.67023809523809 
715.8459378832257 19.302777777777774 

676.3983781977097 58.1571428571429 
679.5824021310393 45.253968253968274 
671.5498884277674 70.90317460317463 
667.0247574271581 104.25753968253969 
662.9235734951496 117.6654761904762 
659.1682456054552 123.95198412698414 
669.6272117372703 101.7718253968254 
700.9759823711408 21.560317460317457 
733.8656721932557 7.701984126984125 
675.4844374309729 67.42619047619053 
687.1888802495035 30.521825396825392 
700.9144729180236 23.67023809523809 
750.9864262911631 3.33452380952381 
732.5310351695668 10.186111111111108 
714.8711929258757 14.553571428571423 
748.4051186006137 5.953968253968254 
729.9497274790177 12.805555555555554 
687.2564796343654 28.411904761904758 

655.6621816205611 147.18253968253967 
671.5498884277674 70.90317460317463 
662.9235734951496 117.6654761904762 
667.0247574271581 104.25753968253969 
659.1682456054552 123.95198412698414 
675.3860405195613 58.2134920634921 
675.761147072054 57.938095238095286 
679.5824021310393 45.253968253968274 
680.6096368419965 45.192063492063525 
714.8711929258757 14.553571428571423 
687.1888802495035 30.521825396825392 
700.9759823711408 21.560317460317457 
700.9144729180236 23.67023809523809 
687.2564796343654 28.411904761904758 

700.9144729180236 23.67023809523809 

671.5498884277674 70.90317460317463 
676.3983781977097 58.1571428571429 
681.2735565652233 49.63333333333337 
700.9144729180236 23.67023809523809 
733.8656721932557 7.701984126984125 
732.5310351695668 10.186111111111108 
729.3806701197727 12.181746031746028 
714.8711929258757 14.553571428571423 
700.9759823711408 21.560317460317457 
687.1888802495035 30.521825396825392 
687.2564796343654 28.411904761904758 

733.8656721932557 7.701984126984125 
700.9759823711408 21.560317460317457 
687.1888802495035 30.521825396825392 
700.9144729180236 23.67023809523809 
687.2564796343654 28.411904761904758 
802.923031547657 2.1234126984126984 

700.9144729180236 23.67023809523809 

671.5498884277674 70.90317460317463 
667.0247574271581 104.25753968253969 
662.9235734951496 117.6654761904762 
659.1682456054552 123.95198412698414 
655.6621816205611 147.18253968253967 
673.7882954611197 56.82658730158731 
686.9874328993137 42.2638888888889 
698.3946746805916 24.1797619047619 
700.9759823711408 21.560317460317457 
687.2564796343654 28.411904761904758 
687.1888802495035 30.521825396825392 
679.5824021310393 45.253968253968274 

715.5186019624523 15.61587301587301 
700.9759823711408 21.560317460317457 

713.3391713112036 19.812301587301583 
715.8459378832257 19.302777777777774 
700.9144729180236 23.67023809523809 
715.9204790017527 17.19285714285714 
700.9759823711408 21.560317460317457 

671.5498884277674 70.90317460317463 
667.0247574271581 104.25753968253969 
662.9235734951496 117.6654761904762 
659.1682456054552 123.95198412698414 
676.3983781977097 58.1571428571429 
679.9915728427997 44.038492063492086 
687.1888802495035 30.521825396825392 
700.9144729180236 23.67023809523809 

679.5824021310393 45.253968253968274 
750.9864262911631 3.33452380952381 
714.8830327733583 15.996825396825392 
733.8656721932557 7.701984126984125 
700.9759823711408 21.560317460317457 
687.3513938742332 34.32738095238095 
748.4051186006137 5.953968253968254 
700.9144729180236 23.67023809523809 
687.416810957717 32.21746031746031 

748.4051186006137 5.953968253968254 
733.8656721932557 7.701984126984125 
732.5310351695668 10.186111111111108 
750.9864262911631 3.33452380952381 
802.923031547657 2.1234126984126984 

733.130540636821 11.248412698412695 
733.8656721932557 7.701984126984125 
715.9204790017527 17.19285714285714 
802.923031547657 2.1234126984126984 
700.9759823711408 21.560317460317457 
715.8459378832257 19.302777777777774 
750.9864262911631 3.33452380952381 

676.3983781977097 58.1571428571429 
679.5824021310393 45.253968253968274 
678.246150035555 55.760714285714315 
679.4775962217824 46.89801587301589 
680.3103259617101 44.43412698412702 
687.1888802495035 30.521825396825392 

733.8656721932557 7.701984126984125 
733.130540636821 11.248412698412695 
750.9864262911631 3.33452380952381 

698.3946746805916 24.1797619047619 
715.8459378832257 19.302777777777774 
715.9204790017527 17.19285714285714 
700.9759823711408 21.560317460317457 
700.9144729180236 23.67023809523809 

750.9864262911631 3.33452380952381 
748.4051186006137 5.953968253968254 
700.9759823711408 21.560317460317457 
733.8656721932557 7.701984126984125 
732.5310351695668 10.186111111111108 
687.2564796343654 28.411904761904758 
700.9144729180236 23.67023809523809 
714.8711929258757 14.553571428571423 

679.810305366565 42.72976190476193 
679.5824021310393 45.253968253968274 
732.5310351695668 10.186111111111108 
802.923031547657 2.1234126984126984 
715.8459378832257 19.302777777777774 
715.9204790017527 17.19285714285714 
700.9759823711408 21.560317460317457 
750.9864262911631 3.33452380952381 
733.8656721932557 7.701984126984125 
687.2564796343654 28.411904761904758 
687.1888802495035 30.521825396825392 
700.9144729180236 23.67023809523809 
748.4051186006137 5.953968253968254 

655.5108976393234 180.9984126984126 
667.0247574271581 104.25753968253969 
662.9235734951496 117.6654761904762 
655.6621816205611 147.18253968253967 
671.5498884277674 70.90317460317463 
659.1682456054552 123.95198412698414 
679.5824021310393 45.253968253968274 
676.1281928834713 61.005952380952394 
687.1888802495035 30.521825396825392 
701.7577198250119 26.15436507936507 
679.7291931933714 45.24087301587305 
701.8363477955645 24.044444444444437 
687.2564796343654 28.411904761904758 

733.8656721932557 7.701984126984125 
732.5310351695668 10.186111111111108 

700.9144729180236 23.67023809523809 
715.8459378832257 19.302777777777774 
713.3391713112036 19.812301587301583 

750.9864262911631 3.33452380952381 
715.9204790017527 17.19285714285714 

