808.7929757467467 1.2111111111111112 
750.9864262911631 3.33452380952381 
747.4693613733153 6.2634920634920634 
733.8656721932557 7.701984126984125 
730.348607275408 10.630952380952378 
714.8711929258757 14.553571428571423 
712.8944036252045 21.27380952380952 
700.9759823711408 21.560317460317457 
700.9144729180236 23.67023809523809 
687.2564796343654 28.411904761904758 
687.1888802495035 30.521825396825392 
684.6322812971175 34.06984126984128 
682.8178627353309 37.76825396825397 
679.5824021310393 45.253968253968274 
676.3983781977097 58.1571428571429 
675.0944094818731 62.563492063492106 
671.5498884277674 70.90317460317463 
665.1930275041786 101.51349206349207 
662.9235734951496 117.6654761904762 
659.1682456054552 123.95198412698414 
655.6621816205611 147.18253968253967 

750.9864262911631 3.33452380952381 
748.5161819366699 5.505158730158729 
747.4693613733153 6.2634920634920634 
733.8656721932557 7.701984126984125 
730.348607275408 10.630952380952378 
729.6134757189733 14.177380952380949 
715.5186019624523 15.61587301587301 
715.4949901833534 16.724206349206344 
712.0015370446046 18.544841269841264 
700.9759823711408 21.560317460317457 
700.9144729180236 23.67023809523809 
687.2564796343654 28.411904761904758 
683.7394147165177 31.34087301587301 
679.770362965583 41.4230158730159 
679.5824021310393 45.253968253968274 
677.3408523271918 48.35317460317464 
676.3983781977097 58.1571428571429 
671.5498884277674 70.90317460317463 
667.0247574271581 104.25753968253969 
662.9235734951496 117.6654761904762 
659.1682456054552 123.95198412698414 
655.6621816205611 147.18253968253967 

750.9864262911631 3.33452380952381 
748.5161819366699 5.505158730158729 
733.8656721932557 7.701984126984125 
731.3959871060372 9.872619047619045 
714.8711929258757 14.553571428571423 
713.3517803377122 19.109523809523804 
713.2792764228515 21.219444444444438 
700.9759823711408 21.560317460317457 
700.9144729180236 23.67023809523809 
687.2564796343654 28.411904761904758 
684.6322812971175 34.06984126984128 
679.6631881183328 40.632936507936535 
677.0389897810849 46.290873015873046 
677.0038087720184 48.80198412698415 
676.3983781977097 58.1571428571429 
676.0850568762362 69.51150793650798 
671.5498884277674 70.90317460317463 
669.6272117372703 101.7718253968254 
667.0247574271581 104.25753968253969 
662.9235734951496 117.6654761904762 
659.1682456054552 123.95198412698414 
655.6621816205611 147.18253968253967 
675.4721973407559 70.73809523809527 

750.9864262911631 3.33452380952381 
746.5471680081687 6.513492063492062 
733.8656721932557 7.701984126984125 
732.5310351695668 10.186111111111108 
728.0663376528134 13.36507936507936 
714.8711929258757 14.553571428571423 
700.9759823711408 21.560317460317457 
700.9144729180236 23.67023809523809 
687.2564796343654 28.411904761904758 
679.6631881183328 40.632936507936535 
679.6280071092663 43.14404761904764 
678.2811833763169 53.65079365079369 
676.3983781977097 58.1571428571429 
671.5498884277674 70.90317460317463 
670.2690939064295 90.0686507936508 
667.0247574271581 104.25753968253969 
662.9235734951496 117.6654761904762 
659.1682456054552 123.95198412698414 
655.6621816205611 147.18253968253967 
687.1888802495035 30.521825396825392 

750.9864262911631 3.33452380952381 
746.7482467480835 7.92579365079365 
734.0679008454646 9.114285714285712 
731.3959871060372 9.872619047619045 
730.0455915175594 12.35674603174603 
725.579957773574 15.535714285714281 
715.4949901833534 16.724206349206344 
700.9759823711408 21.560317460317457 
700.9144729180236 23.67023809523809 
699.6789509678313 27.898809523809522 
687.2564796343654 28.411904761904758 
685.8616995877398 41.217857142857156 
679.770362965583 41.4230158730159 
679.7243811559797 43.53293650793653 
676.3983781977097 58.1571428571429 
671.5498884277674 70.90317460317463 
667.0247574271581 104.25753968253969 
662.9235734951496 117.6654761904762 
659.1682456054552 123.95198412698414 
655.6621816205611 147.18253968253967 
728.2518715130017 14.777380952380948 

808.7929757467467 1.2111111111111112 
750.9864262911631 3.33452380952381 
748.4051186006137 5.953968253968254 
733.8656721932557 7.701984126984125 
731.2843645027064 10.32142857142857 
729.9497274790177 12.805555555555554 
714.8711929258757 14.553571428571423 
700.9759823711408 21.560317460317457 
700.9144729180236 23.67023809523809 
687.2564796343654 28.411904761904758 
687.1888802495035 30.521825396825392 
680.3654926088366 44.129761904761935 
679.7506730226331 48.92539682539685 
678.6922488746741 52.25277777777781 
678.246150035555 55.760714285714315 
675.761147072054 57.938095238095286 
671.5498884277674 70.90317460317463 
666.6157212055656 103.6297619047619 
662.9235734951496 117.6654761904762 
659.1682456054552 123.95198412698414 
655.6621816205611 147.18253968253967 

802.923031547657 2.1234126984126984 
750.9864262911631 3.33452380952381 
747.4693613733153 6.2634920634920634 
733.8656721932557 7.701984126984125 
732.5310351695668 10.186111111111108 
729.0139702517191 13.115079365079362 
714.8711929258757 14.553571428571423 
712.9372942719032 18.235317460317454 
700.9759823711408 21.560317460317457 
700.9144729180236 23.67023809523809 
698.3946746805916 24.1797619047619 
697.9752198358084 27.196031746031743 
687.2564796343654 28.411904761904758 
687.1888802495035 30.521825396825392 
683.7394147165177 31.34087301587301 
683.1624377460167 43.524206349206366 
676.146123200485 43.5619047619048 
676.1109421914185 46.073015873015905 
673.8170705071605 60.77658730158734 
671.5498884277674 70.90317460317463 
667.0247574271581 104.25753968253969 
662.9235734951496 117.6654761904762 
659.1682456054552 123.95198412698414 
655.6621816205611 147.18253968253967 

750.9864262911631 3.33452380952381 
747.4693613733153 6.2634920634920634 
733.8656721932557 7.701984126984125 
730.348607275408 10.630952380952378 
729.0139702517191 13.115079365079362 
714.8711929258757 14.553571428571423 
711.3541280080279 17.482539682539677 
700.9759823711408 21.560317460317457 
700.9144729180236 23.67023809523809 
697.6972415714274 26.562698412698413 
687.2564796343654 28.411904761904758 
683.7224675144137 32.16428571428571 
679.770362965583 41.4230158730159 
675.1821040377245 54.67460317460322 
671.5498884277674 70.90317460317463 
669.430195575906 93.02777777777781 
667.0247574271581 104.25753968253969 
662.9235734951496 117.6654761904762 
659.1682456054552 123.95198412698414 
655.6621816205611 147.18253968253967 
732.5310351695668 10.186111111111108 

750.9864262911631 3.33452380952381 
733.8656721932557 7.701984126984125 
732.5310351695668 10.186111111111108 
714.8711929258757 14.553571428571423 
700.9759823711408 21.560317460317457 
700.9144729180236 23.67023809523809 
687.2564796343654 28.411904761904758 
679.5824021310393 45.253968253968274 
676.3983781977097 58.1571428571429 
671.5498884277674 70.90317460317463 
669.430195575906 93.02777777777781 
667.0247574271581 104.25753968253969 
662.9235734951496 117.6654761904762 
659.1682456054552 123.95198412698414 
655.6621816205611 147.18253968253967 
655.5108976393234 180.9984126984126 

750.9864262911631 3.33452380952381 
734.0679008454646 9.114285714285712 
732.5310351695668 10.186111111111108 
730.0455915175594 12.35674603174603 
714.8711929258757 14.553571428571423 
700.9759823711408 21.560317460317457 
700.9144729180236 23.67023809523809 
687.2564796343654 28.411904761904758 
687.2408989288242 31.828571428571422 
683.9284566727026 41.38015873015877 
679.5824021310393 45.253968253968274 
679.5663742713186 48.99761904761908 
676.3983781977097 58.1571428571429 
671.5498884277674 70.90317460317463 
667.0247574271581 104.25753968253969 
662.9235734951496 117.6654761904762 
659.1682456054552 123.95198412698414 
655.6621816205611 147.18253968253967 

750.9864262911631 3.33452380952381 
747.4693613733153 6.2634920634920634 
733.8656721932557 7.701984126984125 
730.9136106194749 10.630952380952378 
729.0139702517191 13.115079365079362 
715.5186019624523 15.61587301587301 
715.481658479199 17.482539682539677 
712.0015370446046 18.544841269841264 
700.9759823711408 21.560317460317457 
700.9144729180236 23.67023809523809 
698.3192828777168 26.97341269841269 
687.2564796343654 28.411904761904758 
684.4362628407482 31.238095238095234 
682.0744083310184 40.425000000000026 
679.6280071092663 43.14404761904764 
677.49659361533 51.50000000000004 
677.3721811567046 54.385714285714315 
671.5498884277674 70.90317460317463 
667.0247574271581 104.25753968253969 
662.9235734951496 117.6654761904762 
659.1682456054552 123.95198412698414 
655.6621816205611 147.18253968253967 

750.9864262911631 3.33452380952381 
748.5161819366699 5.505158730158729 
748.4051186006137 5.953968253968254 
733.8656721932557 7.701984126984125 
731.3959871060372 9.872619047619045 
728.7717887687892 15.530555555555553 
715.5186019624523 15.61587301587301 
713.0289135987334 17.786507936507935 
700.9759823711408 21.560317460317457 
700.9144729180236 23.67023809523809 
687.2564796343654 28.411904761904758 
685.2219471766513 34.997619047619054 
684.9431225754859 35.13214285714285 
682.4219219175907 42.81944444444446 
679.6280071092663 43.14404761904764 
677.6121294665752 51.508730158730174 
673.7882954611197 56.82658730158731 
671.5498884277674 70.90317460317463 
667.0247574271581 104.25753968253969 
662.9235734951496 117.6654761904762 
659.1682456054552 123.95198412698414 
655.6621816205611 147.18253968253967 

750.9864262911631 3.33452380952381 
748.5161819366699 5.505158730158729 
733.8656721932557 7.701984126984125 
731.3959871060372 9.872619047619045 
730.0455915175594 12.35674603174603 
715.5186019624523 15.61587301587301 
713.0289135987334 17.786507936507935 
700.9759823711408 21.560317460317457 
698.4228302635897 23.476984126984124 
687.2564796343654 28.411904761904758 
679.5824021310393 45.253968253968274 
678.2811833763169 53.65079365079369 
676.3983781977097 58.1571428571429 
671.5498884277674 70.90317460317463 
667.0247574271581 104.25753968253969 
662.9235734951496 117.6654761904762 
659.1682456054552 123.95198412698414 
655.6621816205611 147.18253968253967 

750.9864262911631 3.33452380952381 
733.8656721932557 7.701984126984125 
732.5310351695668 10.186111111111108 
730.6810412992997 15.285714285714281 
715.5186019624523 15.61587301587301 
713.3228398644094 19.653174603174598 
700.9759823711408 21.560317460317457 
700.9144729180236 23.67023809523809 
687.2564796343654 28.411904761904758 
685.5914732488661 37.49603174603176 
679.6280071092663 43.14404761904764 
677.9981817328332 49.71706349206353 
676.3983781977097 58.1571428571429 
671.5498884277674 70.90317460317463 
671.3858542517063 100.82738095238096 
667.0247574271581 104.25753968253969 
662.9235734951496 117.6654761904762 
659.1682456054552 123.95198412698414 
655.6621816205611 147.18253968253967 

750.9864262911631 3.33452380952381 
733.8656721932557 7.701984126984125 
730.348607275408 10.630952380952378 
729.3027550123609 16.59801587301587 
715.4949901833534 16.724206349206344 
700.9759823711408 21.560317460317457 
698.3946746805916 24.1797619047619 
687.2564796343654 28.411904761904758 
687.2408989288242 31.828571428571422 
684.7220695179072 38.37976190476191 
683.1763985119686 44.552777777777806 
679.5824021310393 45.253968253968274 
676.5261555672915 50.20357142857145 
675.0822616651812 53.884523809523856 
671.5498884277674 70.90317460317463 
667.0247574271581 104.25753968253969 
662.9235734951496 117.6654761904762 
659.1682456054552 123.95198412698414 
655.6621816205611 147.18253968253967 

750.9864262911631 3.33452380952381 
747.4693613733153 6.2634920634920634 
733.8656721932557 7.701984126984125 
730.348607275408 10.630952380952378 
729.6134757189733 14.177380952380949 
714.8711929258757 14.553571428571423 
712.0015370446046 18.544841269841264 
700.9759823711408 21.560317460317457 
700.9144729180236 23.67023809523809 
698.3192828777168 26.97341269841269 
687.2564796343654 28.411904761904758 
683.1296731462594 40.904761904761926 
680.0086523608786 42.48531746031749 
679.5824021310393 45.253968253968274 
675.9836588633123 55.14484126984131 
675.4844374309729 67.42619047619053 
671.5498884277674 70.90317460317463 
669.7665068559103 100.56309523809526 
667.0247574271581 104.25753968253969 
662.9235734951496 117.6654761904762 
659.1682456054552 123.95198412698414 
655.6621816205611 147.18253968253967 

750.9864262911631 3.33452380952381 
748.5161819366699 5.505158730158729 
733.8656721932557 7.701984126984125 
731.3959871060372 9.872619047619045 
730.0455915175594 12.35674603174603 
715.5186019624523 15.61587301587301 
712.3801626219374 16.724206349206344 
700.9759823711408 21.560317460317457 
700.9144729180236 23.67023809523809 
687.2564796343654 28.411904761904758 
679.770362965583 41.4230158730159 
679.7243811559797 43.53293650793653 
679.4421453756329 51.161507936507974 
678.2811833763169 53.65079365079369 
676.3983781977097 58.1571428571429 
675.6160417636171 59.62460317460321 
671.5498884277674 70.90317460317463 
670.4962629557895 87.51388888888886 
667.0247574271581 104.25753968253969 
662.9235734951496 117.6654761904762 
659.1682456054552 123.95198412698414 
655.6621816205611 147.18253968253967 

750.9864262911631 3.33452380952381 
733.8656721932557 7.701984126984125 
732.5310351695668 10.186111111111108 
729.2933844030763 15.535714285714281 
715.9204790017527 17.19285714285714 
715.8459378832257 19.302777777777774 
712.8412394166472 21.481746031746027 
700.9759823711408 21.560317460317457 
700.9144729180236 23.67023809523809 
697.9097744514452 25.849206349206344 
687.2564796343654 28.411904761904758 
679.5824021310393 45.253968253968274 
679.4082639825704 52.757142857142895 
678.2811833763169 53.65079365079369 
676.3983781977097 58.1571428571429 
676.2981949497698 67.943253968254 
671.5498884277674 70.90317460317463 
667.0247574271581 104.25753968253969 
662.9235734951496 117.6654761904762 
659.1682456054552 123.95198412698414 
655.6621816205611 147.18253968253967 

750.9864262911631 3.33452380952381 
748.4051186006137 5.953968253968254 
733.8656721932557 7.701984126984125 
732.5310351695668 10.186111111111108 
729.9497274790177 12.805555555555554 
715.5186019624523 15.61587301587301 
713.3391713112036 19.812301587301583 
700.9759823711408 21.560317460317457 
700.9144729180236 23.67023809523809 
698.351784033893 27.218253968253965 
687.2564796343654 28.411904761904758 
684.9076256343616 33.935317460317464 
683.1296731462594 40.904761904761926 
679.6750300917608 42.15238095238098 
679.5824021310393 45.253968253968274 
677.3039634145557 47.675793650793665 
677.050831754513 47.81031746031748 
676.3983781977097 58.1571428571429 
671.5498884277674 70.90317460317463 
669.6272117372703 101.7718253968254 
667.0247574271581 104.25753968253969 
662.9235734951496 117.6654761904762 
659.1682456054552 123.95198412698414 
655.6621816205611 147.18253968253967 

750.9864262911631 3.33452380952381 
748.4051186006137 5.953968253968254 
733.8656721932557 7.701984126984125 
731.2843645027064 10.32142857142857 
730.5492329462717 13.86785714285714 
714.8711929258757 14.553571428571423 
712.2898852353263 17.17301587301587 
700.9759823711408 21.560317460317457 
700.9144729180236 23.67023809523809 
687.2564796343654 28.411904761904758 
683.1296731462594 40.904761904761926 
679.5824021310393 45.253968253968274 
678.246150035555 55.760714285714315 
676.3983781977097 58.1571428571429 
676.2799765344331 60.557539682539726 
671.5498884277674 70.90317460317463 
669.3093576360332 94.01984126984128 
667.0247574271581 104.25753968253969 
662.9235734951496 117.6654761904762 
659.1682456054552 123.95198412698414 
655.6621816205611 147.18253968253967 

750.9864262911631 3.33452380952381 
748.4051186006137 5.953968253968254 
733.8656721932557 7.701984126984125 
732.5310351695668 10.186111111111108 
730.5492329462717 13.86785714285714 
714.8711929258757 14.553571428571423 
712.9372942719032 18.235317460317454 
700.9759823711408 21.560317460317457 
700.9144729180236 23.67023809523809 
698.351784033893 27.218253968253965 
687.5673209127337 29.474206349206344 
685.1150649135737 37.638888888888886 
681.8328553592304 41.89444444444446 
680.5151527974795 43.77976190476194 
679.5824021310393 45.253968253968274 
677.0038087720184 48.80198412698415 
676.211289860913 55.01031746031751 
673.7882954611197 56.82658730158731 
673.7741798604618 63.8150793650794 
671.5498884277674 70.90317460317463 
667.0247574271581 104.25753968253969 
662.9235734951496 117.6654761904762 
659.1682456054552 123.95198412698414 
655.6621816205611 147.18253968253967 

845.300616777603 2.1234126984126984 
750.9864262911631 3.33452380952381 
733.8656721932557 7.701984126984125 
732.5310351695668 10.186111111111108 
714.8711929258757 14.553571428571423 
700.9759823711408 21.560317460317457 
687.1888802495035 30.521825396825392 
679.6301302351485 44.26230158730161 
676.3983781977097 58.1571428571429 
671.5498884277674 70.90317460317463 
667.0247574271581 104.25753968253969 
662.9235734951496 117.6654761904762 
659.1682456054552 123.95198412698414 
655.6621816205611 147.18253968253967 

750.9864262911631 3.33452380952381 
748.4051186006137 5.953968253968254 
733.8656721932557 7.701984126984125 
731.2843645027064 10.32142857142857 
729.9497274790177 12.805555555555554 
714.8711929258757 14.553571428571423 
700.9759823711408 21.560317460317457 
698.3946746805916 24.1797619047619 
697.4589174532931 24.48928571428571 
687.2564796343654 28.411904761904758 
679.5824021310393 45.253968253968274 
676.3983781977097 58.1571428571429 
671.5498884277674 70.90317460317463 
667.0247574271581 104.25753968253969 
662.9235734951496 117.6654761904762 
659.1682456054552 123.95198412698414 
655.6621816205611 147.18253968253967 
700.9144729180236 23.67023809523809 

750.9864262911631 3.33452380952381 
747.4693613733153 6.2634920634920634 
733.8656721932557 7.701984126984125 
730.348607275408 10.630952380952378 
729.0139702517191 13.115079365079362 
714.8711929258757 14.553571428571423 
711.3541280080279 17.482539682539677 
700.9759823711408 21.560317460317457 
700.9144729180236 23.67023809523809 
699.1917857221549 28.202380952380945 
687.2564796343654 28.411904761904758 
684.5974765712049 32.56984126984126 
679.770362965583 41.4230158730159 
679.5824021310393 45.253968253968274 
677.1776684201845 45.58095238095241 
673.6606035023368 48.509920634920675 
672.3291786502423 58.32698412698417 
671.5498884277674 70.90317460317463 
667.0247574271581 104.25753968253969 
662.9235734951496 117.6654761904762 
659.1682456054552 123.95198412698414 
655.6621816205611 147.18253968253967 
732.5310351695668 10.186111111111108 

750.9864262911631 3.33452380952381 
748.5161819366699 5.505158730158729 
748.4051186006137 5.953968253968254 
733.8656721932557 7.701984126984125 
731.2843645027064 10.32142857142857 
729.9497274790177 12.805555555555554 
714.8711929258757 14.553571428571423 
713.3391713112036 19.812301587301583 
700.9759823711408 21.560317460317457 
698.3946746805916 24.1797619047619 
687.2564796343654 28.411904761904758 
685.2615627016042 33.738095238095234 
679.770362965583 41.4230158730159 
678.246150035555 55.760714285714315 
676.3983781977097 58.1571428571429 
676.3330999581735 63.84484126984128 
671.5498884277674 70.90317460317463 
670.4675369103709 100.67500000000001 
667.0247574271581 104.25753968253969 
662.9235734951496 117.6654761904762 
659.1682456054552 123.95198412698414 
655.6621816205611 147.18253968253967 
679.5824021310393 45.253968253968274 

750.9864262911631 3.33452380952381 
748.5161819366699 5.505158730158729 
747.4693613733153 6.2634920634920634 
733.8656721932557 7.701984126984125 
731.3959871060372 9.872619047619045 
730.5492329462717 13.86785714285714 
714.8711929258757 14.553571428571423 
713.3391713112036 19.812301587301583 
700.9759823711408 21.560317460317457 
698.3946746805916 24.1797619047619 
697.6972415714274 26.562698412698413 
687.2564796343654 28.411904761904758 
679.6280071092663 43.14404761904764 
676.3983781977097 58.1571428571429 
671.5498884277674 70.90317460317463 
669.6272117372703 101.7718253968254 
667.0247574271581 104.25753968253969 
662.9235734951496 117.6654761904762 
659.1682456054552 123.95198412698414 
655.6621816205611 147.18253968253967 
679.5824021310393 45.253968253968274 

750.9864262911631 3.33452380952381 
733.8656721932557 7.701984126984125 
733.130540636821 11.248412698412695 
732.6876809103818 12.49206349206349 
714.8711929258757 14.553571428571423 
713.1397576566617 18.85912698412698 
700.9759823711408 21.560317460317457 
700.9144729180236 23.67023809523809 
698.9822257354971 26.406349206349205 
687.2564796343654 28.411904761904758 
685.9153304041995 33.854761904761915 
679.9757191780524 44.91785714285716 
676.3983781977097 58.1571428571429 
671.5498884277674 70.90317460317463 
667.0247574271581 104.25753968253969 
662.9235734951496 117.6654761904762 
659.1682456054552 123.95198412698414 
655.6621816205611 147.18253968253967 
679.5824021310393 45.253968253968274 

750.9864262911631 3.33452380952381 
735.2689886009312 9.872619047619045 
732.0959332756156 14.553571428571423 
715.9204790017527 17.19285714285714 
715.5213607512167 20.19920634920635 
700.9759823711408 21.560317460317457 
700.9144729180236 23.67023809523809 
698.4729045298174 25.788095238095234 
687.2564796343654 28.411904761904758 
685.4608458613158 33.84920634920634 
680.2206208296167 44.82738095238098 
678.3221624614725 56.34682539682542 
676.3983781977097 58.1571428571429 
676.1727961177494 65.8821428571429 
671.5498884277674 70.90317460317463 
667.0247574271581 104.25753968253969 
662.9235734951496 117.6654761904762 
659.1682456054552 123.95198412698414 
655.6621816205611 147.18253968253967 
716.2531641168314 16.724206349206344 

750.9864262911631 3.33452380952381 
747.4693613733153 6.2634920634920634 
733.8656721932557 7.701984126984125 
730.348607275408 10.630952380952378 
729.6134757189733 14.177380952380949 
715.5186019624523 15.61587301587301 
712.0015370446046 18.544841269841264 
700.9759823711408 21.560317460317457 
700.9144729180236 23.67023809523809 
698.351784033893 27.218253968253965 
687.2564796343654 28.411904761904758 
685.6464313033962 32.55079365079365 
679.770362965583 41.4230158730159 
679.5824021310393 45.253968253968274 
677.3894793244314 46.946428571428584 
677.0038087720184 48.80198412698415 
676.3983781977097 58.1571428571429 
671.5498884277674 70.90317460317463 
668.2779329088825 92.54880952380954 
667.0247574271581 104.25753968253969 
662.9235734951496 117.6654761904762 
659.1682456054552 123.95198412698414 
655.6621816205611 147.18253968253967 
680.0136776616794 41.288492063492086 

750.9864262911631 3.33452380952381 
748.5161819366699 5.505158730158729 
733.8656721932557 7.701984126984125 
731.3959871060372 9.872619047619045 
730.0455915175594 12.35674603174603 
714.8711929258757 14.553571428571423 
713.0289135987334 17.786507936507935 
712.323119801002 22.231746031746027 
700.9144729180236 23.67023809523809 
687.2564796343654 28.411904761904758 
684.96883300714 38.48888888888891 
679.6175951375019 42.74285714285717 
676.3983781977097 58.1571428571429 
671.5498884277674 70.90317460317463 
669.6272117372703 101.7718253968254 
667.0247574271581 104.25753968253969 
662.9235734951496 117.6654761904762 
659.1682456054552 123.95198412698414 
655.6621816205611 147.18253968253967 

