802.923031547657 2.1234126984126984 
655.5108976393234 180.9984126984126 
750.9864262911631 3.33452380952381 
655.6621816205611 147.18253968253967 
671.5498884277674 70.90317460317463 
667.0247574271581 104.25753968253969 
714.8711929258757 14.553571428571423 
659.1682456054552 123.95198412698414 
676.3983781977097 58.1571428571429 
662.9235734951496 117.6654761904762 
732.5310351695668 10.186111111111108 
733.8656721932557 7.701984126984125 
679.5824021310393 45.253968253968274 
700.9759823711408 21.560317460317457 
700.9144729180236 23.67023809523809 
687.2564796343654 28.411904761904758 
687.1888802495035 30.521825396825392 

802.923031547657 2.1234126984126984 
655.5108976393234 180.9984126984126 
750.9864262911631 3.33452380952381 
655.6621816205611 147.18253968253967 
671.5498884277674 70.90317460317463 
667.0247574271581 104.25753968253969 
687.1888802495035 30.521825396825392 
659.1682456054552 123.95198412698414 
676.3983781977097 58.1571428571429 
732.5310351695668 10.186111111111108 
662.9235734951496 117.6654761904762 
715.9204790017527 17.19285714285714 
679.5824021310393 45.253968253968274 
748.4051186006137 5.953968253968254 
715.8459378832257 19.302777777777774 
700.9759823711408 21.560317460317457 
733.8656721932557 7.701984126984125 
700.9144729180236 23.67023809523809 

655.5108976393234 180.9984126984126 
802.923031547657 2.1234126984126984 
750.9864262911631 3.33452380952381 
655.6621816205611 147.18253968253967 
671.5498884277674 70.90317460317463 
667.0247574271581 104.25753968253969 
659.1682456054552 123.95198412698414 
676.3983781977097 58.1571428571429 
733.130540636821 11.248412698412695 
662.9235734951496 117.6654761904762 
714.8711929258757 14.553571428571423 
733.8656721932557 7.701984126984125 
679.5824021310393 45.253968253968274 
700.9759823711408 21.560317460317457 
700.9144729180236 23.67023809523809 
687.2564796343654 28.411904761904758 
687.1888802495035 30.521825396825392 

655.5108976393234 180.9984126984126 
802.923031547657 2.1234126984126984 
750.9864262911631 3.33452380952381 
655.6621816205611 147.18253968253967 
671.5498884277674 70.90317460317463 
667.0247574271581 104.25753968253969 
659.1682456054552 123.95198412698414 
676.3983781977097 58.1571428571429 
729.9497274790177 12.805555555555554 
662.9235734951496 117.6654761904762 
712.2898852353263 17.17301587301587 
733.8656721932557 7.701984126984125 
679.5824021310393 45.253968253968274 
698.3946746805916 24.1797619047619 
748.4051186006137 5.953968253968254 
700.9759823711408 21.560317460317457 
687.2564796343654 28.411904761904758 
687.1888802495035 30.521825396825392 
732.5310351695668 10.186111111111108 
700.9144729180236 23.67023809523809 

655.5108976393234 180.9984126984126 
802.923031547657 2.1234126984126984 
750.9864262911631 3.33452380952381 
655.6621816205611 147.18253968253967 
671.5498884277674 70.90317460317463 
667.0247574271581 104.25753968253969 
659.1682456054552 123.95198412698414 
676.3983781977097 58.1571428571429 
732.5310351695668 10.186111111111108 
733.8656721932557 7.701984126984125 
662.9235734951496 117.6654761904762 
714.8711929258757 14.553571428571423 
700.9759823711408 21.560317460317457 
700.9144729180236 23.67023809523809 
687.2564796343654 28.411904761904758 
679.5824021310393 45.253968253968274 
687.1888802495035 30.521825396825392 
679.6280071092663 43.14404761904764 

655.5108976393234 180.9984126984126 
802.923031547657 2.1234126984126984 
750.9864262911631 3.33452380952381 
655.6621816205611 147.18253968253967 
671.5498884277674 70.90317460317463 
667.0247574271581 104.25753968253969 
679.5824021310393 45.253968253968274 
659.1682456054552 123.95198412698414 
676.3983781977097 58.1571428571429 
662.9235734951496 117.6654761904762 
714.8711929258757 14.553571428571423 
748.4051186006137 5.953968253968254 
732.5310351695668 10.186111111111108 
687.2564796343654 28.411904761904758 
733.8656721932557 7.701984126984125 
700.9759823711408 21.560317460317457 
700.9144729180236 23.67023809523809 
687.1888802495035 30.521825396825392 

655.5108976393234 180.9984126984126 
802.923031547657 2.1234126984126984 
750.9864262911631 3.33452380952381 
655.6621816205611 147.18253968253967 
671.5498884277674 70.90317460317463 
667.0247574271581 104.25753968253969 
679.5824021310393 45.253968253968274 
659.1682456054552 123.95198412698414 
676.3983781977097 58.1571428571429 
662.9235734951496 117.6654761904762 
715.5186019624523 15.61587301587301 
733.130540636821 11.248412698412695 
733.8656721932557 7.701984126984125 
748.4051186006137 5.953968253968254 
700.9759823711408 21.560317460317457 
700.9144729180236 23.67023809523809 
687.2564796343654 28.411904761904758 
687.1888802495035 30.521825396825392 

655.5108976393234 180.9984126984126 
802.923031547657 2.1234126984126984 
750.9864262911631 3.33452380952381 
655.6621816205611 147.18253968253967 
671.5498884277674 70.90317460317463 
667.0247574271581 104.25753968253969 
733.9031271643418 18.909523809523808 
659.1682456054552 123.95198412698414 
744.0763330086561 8.684126984126982 
676.3983781977097 58.1571428571429 
687.1888802495035 30.521825396825392 
662.9235734951496 117.6654761904762 
715.8459378832257 19.302777777777774 
700.9144729180236 23.67023809523809 
679.5824021310393 45.253968253968274 

655.5108976393234 180.9984126984126 
802.923031547657 2.1234126984126984 
750.9864262911631 3.33452380952381 
655.6621816205611 147.18253968253967 
671.5498884277674 70.90317460317463 
667.0247574271581 104.25753968253969 
659.1682456054552 123.95198412698414 
676.3983781977097 58.1571428571429 
715.5186019624523 15.61587301587301 
662.9235734951496 117.6654761904762 
733.130540636821 11.248412698412695 
713.3391713112036 19.812301587301583 
679.5824021310393 45.253968253968274 
698.3946746805916 24.1797619047619 
733.8656721932557 7.701984126984125 
748.4051186006137 5.953968253968254 
700.9759823711408 21.560317460317457 
687.2564796343654 28.411904761904758 
687.1888802495035 30.521825396825392 
700.9144729180236 23.67023809523809 

655.5108976393234 180.9984126984126 
808.7929757467467 1.2111111111111112 
750.9864262911631 3.33452380952381 
802.923031547657 2.1234126984126984 
655.6621816205611 147.18253968253967 
671.5498884277674 70.90317460317463 
667.0247574271581 104.25753968253969 
714.8711929258757 14.553571428571423 
659.1682456054552 123.95198412698414 
676.3983781977097 58.1571428571429 
662.9235734951496 117.6654761904762 
732.5310351695668 10.186111111111108 
733.8656721932557 7.701984126984125 
679.5824021310393 45.253968253968274 
700.9759823711408 21.560317460317457 
687.2564796343654 28.411904761904758 
687.1888802495035 30.521825396825392 
698.3946746805916 24.1797619047619 
700.9144729180236 23.67023809523809 

655.5108976393234 180.9984126984126 
802.923031547657 2.1234126984126984 
750.9864262911631 3.33452380952381 
655.6621816205611 147.18253968253967 
671.5498884277674 70.90317460317463 
667.0247574271581 104.25753968253969 
714.8711929258757 14.553571428571423 
659.1682456054552 123.95198412698414 
676.3983781977097 58.1571428571429 
662.9235734951496 117.6654761904762 
729.9497274790177 12.805555555555554 
748.4051186006137 5.953968253968254 
679.5824021310393 45.253968253968274 
733.8656721932557 7.701984126984125 
700.9759823711408 21.560317460317457 
700.9144729180236 23.67023809523809 
687.2564796343654 28.411904761904758 
687.1888802495035 30.521825396825392 
732.5310351695668 10.186111111111108 

802.923031547657 2.1234126984126984 
655.5108976393234 180.9984126984126 
750.9864262911631 3.33452380952381 
655.6621816205611 147.18253968253967 
671.5498884277674 70.90317460317463 
667.0247574271581 104.25753968253969 
659.1682456054552 123.95198412698414 
676.3983781977097 58.1571428571429 
662.9235734951496 117.6654761904762 
714.8711929258757 14.553571428571423 
679.6280071092663 43.14404761904764 
732.5310351695668 10.186111111111108 
699.2550401050152 26.66388888888888 
748.4051186006137 5.953968253968254 
733.8656721932557 7.701984126984125 
700.9759823711408 21.560317460317457 
687.2564796343654 28.411904761904758 
679.5824021310393 45.253968253968274 
687.1888802495035 30.521825396825392 
700.9144729180236 23.67023809523809 

802.923031547657 2.1234126984126984 
655.5108976393234 180.9984126984126 
750.9864262911631 3.33452380952381 
655.6621816205611 147.18253968253967 
671.5498884277674 70.90317460317463 
667.0247574271581 104.25753968253969 
659.1682456054552 123.95198412698414 
676.3983781977097 58.1571428571429 
687.1888802495035 30.521825396825392 
733.130540636821 11.248412698412695 
662.9235734951496 117.6654761904762 
748.4051186006137 5.953968253968254 
715.9204790017527 17.19285714285714 
715.8459378832257 19.302777777777774 
679.5824021310393 45.253968253968274 
733.8656721932557 7.701984126984125 
700.9759823711408 21.560317460317457 
700.9144729180236 23.67023809523809 

802.923031547657 2.1234126984126984 
655.5108976393234 180.9984126984126 
750.9864262911631 3.33452380952381 
655.6621816205611 147.18253968253967 
671.5498884277674 70.90317460317463 
667.0247574271581 104.25753968253969 
679.5824021310393 45.253968253968274 
659.1682456054552 123.95198412698414 
676.3983781977097 58.1571428571429 
687.1888802495035 30.521825396825392 
662.9235734951496 117.6654761904762 
733.130540636821 11.248412698412695 
733.8656721932557 7.701984126984125 
715.9204790017527 17.19285714285714 
748.4051186006137 5.953968253968254 
715.8459378832257 19.302777777777774 
700.9759823711408 21.560317460317457 
700.9144729180236 23.67023809523809 

802.923031547657 2.1234126984126984 
655.5108976393234 180.9984126984126 
750.9864262911631 3.33452380952381 
655.6621816205611 147.18253968253967 
671.5498884277674 70.90317460317463 
667.0247574271581 104.25753968253969 
659.1682456054552 123.95198412698414 
676.3983781977097 58.1571428571429 
731.2843645027064 10.32142857142857 
662.9235734951496 117.6654761904762 
714.8711929258757 14.553571428571423 
679.5824021310393 45.253968253968274 
748.4051186006137 5.953968253968254 
733.8656721932557 7.701984126984125 
700.9759823711408 21.560317460317457 
700.9144729180236 23.67023809523809 
687.2564796343654 28.411904761904758 
687.1888802495035 30.521825396825392 

655.5108976393234 180.9984126984126 
802.923031547657 2.1234126984126984 
750.9864262911631 3.33452380952381 
655.6621816205611 147.18253968253967 
671.5498884277674 70.90317460317463 
667.0247574271581 104.25753968253969 
659.1682456054552 123.95198412698414 
676.3983781977097 58.1571428571429 
662.9235734951496 117.6654761904762 
714.8711929258757 14.553571428571423 
732.5310351695668 10.186111111111108 
679.5824021310393 45.253968253968274 
748.4051186006137 5.953968253968254 
733.8656721932557 7.701984126984125 
700.9759823711408 21.560317460317457 
700.9144729180236 23.67023809523809 
687.2564796343654 28.411904761904758 
687.1888802495035 30.521825396825392 

655.5108976393234 180.9984126984126 
808.7929757467467 1.2111111111111112 
750.9864262911631 3.33452380952381 
802.923031547657 2.1234126984126984 
655.6621816205611 147.18253968253967 
667.0247574271581 104.25753968253969 
671.5498884277674 70.90317460317463 
659.1682456054552 123.95198412698414 
662.9235734951496 117.6654761904762 
733.130540636821 11.248412698412695 
733.8656721932557 7.701984126984125 
715.9204790017527 17.19285714285714 
679.5824021310393 45.253968253968274 
715.8459378832257 19.302777777777774 
700.9759823711408 21.560317460317457 
676.3983781977097 58.1571428571429 
675.2847872343028 59.29126984126988 
700.9144729180236 23.67023809523809 
687.2564796343654 28.411904761904758 
687.1888802495035 30.521825396825392 

655.5108976393234 180.9984126984126 
808.7929757467467 1.2111111111111112 
750.9864262911631 3.33452380952381 
802.923031547657 2.1234126984126984 
655.6621816205611 147.18253968253967 
671.5498884277674 70.90317460317463 
667.0247574271581 104.25753968253969 
659.1682456054552 123.95198412698414 
676.3983781977097 58.1571428571429 
714.8711929258757 14.553571428571423 
733.130540636821 11.248412698412695 
662.9235734951496 117.6654761904762 
700.9144729180236 23.67023809523809 
748.4051186006137 5.953968253968254 
679.5824021310393 45.253968253968274 
733.8656721932557 7.701984126984125 
687.2564796343654 28.411904761904758 
687.1888802495035 30.521825396825392 

655.5108976393234 180.9984126984126 
802.923031547657 2.1234126984126984 
750.9864262911631 3.33452380952381 
655.6621816205611 147.18253968253967 
671.5498884277674 70.90317460317463 
667.0247574271581 104.25753968253969 
659.1682456054552 123.95198412698414 
676.3983781977097 58.1571428571429 
733.8656721932557 7.701984126984125 
662.9235734951496 117.6654761904762 
714.8711929258757 14.553571428571423 
732.5310351695668 10.186111111111108 
679.5824021310393 45.253968253968274 
700.9759823711408 21.560317460317457 
687.2564796343654 28.411904761904758 
687.1888802495035 30.521825396825392 
698.3946746805916 24.1797619047619 
700.9144729180236 23.67023809523809 

802.923031547657 2.1234126984126984 
655.5108976393234 180.9984126984126 
750.9864262911631 3.33452380952381 
655.6621816205611 147.18253968253967 
671.5498884277674 70.90317460317463 
667.0247574271581 104.25753968253969 
659.1682456054552 123.95198412698414 
676.3983781977097 58.1571428571429 
662.9235734951496 117.6654761904762 
714.8711929258757 14.553571428571423 
679.6280071092663 43.14404761904764 
732.5310351695668 10.186111111111108 
733.8656721932557 7.701984126984125 
700.9759823711408 21.560317460317457 
687.2564796343654 28.411904761904758 
698.3946746805916 24.1797619047619 
679.5824021310393 45.253968253968274 
687.1888802495035 30.521825396825392 
700.9144729180236 23.67023809523809 

802.923031547657 2.1234126984126984 
655.5108976393234 180.9984126984126 
750.9864262911631 3.33452380952381 
655.6621816205611 147.18253968253967 
671.5498884277674 70.90317460317463 
667.0247574271581 104.25753968253969 
659.1682456054552 123.95198412698414 
676.3983781977097 58.1571428571429 
687.1888802495035 30.521825396825392 
714.8711929258757 14.553571428571423 
662.9235734951496 117.6654761904762 
700.9144729180236 23.67023809523809 
733.130540636821 11.248412698412695 
733.8656721932557 7.701984126984125 
679.5824021310393 45.253968253968274 

802.923031547657 2.1234126984126984 
655.5108976393234 180.9984126984126 
750.9864262911631 3.33452380952381 
655.6621816205611 147.18253968253967 
671.5498884277674 70.90317460317463 
667.0247574271581 104.25753968253969 
659.1682456054552 123.95198412698414 
676.3983781977097 58.1571428571429 
662.9235734951496 117.6654761904762 
715.5186019624523 15.61587301587301 
729.9497274790177 12.805555555555554 
679.5824021310393 45.253968253968274 
698.3946746805916 24.1797619047619 
733.8656721932557 7.701984126984125 
748.4051186006137 5.953968253968254 
713.3391713112036 19.812301587301583 
700.9759823711408 21.560317460317457 
687.2564796343654 28.411904761904758 
687.1888802495035 30.521825396825392 
732.6721349087452 12.296031746031744 
700.9144729180236 23.67023809523809 
733.130540636821 11.248412698412695 

655.5108976393234 180.9984126984126 
802.923031547657 2.1234126984126984 
750.9864262911631 3.33452380952381 
655.6621816205611 147.18253968253967 
671.5498884277674 70.90317460317463 
671.0558046953049 100.72896825396826 
659.1682456054552 123.95198412698414 
662.9235734951496 117.6654761904762 
667.0247574271581 104.25753968253969 
714.8711929258757 14.553571428571423 
729.9497274790177 12.805555555555554 
680.3654926088366 44.129761904761935 
733.8656721932557 7.701984126984125 
700.9759823711408 21.560317460317457 
700.9144729180236 23.67023809523809 
687.2564796343654 28.411904761904758 
675.8706466974123 61.35793650793655 
676.3983781977097 58.1571428571429 
687.1888802495035 30.521825396825392 
679.4284295795593 47.88968253968255 
732.5310351695668 10.186111111111108 
731.2843645027064 10.32142857142857 
675.9191012170775 59.248015873015916 
679.5824021310393 45.253968253968274 

655.5108976393234 180.9984126984126 
802.923031547657 2.1234126984126984 
750.9864262911631 3.33452380952381 
655.6621816205611 147.18253968253967 
671.5498884277674 70.90317460317463 
667.0247574271581 104.25753968253969 
679.5824021310393 45.253968253968274 
659.1682456054552 123.95198412698414 
676.3983781977097 58.1571428571429 
733.130540636821 11.248412698412695 
662.9235734951496 117.6654761904762 
714.8711929258757 14.553571428571423 
733.8656721932557 7.701984126984125 
748.4051186006137 5.953968253968254 
700.9759823711408 21.560317460317457 
700.9144729180236 23.67023809523809 
687.2564796343654 28.411904761904758 
687.1888802495035 30.521825396825392 

655.5108976393234 180.9984126984126 
802.923031547657 2.1234126984126984 
750.9864262911631 3.33452380952381 
655.6621816205611 147.18253968253967 
671.5498884277674 70.90317460317463 
667.0247574271581 104.25753968253969 
659.1682456054552 123.95198412698414 
676.3983781977097 58.1571428571429 
662.9235734951496 117.6654761904762 
714.8711929258757 14.553571428571423 
732.5310351695668 10.186111111111108 
733.8656721932557 7.701984126984125 
679.5824021310393 45.253968253968274 
700.9759823711408 21.560317460317457 
700.9144729180236 23.67023809523809 
687.2564796343654 28.411904761904758 
687.1888802495035 30.521825396825392 

655.5108976393234 180.9984126984126 
802.923031547657 2.1234126984126984 
750.9864262911631 3.33452380952381 
655.6621816205611 147.18253968253967 
671.5498884277674 70.90317460317463 
667.0247574271581 104.25753968253969 
733.8656721932557 7.701984126984125 
659.1682456054552 123.95198412698414 
676.3983781977097 58.1571428571429 
662.9235734951496 117.6654761904762 
715.9204790017527 17.19285714285714 
679.5824021310393 45.253968253968274 
715.8459378832257 19.302777777777774 
700.9759823711408 21.560317460317457 
700.9144729180236 23.67023809523809 
687.2564796343654 28.411904761904758 
687.1888802495035 30.521825396825392 

802.923031547657 2.1234126984126984 
655.5108976393234 180.9984126984126 
750.9864262911631 3.33452380952381 
655.6621816205611 147.18253968253967 
671.5498884277674 70.90317460317463 
667.0247574271581 104.25753968253969 
679.5824021310393 45.253968253968274 
659.1682456054552 123.95198412698414 
676.3983781977097 58.1571428571429 
662.9235734951496 117.6654761904762 
715.8459378832257 19.302777777777774 
728.6947853349902 15.535714285714281 
748.4051186006137 5.953968253968254 
700.9759823711408 21.560317460317457 
733.8656721932557 7.701984126984125 
700.9144729180236 23.67023809523809 
687.2564796343654 28.411904761904758 
715.9204790017527 17.19285714285714 
687.1888802495035 30.521825396825392 
732.5310351695668 10.186111111111108 

802.923031547657 2.1234126984126984 
655.5108976393234 180.9984126984126 
750.9864262911631 3.33452380952381 
655.6621816205611 147.18253968253967 
671.5498884277674 70.90317460317463 
667.0247574271581 104.25753968253969 
659.1682456054552 123.95198412698414 
676.3983781977097 58.1571428571429 
662.9235734951496 117.6654761904762 
715.5186019624523 15.61587301587301 
733.130540636821 11.248412698412695 
679.5824021310393 45.253968253968274 
733.8656721932557 7.701984126984125 
748.4051186006137 5.953968253968254 
700.9759823711408 21.560317460317457 
700.9144729180236 23.67023809523809 
687.2564796343654 28.411904761904758 
687.1888802495035 30.521825396825392 

802.923031547657 2.1234126984126984 
655.5108976393234 180.9984126984126 
750.9864262911631 3.33452380952381 
655.6621816205611 147.18253968253967 
671.5498884277674 70.90317460317463 
667.0247574271581 104.25753968253969 
659.1682456054552 123.95198412698414 
676.3983781977097 58.1571428571429 
662.9235734951496 117.6654761904762 
713.3391713112036 19.812301587301583 
729.9497274790177 12.805555555555554 
679.5824021310393 45.253968253968274 
715.5186019624523 15.61587301587301 
733.8656721932557 7.701984126984125 
700.9144729180236 23.67023809523809 
748.4051186006137 5.953968253968254 
687.2564796343654 28.411904761904758 
687.1888802495035 30.521825396825392 
733.130540636821 11.248412698412695 

655.5108976393234 180.9984126984126 
802.923031547657 2.1234126984126984 
750.9864262911631 3.33452380952381 
655.6621816205611 147.18253968253967 
671.5498884277674 70.90317460317463 
667.0247574271581 104.25753968253969 
659.1682456054552 123.95198412698414 
714.8711929258757 14.553571428571423 
662.9235734951496 117.6654761904762 
748.4051186006137 5.953968253968254 
733.8656721932557 7.701984126984125 
680.6113627163886 43.99523809523811 
676.3983781977097 58.1571428571429 
700.9759823711408 21.560317460317457 
676.4704382674311 57.76984126984128 
687.2564796343654 28.411904761904758 
698.3946746805916 24.1797619047619 
679.5824021310393 45.253968253968274 
687.1888802495035 30.521825396825392 
700.9144729180236 23.67023809523809 

