700.9144729180236 23.67023809523809 
802.923031547657 2.1234126984126984 
715.8459378832257 19.302777777777774 
744.0763330086561 8.684126984126982 
750.9864262911631 3.33452380952381 

700.9144729180236 23.67023809523809 
802.923031547657 2.1234126984126984 
715.8459378832257 19.302777777777774 
744.0763330086561 8.684126984126982 
750.9864262911631 3.33452380952381 

700.9144729180236 23.67023809523809 
802.923031547657 2.1234126984126984 
715.8459378832257 19.302777777777774 
744.0763330086561 8.684126984126982 
750.9864262911631 3.33452380952381 

700.9144729180236 23.67023809523809 
802.923031547657 2.1234126984126984 
715.8459378832257 19.302777777777774 
744.0763330086561 8.684126984126982 
750.9864262911631 3.33452380952381 

700.9144729180236 23.67023809523809 
802.923031547657 2.1234126984126984 
750.9864262911631 3.33452380952381 
733.8656721932557 7.701984126984125 
715.9204790017527 17.19285714285714 
715.8459378832257 19.302777777777774 
700.9759823711408 21.560317460317457 

700.9144729180236 23.67023809523809 
802.923031547657 2.1234126984126984 
744.0763330086561 8.684126984126982 
715.8459378832257 19.302777777777774 
750.9864262911631 3.33452380952381 
748.4051186006137 5.953968253968254 

700.9144729180236 23.67023809523809 
802.923031547657 2.1234126984126984 
744.0763330086561 8.684126984126982 
750.9864262911631 3.33452380952381 
715.8459378832257 19.302777777777774 

700.9144729180236 23.67023809523809 
802.923031547657 2.1234126984126984 
715.8459378832257 19.302777777777774 
744.0763330086561 8.684126984126982 
750.9864262911631 3.33452380952381 

700.9144729180236 23.67023809523809 
802.923031547657 2.1234126984126984 
715.8459378832257 19.302777777777774 
744.0763330086561 8.684126984126982 
750.9864262911631 3.33452380952381 

700.9144729180236 23.67023809523809 
802.923031547657 2.1234126984126984 
744.0763330086561 8.684126984126982 
750.9864262911631 3.33452380952381 
715.8459378832257 19.302777777777774 

700.9144729180236 23.67023809523809 
802.923031547657 2.1234126984126984 
744.0763330086561 8.684126984126982 
715.8459378832257 19.302777777777774 
750.9864262911631 3.33452380952381 
748.4051186006137 5.953968253968254 

802.923031547657 2.1234126984126984 
700.9144729180236 23.67023809523809 
744.0763330086561 8.684126984126982 
750.9864262911631 3.33452380952381 
715.9204790017527 17.19285714285714 
715.8459378832257 19.302777777777774 
748.4051186006137 5.953968253968254 

700.9144729180236 23.67023809523809 
802.923031547657 2.1234126984126984 
744.0763330086561 8.684126984126982 
750.9864262911631 3.33452380952381 
715.8459378832257 19.302777777777774 

700.9144729180236 23.67023809523809 
802.923031547657 2.1234126984126984 
744.0763330086561 8.684126984126982 
750.9864262911631 3.33452380952381 
715.8459378832257 19.302777777777774 

700.9144729180236 23.67023809523809 
802.923031547657 2.1234126984126984 
744.0763330086561 8.684126984126982 
750.9864262911631 3.33452380952381 
715.8459378832257 19.302777777777774 

700.9144729180236 23.67023809523809 
802.923031547657 2.1234126984126984 
715.8459378832257 19.302777777777774 
744.0763330086561 8.684126984126982 
750.9864262911631 3.33452380952381 

700.9144729180236 23.67023809523809 
802.923031547657 2.1234126984126984 
744.0763330086561 8.684126984126982 
715.8459378832257 19.302777777777774 
750.9864262911631 3.33452380952381 
748.4051186006137 5.953968253968254 

700.9144729180236 23.67023809523809 
802.923031547657 2.1234126984126984 
715.8459378832257 19.302777777777774 
744.0763330086561 8.684126984126982 
750.9864262911631 3.33452380952381 

700.9144729180236 23.67023809523809 
802.923031547657 2.1234126984126984 
750.9864262911631 3.33452380952381 
733.8656721932557 7.701984126984125 
715.9204790017527 17.19285714285714 
748.4051186006137 5.953968253968254 
715.8459378832257 19.302777777777774 
700.9759823711408 21.560317460317457 

700.9144729180236 23.67023809523809 
802.923031547657 2.1234126984126984 
715.8459378832257 19.302777777777774 
744.0763330086561 8.684126984126982 
750.9864262911631 3.33452380952381 

700.9144729180236 23.67023809523809 
802.923031547657 2.1234126984126984 
744.0763330086561 8.684126984126982 
715.8459378832257 19.302777777777774 
750.9864262911631 3.33452380952381 
748.4051186006137 5.953968253968254 

700.9144729180236 23.67023809523809 
802.923031547657 2.1234126984126984 
744.0763330086561 8.684126984126982 
750.9864262911631 3.33452380952381 
715.8459378832257 19.302777777777774 

700.9144729180236 23.67023809523809 
802.923031547657 2.1234126984126984 
744.0763330086561 8.684126984126982 
715.8459378832257 19.302777777777774 
750.9864262911631 3.33452380952381 
748.4051186006137 5.953968253968254 

802.923031547657 2.1234126984126984 
700.9144729180236 23.67023809523809 
744.0763330086561 8.684126984126982 
715.8459378832257 19.302777777777774 
750.9864262911631 3.33452380952381 
748.4051186006137 5.953968253968254 

700.9144729180236 23.67023809523809 
802.923031547657 2.1234126984126984 
744.0763330086561 8.684126984126982 
750.9864262911631 3.33452380952381 
715.8459378832257 19.302777777777774 

700.9144729180236 23.67023809523809 
802.923031547657 2.1234126984126984 
744.0763330086561 8.684126984126982 
750.9864262911631 3.33452380952381 
715.8459378832257 19.302777777777774 

700.9144729180236 23.67023809523809 
802.923031547657 2.1234126984126984 
744.0763330086561 8.684126984126982 
750.9864262911631 3.33452380952381 
715.8459378832257 19.302777777777774 

700.9144729180236 23.67023809523809 
802.923031547657 2.1234126984126984 
744.0763330086561 8.684126984126982 
715.9204790017527 17.19285714285714 
750.9864262911631 3.33452380952381 
748.4051186006137 5.953968253968254 
715.8459378832257 19.302777777777774 

700.9144729180236 23.67023809523809 
802.923031547657 2.1234126984126984 
750.9864262911631 3.33452380952381 
733.8656721932557 7.701984126984125 
715.9204790017527 17.19285714285714 
715.8459378832257 19.302777777777774 
700.9759823711408 21.560317460317457 

700.9144729180236 23.67023809523809 
802.923031547657 2.1234126984126984 
715.8459378832257 19.302777777777774 
744.0763330086561 8.684126984126982 
750.9864262911631 3.33452380952381 

