845.300616777603 2.1234126984126984 
750.9864262911631 3.33452380952381 
687.2564796343654 28.411904761904758 
679.6280071092663 43.14404761904764 
671.5498884277674 70.90317460317463 
662.9235734951496 117.6654761904762 
655.6621816205611 147.18253968253967 
659.1682456054552 123.95198412698414 
655.5108976393234 180.9984126984126 

802.923031547657 2.1234126984126984 
744.0763330086561 8.684126984126982 
750.9864262911631 3.33452380952381 
700.9144729180236 23.67023809523809 
687.1888802495035 30.521825396825392 
679.872102941755 42.608333333333356 
675.327719416114 57.18134920634925 
671.5498884277674 70.90317460317463 
679.6153328709943 43.73452380952383 
662.9235734951496 117.6654761904762 
655.6621816205611 147.18253968253967 
659.1682456054552 123.95198412698414 
655.5108976393234 180.9984126984126 

845.300616777603 2.1234126984126984 
750.9864262911631 3.33452380952381 
733.8656721932557 7.701984126984125 
700.9144729180236 23.67023809523809 
700.9759823711408 21.560317460317457 
687.1888802495035 30.521825396825392 
679.5824021310393 45.253968253968274 
671.5498884277674 70.90317460317463 
662.9235734951496 117.6654761904762 
655.6621816205611 147.18253968253967 
659.1682456054552 123.95198412698414 
655.5108976393234 180.9984126984126 

858.4163815847238 2.1234126984126984 
750.9864262911631 3.33452380952381 
687.2564796343654 28.411904761904758 
679.5824021310393 45.253968253968274 
671.5498884277674 70.90317460317463 
676.3983781977097 58.1571428571429 
662.9235734951496 117.6654761904762 
655.6621816205611 147.18253968253967 
659.1682456054552 123.95198412698414 
655.5108976393234 180.9984126984126 

845.300616777603 2.1234126984126984 
750.9864262911631 3.33452380952381 
733.8656721932557 7.701984126984125 
700.9759823711408 21.560317460317457 
687.2564796343654 28.411904761904758 
679.6617430601098 41.624603174603195 
671.5498884277674 70.90317460317463 
662.9235734951496 117.6654761904762 
655.6621816205611 147.18253968253967 
659.1682456054552 123.95198412698414 
655.5108976393234 180.9984126984126 

845.300616777603 2.1234126984126984 
750.9864262911631 3.33452380952381 
733.8656721932557 7.701984126984125 
687.1888802495035 30.521825396825392 
687.2564796343654 28.411904761904758 
679.6617430601098 41.624603174603195 
679.6280071092663 43.14404761904764 
676.3983781977097 58.1571428571429 
671.5498884277674 70.90317460317463 
662.9235734951496 117.6654761904762 
655.6621816205611 147.18253968253967 
659.1682456054552 123.95198412698414 
655.5108976393234 180.9984126984126 

845.300616777603 2.1234126984126984 
750.9864262911631 3.33452380952381 
700.9759823711408 21.560317460317457 
687.1888802495035 30.521825396825392 
687.2564796343654 28.411904761904758 
679.6280071092663 43.14404761904764 
675.0928974681533 56.87896825396831 
671.5498884277674 70.90317460317463 
662.9235734951496 117.6654761904762 
655.6621816205611 147.18253968253967 
659.1682456054552 123.95198412698414 
655.5108976393234 180.9984126984126 

845.300616777603 2.1234126984126984 
750.9864262911631 3.33452380952381 
700.9759823711408 21.560317460317457 
687.2564796343654 28.411904761904758 
679.6617430601098 41.624603174603195 
679.6280071092663 43.14404761904764 
671.5498884277674 70.90317460317463 
662.9235734951496 117.6654761904762 
655.6621816205611 147.18253968253967 
659.1682456054552 123.95198412698414 
655.5108976393234 180.9984126984126 

845.300616777603 2.1234126984126984 
750.9864262911631 3.33452380952381 
700.9144729180236 23.67023809523809 
687.1888802495035 30.521825396825392 
679.5824021310393 45.253968253968274 
679.6175951375019 42.74285714285717 
676.3983781977097 58.1571428571429 
671.5498884277674 70.90317460317463 
662.9235734951496 117.6654761904762 
655.6621816205611 147.18253968253967 
659.1682456054552 123.95198412698414 
655.5108976393234 180.9984126984126 

802.923031547657 2.1234126984126984 
744.0763330086561 8.684126984126982 
750.9864262911631 3.33452380952381 
687.4687201643995 30.387301587301586 
687.1888802495035 30.521825396825392 
679.4775962217824 46.89801587301589 
676.3983781977097 58.1571428571429 
671.5498884277674 70.90317460317463 
662.7245716874755 137.93373015873013 
662.9235734951496 117.6654761904762 
655.6621816205611 147.18253968253967 
660.0059189092904 139.18055555555554 
655.5108976393234 180.9984126984126 

802.923031547657 2.1234126984126984 
750.9864262911631 3.33452380952381 
687.2564796343654 28.411904761904758 
679.6153328709943 43.73452380952383 
671.5498884277674 70.90317460317463 
676.3983781977097 58.1571428571429 
662.9235734951496 117.6654761904762 
655.6621816205611 147.18253968253967 
659.1682456054552 123.95198412698414 
655.5108976393234 180.9984126984126 

845.300616777603 2.1234126984126984 
750.9864262911631 3.33452380952381 
700.9759823711408 21.560317460317457 
687.2564796343654 28.411904761904758 
679.6631881183328 40.632936507936535 
671.5498884277674 70.90317460317463 
662.9235734951496 117.6654761904762 
655.6621816205611 147.18253968253967 
659.1682456054552 123.95198412698414 
655.5108976393234 180.9984126984126 

845.300616777603 2.1234126984126984 
750.9864262911631 3.33452380952381 
700.9144729180236 23.67023809523809 
687.1888802495035 30.521825396825392 
679.5824021310393 45.253968253968274 
679.6301302351485 44.26230158730161 
671.5498884277674 70.90317460317463 
674.9685008741961 61.38412698412703 
679.6296935075634 44.8246031746032 
662.9235734951496 117.6654761904762 
655.6621816205611 147.18253968253967 
659.1682456054552 123.95198412698414 
655.5108976393234 180.9984126984126 

845.300616777603 2.1234126984126984 
750.9864262911631 3.33452380952381 
700.9759823711408 21.560317460317457 
687.2564796343654 28.411904761904758 
676.3983781977097 58.1571428571429 
679.5824021310393 45.253968253968274 
671.5498884277674 70.90317460317463 
662.9235734951496 117.6654761904762 
655.6621816205611 147.18253968253967 
659.1682456054552 123.95198412698414 
655.5108976393234 180.9984126984126 

845.300616777603 2.1234126984126984 
750.9864262911631 3.33452380952381 
700.9759823711408 21.560317460317457 
687.2564796343654 28.411904761904758 
679.6750300917608 42.15238095238098 
679.6280071092663 43.14404761904764 
675.1757565873959 55.598015873015925 
671.5498884277674 70.90317460317463 
662.9235734951496 117.6654761904762 
655.6621816205611 147.18253968253967 
659.1682456054552 123.95198412698414 
655.5108976393234 180.9984126984126 

858.4163815847238 2.1234126984126984 
750.9864262911631 3.33452380952381 
700.9759823711408 21.560317460317457 
687.2564796343654 28.411904761904758 
679.6750300917608 42.15238095238098 
671.5498884277674 70.90317460317463 
662.9235734951496 117.6654761904762 
676.3983781977097 58.1571428571429 
655.6621816205611 147.18253968253967 
659.1682456054552 123.95198412698414 
655.5108976393234 180.9984126984126 

845.300616777603 2.1234126984126984 
750.9864262911631 3.33452380952381 
700.9759823711408 21.560317460317457 
687.2564796343654 28.411904761904758 
679.9124341309284 40.49841269841272 
679.6631881183328 40.632936507936535 
671.5498884277674 70.90317460317463 
662.9235734951496 117.6654761904762 
655.6621816205611 147.18253968253967 
659.1682456054552 123.95198412698414 
655.5108976393234 180.9984126984126 

845.300616777603 2.1234126984126984 
750.9864262911631 3.33452380952381 
700.9144729180236 23.67023809523809 
687.1888802495035 30.521825396825392 
687.2564796343654 28.411904761904758 
679.6617430601098 41.624603174603195 
679.6631881183328 40.632936507936535 
671.5498884277674 70.90317460317463 
679.6175951375019 42.74285714285717 
662.9235734951496 117.6654761904762 
655.6621816205611 147.18253968253967 
659.1682456054552 123.95198412698414 
655.5108976393234 180.9984126984126 

802.923031547657 2.1234126984126984 
744.0763330086561 8.684126984126982 
750.9864262911631 3.33452380952381 
700.9144729180236 23.67023809523809 
701.1590700250624 23.535714285714285 
687.1888802495035 30.521825396825392 
679.5824021310393 45.253968253968274 
671.5498884277674 70.90317460317463 
659.1682456054552 123.95198412698414 
662.9235734951496 117.6654761904762 
655.6621816205611 147.18253968253967 
655.5108976393234 180.9984126984126 

845.300616777603 2.1234126984126984 
750.9864262911631 3.33452380952381 
700.9144729180236 23.67023809523809 
687.1888802495035 30.521825396825392 
679.7683096542539 42.942460317460345 
679.5824021310393 45.253968253968274 
679.770362965583 41.4230158730159 
671.5498884277674 70.90317460317463 
662.9235734951496 117.6654761904762 
655.6621816205611 147.18253968253967 
659.1682456054552 123.95198412698414 
655.5108976393234 180.9984126984126 

845.300616777603 2.1234126984126984 
750.9864262911631 3.33452380952381 
687.2564796343654 28.411904761904758 
679.6280071092663 43.14404761904764 
671.5498884277674 70.90317460317463 
662.9235734951496 117.6654761904762 
655.6621816205611 147.18253968253967 
659.1682456054552 123.95198412698414 
655.5108976393234 180.9984126984126 

845.300616777603 2.1234126984126984 
750.9864262911631 3.33452380952381 
714.8711929258757 14.553571428571423 
687.2564796343654 28.411904761904758 
679.6280071092663 43.14404761904764 
671.5498884277674 70.90317460317463 
675.2604542002723 60.0257936507937 
662.9235734951496 117.6654761904762 
655.6621816205611 147.18253968253967 
659.1682456054552 123.95198412698414 
655.5108976393234 180.9984126984126 

845.300616777603 2.1234126984126984 
750.9864262911631 3.33452380952381 
700.9144729180236 23.67023809523809 
687.1888802495035 30.521825396825392 
679.6631881183328 40.632936507936535 
679.6175951375019 42.74285714285717 
674.8558764089582 54.685714285714326 
671.5498884277674 70.90317460317463 
662.9235734951496 117.6654761904762 
655.6621816205611 147.18253968253967 
659.1682456054552 123.95198412698414 
655.5108976393234 180.9984126984126 

845.300616777603 2.1234126984126984 
750.9864262911631 3.33452380952381 
687.2564796343654 28.411904761904758 
680.1244637150826 44.03730158730161 
680.2618981646849 43.33968253968257 
679.5824021310393 45.253968253968274 
671.5498884277674 70.90317460317463 
676.3983781977097 58.1571428571429 
662.9235734951496 117.6654761904762 
655.6621816205611 147.18253968253967 
659.1682456054552 123.95198412698414 
655.5108976393234 180.9984126984126 

802.923031547657 2.1234126984126984 
750.9864262911631 3.33452380952381 
701.216620210572 21.42579365079365 
687.2564796343654 28.411904761904758 
679.5824021310393 45.253968253968274 
676.3983781977097 58.1571428571429 
671.5498884277674 70.90317460317463 
659.1682456054552 123.95198412698414 
667.0247574271581 104.25753968253969 

845.300616777603 2.1234126984126984 
750.9864262911631 3.33452380952381 
700.9144729180236 23.67023809523809 
687.1888802495035 30.521825396825392 
687.2564796343654 28.411904761904758 
679.6631881183328 40.632936507936535 
671.5498884277674 70.90317460317463 
675.5667479702759 58.182539682539726 
662.9235734951496 117.6654761904762 
655.6621816205611 147.18253968253967 
659.1682456054552 123.95198412698414 
655.5108976393234 180.9984126984126 

845.300616777603 2.1234126984126984 
750.9864262911631 3.33452380952381 
687.5318239716096 28.277380952380952 
687.2564796343654 28.411904761904758 
679.5824021310393 45.253968253968274 
679.8241202568342 43.13968253968257 
679.6280071092663 43.14404761904764 
671.5498884277674 70.90317460317463 
662.9235734951496 117.6654761904762 
659.1682456054552 123.95198412698414 
655.6621816205611 147.18253968253967 
655.5108976393234 180.9984126984126 

845.300616777603 2.1234126984126984 
750.9864262911631 3.33452380952381 
687.2564796343654 28.411904761904758 
679.5824021310393 45.253968253968274 
671.5498884277674 70.90317460317463 
676.3983781977097 58.1571428571429 
662.9235734951496 117.6654761904762 
655.6621816205611 147.18253968253967 
659.1682456054552 123.95198412698414 
655.5108976393234 180.9984126984126 

845.300616777603 2.1234126984126984 
750.9864262911631 3.33452380952381 
700.9759823711408 21.560317460317457 
687.2564796343654 28.411904761904758 
679.6631881183328 40.632936507936535 
671.5498884277674 70.90317460317463 
662.9235734951496 117.6654761904762 
655.6621816205611 147.18253968253967 
659.1682456054552 123.95198412698414 
655.5108976393234 180.9984126984126 

845.300616777603 2.1234126984126984 
750.9864262911631 3.33452380952381 
700.9144729180236 23.67023809523809 
687.1888802495035 30.521825396825392 
679.5824021310393 45.253968253968274 
679.6301302351485 44.26230158730161 
671.5498884277674 70.90317460317463 
676.0314633510732 58.81031746031749 
662.9235734951496 117.6654761904762 
655.6621816205611 147.18253968253967 
659.1682456054552 123.95198412698414 
655.5108976393234 180.9984126984126 

