287.12523992269485 137.4646825396824 
253.44953932417087 218.06785714285706 
345.9178067856246 84.46031746031734 
336.7470625232807 92.92579365079351 
311.27104275293794 128.02103174603164 
306.0961275315343 129.29999999999984 
300.38666121914713 132.56428571428552 
296.1570356049106 133.83333333333314 
286.67108722145133 144.7015873015871 
282.0604159080862 149.39404761904743 
277.37875816921826 151.91825396825377 
273.0255964838342 157.4944444444442 
268.62946450948925 158.2412698412696 
264.4899712224787 168.23690476190453 
261.25622921637535 174.02738095238078 
258.80451252582645 179.6920634920633 
255.2374947347111 185.7492063492062 
324.21022487857675 104.69682539682523 
378.0108950859748 68.3952380952381 
318.5007585661894 107.96111111111092 
348.6904401676158 83.26944444444436 
317.76485128322776 122.59841269841256 
407.288494550352 59.95476190476195 
401.4270461692426 65.10039682539684 
461.0703309067224 36.00436507936508 
573.2053967771047 4.923015873015873 
456.3179221739708 39.529761904761926 
395.8099235560818 68.10238095238095 
586.2502034051536 3.128968253968254 
329.38514009998033 103.41785714285699 
312.56065222919705 124.99047619047604 
356.1411240113314 77.3757936507936 
522.6980838879978 19.377777777777776 
355.01235956804726 78.05476190476185 
400.5652649556869 65.5857142857143 
317.7355674506006 123.71150793650779 
318.2701185415843 121.72619047619035 
377.5152276386425 70.85912698412697 
530.3489520994135 13.496031746031745 
350.46410233997244 81.13690476190466 
365.2356767937542 70.97023809523809 
440.16529560542466 45.78015873015877 
499.84953862611076 23.28769841269841 
480.28719787559845 32.43214285714286 
448.00358157567723 42.10317460317464 
454.8636877989832 40.16865079365081 
334.4335421042836 97.61230158730142 
416.7433662660773 50.927380952381 
399.8378107066363 65.84841269841272 
500.0411852764231 22.24365079365079 
397.793377538249 67.33373015873016 
477.68744327931694 33.33849206349206 
514.4070506333431 21.914285714285715 
442.1668763426926 43.19087301587304 
529.5455869564324 16.656349206349205 
481.45948311178194 26.342460317460322 
568.5466102899845 8.351984126984126 
463.49801432323034 33.426984126984124 
548.9991132910917 9.891666666666664 
462.5560285477521 33.528968253968266 
536.5031669046922 11.685714285714285 
439.8008192752507 48.74285714285717 
477.94817930390076 32.555158730158745 

287.12523992269485 137.4646825396824 
253.44953932417087 218.06785714285706 
586.2502034051536 3.128968253968254 
365.2356767937542 70.97023809523809 
356.1411240113314 77.3757936507936 
345.9178067856246 84.46031746031734 
336.7470625232807 92.92579365079351 
329.38514009998033 103.41785714285699 
323.69508941912983 108.2003968253967 
306.0961275315343 129.29999999999984 
300.38666121914713 132.56428571428552 
296.1570356049106 133.83333333333314 
286.67108722145133 144.7015873015871 
282.0604159080862 149.39404761904743 
277.37875816921826 151.91825396825377 
273.0255964838342 157.4944444444442 
268.62946450948925 158.2412698412696 
264.4899712224787 168.23690476190453 
261.25622921637535 174.02738095238078 
258.80451252582645 179.6920634920633 
255.2374947347111 185.7492063492062 
390.84506443974016 68.12301587301586 
312.55348615860635 122.99523809523795 
324.21022487857675 104.69682539682523 
306.8440198462192 126.25952380952367 
426.13844461620215 56.259920634920675 
470.66248572136993 31.872222222222224 
350.52585694768004 82.50555555555545 
417.14178020722534 58.27301587301591 
422.0713097500042 57.132539682539715 
405.54009079559853 62.23730158730163 
319.9154085819067 112.5031746031745 
427.2549029604271 56.244047619047635 
432.7904298193456 51.54404761904764 
481.45948311178194 26.342460317460322 
318.2701185415843 121.72619047619035 
502.00965653072956 21.277380952380945 
536.5031669046922 11.685714285714285 
573.2053967771047 4.923015873015873 
544.7169232221249 11.385714285714284 
458.79678355487704 42.23769841269843 
311.93407242634225 125.11230158730146 
451.3932851509922 44.59722222222224 
531.9813077215974 13.013095238095234 
529.5455869564324 16.656349206349205 
504.0235852608911 18.148412698412695 
480.6569128879225 30.24484126984127 
382.9668461216005 69.8734126984127 
412.7033157423157 61.275000000000034 
487.9376081276584 23.871031746031747 
465.5965817626909 34.182539682539705 
439.28877028477797 45.767857142857174 
546.7404558139846 8.256746031746033 
459.0746203622363 37.53928571428572 
500.0411852764231 22.24365079365079 
453.79004629415937 44.17817460317462 

287.12523992269485 137.4646825396824 
253.44953932417087 218.06785714285706 
365.2356767937542 70.97023809523809 
356.1411240113314 77.3757936507936 
345.9178067856246 84.46031746031734 
336.7470625232807 92.92579365079351 
296.1570356049106 133.83333333333314 
286.67108722145133 144.7015873015871 
282.0604159080862 149.39404761904743 
277.37875816921826 151.91825396825377 
273.0255964838342 157.4944444444442 
268.62946450948925 158.2412698412696 
264.4899712224787 168.23690476190453 
261.25622921637535 174.02738095238078 
258.80451252582645 179.6920634920633 
255.2374947347111 185.7492063492062 
302.2333485328541 130.951984126984 
306.0961275315343 129.29999999999984 
358.98166148254955 74.73134920634917 
306.8440198462192 126.25952380952367 
573.2053967771047 4.923015873015873 
350.52585694768004 82.50555555555545 
417.91136006856055 53.272222222222275 
466.2953779668175 34.916666666666686 
300.38666121914713 132.56428571428552 
312.0189350676228 124.98055555555543 
586.2502034051536 3.128968253968254 
397.3729631690731 61.85833333333338 
410.2737377438338 55.17738095238099 
453.0600935394309 42.403571428571446 
396.89447832461417 63.75158730158735 
374.93133406224933 69.9781746031746 
482.0430548727892 29.32857142857144 
475.0209138249421 31.930158730158738 
329.38514009998033 103.41785714285699 
449.79704485648745 43.300793650793665 
459.9867105153492 39.63968253968256 
527.4351533150794 19.785317460317458 
312.55348615860635 122.99523809523795 
536.5031669046922 11.685714285714285 
317.95904140461516 107.9511904761903 
527.0439803112941 20.550396825396824 
402.22430778491906 61.071031746031785 
445.20742955763154 43.84444444444447 
430.64626209644246 44.59404761904766 
524.9733922134697 20.870634920634917 
529.5455869564324 16.656349206349205 
479.6520330713638 31.90555555555556 
461.0703309067224 36.00436507936508 
452.7872138254383 42.40952380952383 
405.4223931279878 55.96468253968259 
500.0411852764231 22.24365079365079 
392.0431337087682 64.53888888888892 
427.6144293706179 51.76507936507941 
313.02790584661716 121.8976190476189 
470.6232285269038 33.94166666666667 
380.54660112590057 64.84841269841273 
351.81331863277296 78.99047619047614 
568.5466102899845 8.351984126984126 
457.55902709884134 42.21706349206352 
548.9991132910917 9.891666666666664 
488.5846973154554 26.85714285714286 
458.40283967399864 40.19087301587303 

323.2510786162324 121.46309523809515 
287.12523992269485 137.4646825396824 
253.44953932417087 218.06785714285706 
365.2356767937542 70.97023809523809 
356.1411240113314 77.3757936507936 
345.9178067856246 84.46031746031734 
323.69508941912983 108.2003968253967 
311.27104275293794 128.02103174603164 
306.0961275315343 129.29999999999984 
300.38666121914713 132.56428571428552 
296.1570356049106 133.83333333333314 
286.67108722145133 144.7015873015871 
282.0604159080862 149.39404761904743 
277.37875816921826 151.91825396825377 
273.0255964838342 157.4944444444442 
268.62946450948925 158.2412698412696 
264.4899712224787 168.23690476190453 
261.25622921637535 174.02738095238078 
258.80451252582645 179.6920634920633 
255.2374947347111 185.7492063492062 
336.7470625232807 92.92579365079351 
315.54453401408733 124.3607142857142 
307.552670161616 129.2408730158729 
329.38514009998033 103.41785714285699 
586.2502034051536 3.128968253968254 
573.2053967771047 4.923015873015873 
324.21022487857675 104.69682539682523 
317.7355674506006 123.71150793650779 
323.445033762988 120.4472222222221 
485.6483617062745 30.96587301587302 
425.2384691767186 52.42777777777783 
395.26395066091175 69.46468253968253 
447.2600503654554 48.57658730158733 
318.2701185415843 121.72619047619035 
405.48726788661855 62.380158730158776 
491.56803806582553 26.431349206349203 
434.4848320732349 51.15158730158735 
529.5455869564324 16.656349206349205 
491.40056181802134 29.74206349206349 
313.24272084246655 124.4583333333332 
382.9668461216005 69.8734126984127 
312.56065222919705 124.99047619047604 
486.9365285306113 30.599206349206348 
448.6109621321485 42.340079365079376 
468.1955451103958 36.519047619047626 
461.386180424369 39.76507936507937 
414.79032969923685 56.819444444444485 
502.8570497789892 25.128571428571426 
474.4159778955213 36.34325396825398 
512.6374721232501 19.775793650793645 
503.02452602679335 21.817857142857136 
448.6437091168159 41.70515873015873 
436.8860956313807 49.3305555555556 
546.7404558139846 8.256746031746033 
534.0098003794882 9.884126984126985 
480.931520054271 32.12936507936509 

287.12523992269485 137.4646825396824 
253.44953932417087 218.06785714285706 
365.2356767937542 70.97023809523809 
356.1411240113314 77.3757936507936 
345.9178067856246 84.46031746031734 
336.7470625232807 92.92579365079351 
311.27104275293794 128.02103174603164 
306.0961275315343 129.29999999999984 
300.38666121914713 132.56428571428552 
296.1570356049106 133.83333333333314 
286.67108722145133 144.7015873015871 
282.0604159080862 149.39404761904743 
277.37875816921826 151.91825396825377 
273.0255964838342 157.4944444444442 
268.62946450948925 158.2412698412696 
264.4899712224787 168.23690476190453 
261.25622921637535 174.02738095238078 
258.80451252582645 179.6920634920633 
255.2374947347111 185.7492063492062 
329.38514009998033 103.41785714285699 
314.9255091872172 121.37023809523795 
389.72242834391847 67.39325396825397 
312.56065222919705 124.99047619047604 
323.6756737875931 106.68214285714268 
439.91842618284977 43.738492063492096 
442.1668763426926 43.19087301587304 
382.39376449039435 70.15357142857142 
317.95904140461516 107.9511904761903 
463.49801432323034 33.426984126984124 
457.87989497140126 36.65396825396828 
392.8290052567516 64.98015873015875 
573.2053967771047 4.923015873015873 
429.0955992659165 44.70714285714289 
391.4571805166382 66.58611111111111 
481.14472069856737 27.351984126984128 
523.3224912595565 16.540079365079368 
467.06135840423445 33.145238095238106 
450.27525936706496 38.641269841269846 
462.5560285477521 33.528968253968266 
422.4912121076307 50.45634920634922 
504.0235852608911 18.148412698412695 
491.95394432182434 19.775793650793645 
522.224373997934 17.945238095238103 
472.9271465426309 27.948015873015873 
533.6141122298707 13.194841269841264 
487.9376081276584 23.871031746031747 
413.4599378419268 52.06031746031748 
534.0098003794882 9.884126984126985 
575.3134468293505 1.794047619047619 
470.66441157212444 28.97936507936508 
416.04225604287575 51.071031746031785 
546.7404558139846 8.256746031746033 
383.4225804236036 67.42777777777778 
403.5140293886766 62.31428571428575 
397.9974156891308 62.909523809523854 

323.2510786162324 121.46309523809515 
287.12523992269485 137.4646825396824 
253.44953932417087 218.06785714285706 
365.2356767937542 70.97023809523809 
345.9178067856246 84.46031746031734 
336.7470625232807 92.92579365079351 
323.69508941912983 108.2003968253967 
311.27104275293794 128.02103174603164 
306.0961275315343 129.29999999999984 
300.38666121914713 132.56428571428552 
296.1570356049106 133.83333333333314 
286.67108722145133 144.7015873015871 
282.0604159080862 149.39404761904743 
277.37875816921826 151.91825396825377 
273.0255964838342 157.4944444444442 
268.62946450948925 158.2412698412696 
264.4899712224787 168.23690476190453 
261.25622921637535 174.02738095238078 
258.80451252582645 179.6920634920633 
255.2374947347111 185.7492063492062 
314.5470065060718 124.86904761904754 
378.0108950859748 68.3952380952381 
431.9251798205717 43.79880952380953 
356.1411240113314 77.3757936507936 
295.10703369418894 136.33492063492045 
350.46410233997244 81.13690476190466 
421.88238597038116 48.714682539682585 
318.2701185415843 121.72619047619035 
405.4223931279878 55.96468253968259 
586.2502034051536 3.128968253968254 
481.71701306783507 30.52698412698414 
370.92102510249583 70.40238095238094 
312.56065222919705 124.99047619047604 
573.2053967771047 4.923015873015873 
491.4457372110509 22.975396825396825 
329.38514009998033 103.41785714285699 
317.7355674506006 123.71150793650779 
456.64402721290566 34.14603174603175 
413.42708429083456 54.27619047619049 
477.94817930390076 32.555158730158745 
485.0043814354965 29.631349206349213 
533.6141122298707 13.194841269841264 
546.3438372267466 11.567460317460315 
466.16647324465765 33.83531746031747 
357.2854181213357 77.28611111111105 
516.8137421307721 18.450396825396822 
456.019943101242 35.02460317460318 
485.2646071609841 27.06706349206349 
323.445033762988 120.4472222222221 
503.5167134113964 21.348015873015868 
536.5031669046922 11.685714285714285 
430.64626209644246 44.59404761904766 
479.50966747333825 31.144047619047626 
529.5455869564324 16.656349206349205 
391.88601417856717 59.95476190476195 
500.0411852764231 22.24365079365079 
443.75896964487526 39.35079365079365 
568.5466102899845 8.351984126984126 
470.28169870372267 33.634126984127 
548.9991132910917 9.891666666666664 

323.2510786162324 121.46309523809515 
287.12523992269485 137.4646825396824 
253.44953932417087 218.06785714285706 
365.2356767937542 70.97023809523809 
356.1411240113314 77.3757936507936 
345.9178067856246 84.46031746031734 
336.7470625232807 92.92579365079351 
329.38514009998033 103.41785714285699 
323.69508941912983 108.2003968253967 
311.27104275293794 128.02103174603164 
306.0961275315343 129.29999999999984 
300.38666121914713 132.56428571428552 
296.1570356049106 133.83333333333314 
286.67108722145133 144.7015873015871 
282.0604159080862 149.39404761904743 
277.37875816921826 151.91825396825377 
273.0255964838342 157.4944444444442 
268.62946450948925 158.2412698412696 
264.4899712224787 168.23690476190453 
261.25622921637535 174.02738095238078 
258.80451252582645 179.6920634920633 
255.2374947347111 185.7492063492062 
318.2701185415843 121.72619047619035 
424.5878477952486 55.15634920634925 
426.4223929868483 51.3559523809524 
391.9914948849132 68.28412698412698 
358.98166148254955 74.73134920634917 
394.52720092483906 64.73730158730162 
317.7355674506006 123.71150793650779 
378.0108950859748 68.3952380952381 
417.3911121449109 58.84960317460322 
521.2217986196937 17.815079365079356 
312.56065222919705 124.99047619047604 
435.9023076016753 48.6698412698413 
573.2053967771047 4.923015873015873 
534.240551430014 16.32380952380952 
490.9209488780286 23.445238095238093 
323.445033762988 120.4472222222221 
431.2752188581905 49.86865079365083 
479.6520330713638 31.90555555555556 
534.4031961859636 14.814682539682535 
481.45948311178194 26.342460317460322 
437.13251847113685 41.26547619047621 
487.9376081276584 23.871031746031747 
548.9991132910917 9.891666666666664 
474.2793909625223 32.4452380952381 
460.7542560341427 36.778968253968266 
462.5560285477521 33.528968253968266 
406.0332407817887 61.01785714285719 
536.5031669046922 11.685714285714285 
516.8137421307721 18.450396825396822 
500.0411852764231 22.24365079365079 
456.3179221739708 39.529761904761926 
575.3134468293505 1.794047619047619 
529.5455869564324 16.656349206349205 

287.12523992269485 137.4646825396824 
253.44953932417087 218.06785714285706 
365.2356767937542 70.97023809523809 
356.1411240113314 77.3757936507936 
345.9178067856246 84.46031746031734 
336.7470625232807 92.92579365079351 
329.38514009998033 103.41785714285699 
323.69508941912983 108.2003968253967 
311.27104275293794 128.02103174603164 
306.0961275315343 129.29999999999984 
300.38666121914713 132.56428571428552 
296.1570356049106 133.83333333333314 
286.67108722145133 144.7015873015871 
282.0604159080862 149.39404761904743 
277.37875816921826 151.91825396825377 
273.0255964838342 157.4944444444442 
268.62946450948925 158.2412698412696 
264.4899712224787 168.23690476190453 
261.25622921637535 174.02738095238078 
258.80451252582645 179.6920634920633 
255.2374947347111 185.7492063492062 
358.98166148254955 74.73134920634917 
341.79546452758404 87.12023809523797 
322.4218059068376 119.63492063492055 
382.9668461216005 69.8734126984127 
335.22961056525855 99.2571428571427 
586.2502034051536 3.128968253968254 
400.1679581767522 64.51825396825399 
318.2701185415843 121.72619047619035 
445.079037546094 38.281349206349226 
444.9956969915519 39.779761904761926 
429.0955992659165 44.70714285714289 
317.7355674506006 123.71150793650779 
320.17118719049193 121.52539682539667 
396.30445228972553 68.8813492063492 
440.7831364760975 41.62896825396827 
469.0328613218755 32.04325396825398 
454.75304801253054 36.54404761904764 
424.6065447864924 49.44166666666671 
536.5031669046922 11.685714285714285 
461.0703309067224 36.00436507936508 
469.0849774512165 27.969841269841275 
516.8137421307721 18.450396825396822 
487.9376081276584 23.871031746031747 
573.2053967771047 4.923015873015873 
481.45948311178194 26.342460317460322 
312.56065222919705 124.99047619047604 
529.5455869564324 16.656349206349205 
568.5466102899845 8.351984126984126 
448.695825246157 37.63174603174604 
500.0411852764231 22.24365079365079 
403.097520194185 52.44365079365084 
415.3770710390734 52.33253968253973 
534.4031961859636 14.814682539682535 
548.9991132910917 9.891666666666664 
462.5560285477521 33.528968253968266 

287.12523992269485 137.4646825396824 
253.44953932417087 218.06785714285706 
365.2356767937542 70.97023809523809 
356.1411240113314 77.3757936507936 
345.9178067856246 84.46031746031734 
336.7470625232807 92.92579365079351 
323.69508941912983 108.2003968253967 
311.27104275293794 128.02103174603164 
306.0961275315343 129.29999999999984 
300.38666121914713 132.56428571428552 
296.1570356049106 133.83333333333314 
286.67108722145133 144.7015873015871 
282.0604159080862 149.39404761904743 
277.37875816921826 151.91825396825377 
273.0255964838342 157.4944444444442 
268.62946450948925 158.2412698412696 
264.4899712224787 168.23690476190453 
261.25622921637535 174.02738095238078 
258.80451252582645 179.6920634920633 
255.2374947347111 185.7492063492062 
318.52017419772613 109.47936507936492 
350.52585694768004 82.50555555555545 
334.4335421042836 97.61230158730142 
312.0189350676228 124.98055555555543 
318.2701185415843 121.72619047619035 
531.5058672166292 19.78531746031746 
377.5152276386425 70.85912698412697 
421.5219173918489 59.50317460317464 
402.895276041172 66.86746031746033 
329.38514009998033 103.41785714285699 
486.82327474141954 28.112698412698414 
403.0432862411677 63.331349206349245 
441.93764539731194 46.64246031746035 
401.4048001117342 69.46904761904761 
475.98909103302555 29.00039682539683 
429.7990990894143 48.09484126984131 
463.49801432323034 33.426984126984124 
485.05455105027124 28.379761904761914 
522.9231981701749 19.85079365079365 
317.7355674506006 123.71150793650779 
459.17155188394895 34.843650793650795 
533.6141122298707 13.194841269841264 
487.7276900145177 27.75912698412699 
521.8238422084638 21.255952380952387 
427.4197962697202 56.27658730158735 
489.7916692666551 25.42936507936508 
466.18763602703234 32.51388888888889 
573.2053967771047 4.923015873015873 
546.3438372267466 11.567460317460315 
449.779127067342 44.70714285714289 
536.5031669046922 11.685714285714285 
454.58864603952685 36.98055555555556 
489.4310433106742 26.104365079365078 
451.7530680079659 44.4964285714286 
452.3790633137606 41.088095238095256 
575.3134468293505 1.794047619047619 
503.5167134113964 21.348015873015868 
491.4457372110509 22.975396825396825 
548.9991132910917 9.891666666666664 
449.281686542921 45.09285714285716 
500.0411852764231 22.24365079365079 
413.11859326687886 59.78293650793656 

287.12523992269485 137.4646825396824 
253.44953932417087 218.06785714285706 
365.2356767937542 70.97023809523809 
356.1411240113314 77.3757936507936 
345.9178067856246 84.46031746031734 
336.7470625232807 92.92579365079351 
329.38514009998033 103.41785714285699 
323.69508941912983 108.2003968253967 
311.27104275293794 128.02103174603164 
306.0961275315343 129.29999999999984 
300.38666121914713 132.56428571428552 
296.1570356049106 133.83333333333314 
286.67108722145133 144.7015873015871 
282.0604159080862 149.39404761904743 
277.37875816921826 151.91825396825377 
273.0255964838342 157.4944444444442 
268.62946450948925 158.2412698412696 
264.4899712224787 168.23690476190453 
261.25622921637535 174.02738095238078 
258.80451252582645 179.6920634920633 
255.2374947347111 185.7492063492062 
320.2570586596529 118.72103174603167 
467.4592316028503 34.85198412698413 
378.0108950859748 68.3952380952381 
377.5152276386425 70.85912698412697 
431.9655830885305 46.043253968254014 
414.38322756078554 56.526190476190514 
391.4571805166382 66.58611111111111 
317.7355674506006 123.71150793650779 
415.3887663091881 53.28134920634925 
528.9219979821922 16.415079365079357 
467.5484559225988 33.53293650793651 
478.96248349361275 31.95396825396825 
573.2053967771047 4.923015873015873 
457.7709152837724 37.204761904761924 
479.6520330713638 31.90555555555556 
401.68049774234504 59.50158730158735 
533.8837398062979 8.651984126984127 
445.20742955763154 43.84444444444447 
480.9155306045013 24.896428571428572 
459.6602836844074 36.67222222222223 
448.6437091168159 41.70515873015873 
487.9376081276584 23.871031746031747 
497.41601957778647 23.273015873015872 
575.3134468293505 1.794047619047619 
500.0411852764231 22.24365079365079 
425.2664730912555 49.73214285714289 
411.65036339494947 58.01587301587307 
546.6270928920238 7.024603174603174 
504.0143797875471 16.91626984126984 

287.12523992269485 137.4646825396824 
253.44953932417087 218.06785714285706 
365.2356767937542 70.97023809523809 
356.1411240113314 77.3757936507936 
345.9178067856246 84.46031746031734 
336.7470625232807 92.92579365079351 
306.0961275315343 129.29999999999984 
300.38666121914713 132.56428571428552 
296.1570356049106 133.83333333333314 
286.67108722145133 144.7015873015871 
282.0604159080862 149.39404761904743 
277.37875816921826 151.91825396825377 
273.0255964838342 157.4944444444442 
268.62946450948925 158.2412698412696 
264.4899712224787 168.23690476190453 
261.25622921637535 174.02738095238078 
258.80451252582645 179.6920634920633 
255.2374947347111 185.7492063492062 
314.9255091872172 121.37023809523795 
378.0108950859748 68.3952380952381 
329.38514009998033 103.41785714285699 
318.52017419772613 109.47936507936492 
406.52004904037045 58.011904761904795 
323.6756737875931 106.68214285714268 
481.45948311178194 26.342460317460322 
437.13251847113685 41.26547619047621 
425.2664730912555 49.73214285714289 
586.2502034051536 3.128968253968254 
465.5965817626909 34.182539682539705 
474.1830384551554 30.76111111111111 
306.8440198462192 126.25952380952367 
498.03607264343333 25.229761904761904 
527.0439803112941 20.550396825396824 
385.16410671332557 67.96428571428572 
401.2428730956932 64.84246031746035 
573.2053967771047 4.923015873015873 
457.87989497140126 36.65396825396828 
529.5455869564324 16.656349206349205 
503.5167134113964 21.348015873015868 
312.56065222919705 124.99047619047604 
416.7433662660773 50.927380952381 
546.3438372267466 11.567460317460315 
500.0411852764231 22.24365079365079 
536.9277591207855 14.814682539682535 
548.9991132910917 9.891666666666664 
449.90773676335743 38.69047619047621 

287.12523992269485 137.4646825396824 
253.44953932417087 218.06785714285706 
586.2502034051536 3.128968253968254 
365.2356767937542 70.97023809523809 
356.1411240113314 77.3757936507936 
345.9178067856246 84.46031746031734 
336.7470625232807 92.92579365079351 
329.38514009998033 103.41785714285699 
323.69508941912983 108.2003968253967 
311.27104275293794 128.02103174603164 
306.0961275315343 129.29999999999984 
300.38666121914713 132.56428571428552 
296.1570356049106 133.83333333333314 
286.67108722145133 144.7015873015871 
282.0604159080862 149.39404761904743 
277.37875816921826 151.91825396825377 
273.0255964838342 157.4944444444442 
268.62946450948925 158.2412698412696 
264.4899712224787 168.23690476190453 
261.25622921637535 174.02738095238078 
258.80451252582645 179.6920634920633 
255.2374947347111 185.7492063492062 
389.9310713521761 70.85912698412697 
448.00358157567723 42.10317460317464 
348.9565097553234 80.24722222222216 
390.42673879950837 68.3952380952381 
415.3887663091881 53.28134920634925 
401.68049774234504 59.50158730158735 
464.12117802023965 38.99007936507937 
312.56065222919705 124.99047619047604 
318.2701185415843 121.72619047619035 
469.97613933910685 30.955555555555556 
448.6437091168159 41.70515873015873 
521.8238422084638 21.255952380952387 
392.9902538163418 65.81746031746034 
410.17066704533124 58.37539682539685 
573.2053967771047 4.923015873015873 
323.445033762988 120.4472222222221 
531.5868174501336 16.32380952380952 
424.6065447864924 49.44166666666671 
445.20742955763154 43.84444444444447 
486.0649722311908 27.803174603174607 
317.7355674506006 123.71150793650779 
533.6141122298707 13.194841269841264 
548.9991132910917 9.891666666666664 
568.5466102899845 8.351984126984126 
467.5484559225988 33.53293650793651 
536.5031669046922 11.685714285714285 
517.2491344754897 22.4218253968254 
487.9376081276584 23.871031746031747 
504.9176029076327 23.70436507936508 
318.9521871548538 121.19404761904751 
414.45571603456557 56.926587301587354 
529.5455869564324 16.656349206349205 
509.2103217736896 22.808730158730157 
465.5965817626909 34.182539682539705 
436.8860956313807 49.3305555555556 

323.2510786162324 121.46309523809515 
287.12523992269485 137.4646825396824 
253.44953932417087 218.06785714285706 
365.2356767937542 70.97023809523809 
345.9178067856246 84.46031746031734 
336.7470625232807 92.92579365079351 
329.38514009998033 103.41785714285699 
323.69508941912983 108.2003968253967 
311.27104275293794 128.02103174603164 
306.0961275315343 129.29999999999984 
300.38666121914713 132.56428571428552 
296.1570356049106 133.83333333333314 
286.67108722145133 144.7015873015871 
282.0604159080862 149.39404761904743 
277.37875816921826 151.91825396825377 
273.0255964838342 157.4944444444442 
268.62946450948925 158.2412698412696 
264.4899712224787 168.23690476190453 
261.25622921637535 174.02738095238078 
258.80451252582645 179.6920634920633 
255.2374947347111 185.7492063492062 
389.9310713521761 70.85912698412697 
312.58006786073366 126.50873015873003 
341.79546452758404 87.12023809523797 
356.1411240113314 77.3757936507936 
348.6904401676158 83.26944444444436 
573.2053967771047 4.923015873015873 
414.3539992947807 62.11507936507941 
427.6144293706179 51.76507936507941 
586.2502034051536 3.128968253968254 
435.68290853605123 51.66309523809529 
461.0703309067224 36.00436507936508 
408.8917872541151 62.6293650793651 
448.3339091782661 42.0011904761905 
318.2701185415843 121.72619047619035 
417.2178766275631 53.91349206349211 
425.10929813166007 52.42777777777783 
351.2816208703964 82.75634920634911 
479.6520330713638 31.90555555555556 
458.7839887152871 40.525000000000006 
469.0328613218755 32.04325396825398 
500.0411852764231 22.24365079365079 
445.20742955763154 43.84444444444447 
317.7355674506006 123.71150793650779 
568.5466102899845 8.351984126984126 
487.9376081276584 23.871031746031747 
527.0439803112941 20.550396825396824 
536.5031669046922 11.685714285714285 
393.6541136099751 62.8071428571429 
534.240551430014 16.32380952380952 
546.3438372267466 11.567460317460315 
524.9733922134697 20.870634920634917 
529.5455869564324 16.656349206349205 
481.45948311178194 26.342460317460322 
323.445033762988 120.4472222222221 
548.9991132910917 9.891666666666664 
503.5167134113964 21.348015873015868 
448.6437091168159 41.70515873015873 
437.866420760057 44.25158730158732 

287.12523992269485 137.4646825396824 
253.44953932417087 218.06785714285706 
365.2356767937542 70.97023809523809 
356.1411240113314 77.3757936507936 
345.9178067856246 84.46031746031734 
336.7470625232807 92.92579365079351 
329.38514009998033 103.41785714285699 
323.69508941912983 108.2003968253967 
311.27104275293794 128.02103174603164 
306.0961275315343 129.29999999999984 
300.38666121914713 132.56428571428552 
296.1570356049106 133.83333333333314 
286.67108722145133 144.7015873015871 
282.0604159080862 149.39404761904743 
277.37875816921826 151.91825396825377 
273.0255964838342 157.4944444444442 
268.62946450948925 158.2412698412696 
264.4899712224787 168.23690476190453 
261.25622921637535 174.02738095238078 
258.80451252582645 179.6920634920633 
255.2374947347111 185.7492063492062 
350.46410233997244 81.13690476190466 
318.52017419772613 109.47936507936492 
358.98166148254955 74.73134920634917 
411.1197286517517 63.53809523809527 
586.2502034051536 3.128968253968254 
317.75498308213736 125.22976190476179 
411.9480200850554 61.97460317460321 
427.61693482502227 50.04801587301591 
317.3355169014132 127.57698412698399 
527.4351533150794 19.785317460317458 
459.048778027401 38.9904761904762 
477.94817930390076 32.555158730158745 
479.6520330713638 31.90555555555556 
573.2053967771047 4.923015873015873 
458.44409941650616 39.64007936507939 
442.56048951582187 45.22817460317463 
440.14845466768804 46.17698412698417 
450.24249049040367 40.09563492063493 
477.6469204383739 34.89166666666667 
532.7167770884728 18.290079365079364 
460.53760687274746 36.51507936507938 
388.07751095063713 67.69761904761904 
527.0439803112941 20.550396825396824 
498.03607264343333 25.229761904761904 
437.67624123908155 47.92539682539687 
546.9059398488755 13.02063492063492 
401.2428730956932 64.84246031746035 
481.45948311178194 26.342460317460322 
469.68559572069773 35.02936507936509 
534.4031961859636 14.814682539682535 
428.21130383024376 49.6075396825397 
318.2701185415843 121.72619047619035 
548.9991132910917 9.891666666666664 
414.69331369274124 53.91349206349211 
500.0411852764231 22.24365079365079 
449.29644351563815 44.69126984126988 

323.2510786162324 121.46309523809515 
287.12523992269485 137.4646825396824 
253.44953932417087 218.06785714285706 
365.2356767937542 70.97023809523809 
356.1411240113314 77.3757936507936 
345.9178067856246 84.46031746031734 
336.7470625232807 92.92579365079351 
329.38514009998033 103.41785714285699 
323.69508941912983 108.2003968253967 
311.27104275293794 128.02103174603164 
306.0961275315343 129.29999999999984 
300.38666121914713 132.56428571428552 
296.1570356049106 133.83333333333314 
286.67108722145133 144.7015873015871 
282.0604159080862 149.39404761904743 
277.37875816921826 151.91825396825377 
273.0255964838342 157.4944444444442 
268.62946450948925 158.2412698412696 
264.4899712224787 168.23690476190453 
261.25622921637535 174.02738095238078 
258.80451252582645 179.6920634920633 
255.2374947347111 185.7492063492062 
389.9310713521761 70.85912698412697 
312.0189350676228 124.98055555555543 
457.63069806150776 43.296031746031765 
586.2502034051536 3.128968253968254 
470.28169870372267 33.634126984127 
534.4031961859636 14.814682539682535 
493.7221432479568 29.109126984126995 
483.8718923183119 31.914682539682545 
464.12117802023965 38.99007936507937 
573.2053967771047 4.923015873015873 
516.5880143528738 17.482142857142854 
534.3461786454592 16.386507936507932 
529.5455869564324 16.656349206349205 
548.6941336224396 8.75674603174603 
317.7355674506006 123.71150793650779 
496.9040183878516 27.121428571428577 
405.16735908722546 62.28492063492068 
500.5828131472358 24.015079365079362 
448.70696174952303 45.249603174603195 
323.445033762988 120.4472222222221 
536.2127099355295 10.550793650793649 
503.5167134113964 21.348015873015868 
568.5466102899845 8.351984126984126 
418.60903724992943 54.561111111111146 
341.79546452758404 87.12023809523797 
467.89193861875606 36.84285714285714 
318.2701185415843 121.72619047619035 

287.12523992269485 137.4646825396824 
253.44953932417087 218.06785714285706 
365.2356767937542 70.97023809523809 
345.9178067856246 84.46031746031734 
336.7470625232807 92.92579365079351 
329.38514009998033 103.41785714285699 
311.27104275293794 128.02103174603164 
306.0961275315343 129.29999999999984 
300.38666121914713 132.56428571428552 
296.1570356049106 133.83333333333314 
286.67108722145133 144.7015873015871 
282.0604159080862 149.39404761904743 
277.37875816921826 151.91825396825377 
273.0255964838342 157.4944444444442 
268.62946450948925 158.2412698412696 
264.4899712224787 168.23690476190453 
261.25622921637535 174.02738095238078 
258.80451252582645 179.6920634920633 
255.2374947347111 185.7492063492062 
318.9521871548538 121.19404761904751 
356.1411240113314 77.3757936507936 
476.5046486664637 33.94801587301588 
394.1829975401684 64.11071428571431 
573.2053967771047 4.923015873015873 
350.46410233997244 81.13690476190466 
341.26091343660033 89.10555555555541 
414.45571603456557 56.926587301587354 
318.2701185415843 121.72619047619035 
323.6756737875931 106.68214285714268 
393.85191819518855 65.42301587301588 
317.7355674506006 123.71150793650779 
348.6904401676158 83.26944444444436 
312.56065222919705 124.99047619047604 
429.25077312122716 48.378571428571476 
417.54482444267506 51.26944444444449 
534.4031961859636 14.814682539682535 
491.6148095477045 27.582142857142863 
586.2502034051536 3.128968253968254 
380.0509336785683 67.31230158730159 
479.50966747333825 31.144047619047626 
490.8657127691815 31.009920634920636 
536.6294821518705 10.627380952380951 
404.16556502345566 59.84365079365084 
529.5455869564324 16.656349206349205 
323.445033762988 120.4472222222221 
450.10541722384875 40.21507936507938 
503.5167134113964 21.348015873015868 
441.5303239661154 48.26746031746036 
536.5031669046922 11.685714285714285 
530.7914524548083 16.625 
461.91947617117484 38.60555555555557 
517.047624118788 18.669841269841267 
461.32786086277565 40.1888888888889 
500.0411852764231 22.24365079365079 
548.9991132910917 9.891666666666664 

323.2510786162324 121.46309523809515 
287.12523992269485 137.4646825396824 
253.44953932417087 218.06785714285706 
365.2356767937542 70.97023809523809 
356.1411240113314 77.3757936507936 
345.9178067856246 84.46031746031734 
336.7470625232807 92.92579365079351 
329.38514009998033 103.41785714285699 
323.69508941912983 108.2003968253967 
311.27104275293794 128.02103174603164 
306.0961275315343 129.29999999999984 
300.38666121914713 132.56428571428552 
296.1570356049106 133.83333333333314 
286.67108722145133 144.7015873015871 
282.0604159080862 149.39404761904743 
277.37875816921826 151.91825396825377 
273.0255964838342 157.4944444444442 
268.62946450948925 158.2412698412696 
264.4899712224787 168.23690476190453 
261.25622921637535 174.02738095238078 
258.80451252582645 179.6920634920633 
255.2374947347111 185.7492063492062 
389.9310713521761 70.85912698412697 
533.977774053023 14.448015873015871 
399.6649089846311 67.58412698412698 
317.7355674506006 123.71150793650779 
312.56065222919705 124.99047619047604 
483.54564781714754 29.437698412698413 
414.22102373945893 64.02341269841274 
438.4725080204502 44.716269841269884 
477.72806738517806 30.49285714285714 
495.43308198641654 22.013888888888886 
429.24606324449354 52.344047619047664 
535.9231082701989 12.122222222222216 
522.76257099473 19.672222222222224 
390.50389130041674 68.39285714285714 
414.2381908838592 55.1353174603175 
430.6209565174142 45.28611111111114 
572.6762772949219 4.723015873015873 
451.0101087224736 35.624206349206354 
464.694578561209 34.10793650793651 
474.2793909625223 32.4452380952381 
487.9376081276584 23.871031746031747 
513.0599811769748 21.84722222222222 
575.3134468293505 1.794047619047619 
323.445033762988 120.4472222222221 
536.5031669046922 11.685714285714285 
529.5455869564324 16.656349206349205 
548.9991132910917 9.891666666666664 
444.3054263561494 43.76984126984128 
448.51496826731915 41.66468253968255 

323.2510786162324 121.46309523809515 
287.12523992269485 137.4646825396824 
253.44953932417087 218.06785714285706 
365.2356767937542 70.97023809523809 
356.1411240113314 77.3757936507936 
345.9178067856246 84.46031746031734 
336.7470625232807 92.92579365079351 
329.38514009998033 103.41785714285699 
323.69508941912983 108.2003968253967 
311.27104275293794 128.02103174603164 
306.0961275315343 129.29999999999984 
300.38666121914713 132.56428571428552 
296.1570356049106 133.83333333333314 
286.67108722145133 144.7015873015871 
282.0604159080862 149.39404761904743 
277.37875816921826 151.91825396825377 
273.0255964838342 157.4944444444442 
268.62946450948925 158.2412698412696 
264.4899712224787 168.23690476190453 
261.25622921637535 174.02738095238078 
258.80451252582645 179.6920634920633 
255.2374947347111 185.7492063492062 
377.5152276386425 70.85912698412697 
317.7355674506006 123.71150793650779 
586.2502034051536 3.128968253968254 
469.97613933910685 30.955555555555556 
488.55673496619227 26.714285714285715 
427.45292401337457 55.009920634920675 
457.1912434648214 40.80793650793651 
481.71701306783507 30.52698412698414 
404.2323988088587 64.01111111111113 
516.8137421307721 18.450396825396822 
378.0108950859748 68.3952380952381 
312.56065222919705 124.99047619047604 
573.2053967771047 4.923015873015873 
452.87914294781 42.77301587301588 
428.9854460348385 44.62539682539684 
323.445033762988 120.4472222222221 
385.16410671332557 67.96428571428572 
536.5031669046922 11.685714285714285 
414.45571603456557 56.926587301587354 
295.7050034802791 135.08849206349186 
533.6141122298707 13.194841269841264 
457.7709152837724 37.204761904761924 
442.6312921067309 43.10912698412699 
414.46656811532756 55.027777777777814 
548.9991132910917 9.891666666666664 
503.5167134113964 21.348015873015868 
318.2701185415843 121.72619047619035 
531.5868174501336 16.32380952380952 
491.4457372110509 22.975396825396825 
484.4874578230013 27.969841269841275 
500.0411852764231 22.24365079365079 
462.5560285477521 33.528968253968266 
546.3438372267466 11.567460317460315 
529.5455869564324 16.656349206349205 

287.12523992269485 137.4646825396824 
253.44953932417087 218.06785714285706 
573.2053967771047 4.923015873015873 
586.2502034051536 3.128968253968254 
365.2356767937542 70.97023809523809 
356.1411240113314 77.3757936507936 
345.9178067856246 84.46031746031734 
336.7470625232807 92.92579365079351 
329.38514009998033 103.41785714285699 
323.69508941912983 108.2003968253967 
300.38666121914713 132.56428571428552 
296.1570356049106 133.83333333333314 
286.67108722145133 144.7015873015871 
282.0604159080862 149.39404761904743 
277.37875816921826 151.91825396825377 
273.0255964838342 157.4944444444442 
268.62946450948925 158.2412698412696 
264.4899712224787 168.23690476190453 
261.25622921637535 174.02738095238078 
258.80451252582645 179.6920634920633 
255.2374947347111 185.7492063492062 
378.0108950859748 68.3952380952381 
451.0779435467048 39.39246031746033 
455.2795838911255 37.94761904761905 
448.81147224572607 41.753968253968274 
470.83859248563255 30.434523809523814 
304.32184584553045 127.50555555555542 
528.9219979821922 16.415079365079357 
504.0143797875471 16.91626984126984 
416.7433662660773 50.927380952381 
481.3939910995237 23.09206349206349 
399.4687445475845 62.54960317460321 
546.6270928920238 7.024603174603174 
470.8432780062453 29.202380952380963 
491.4397816628829 21.743253968253967 
488.8854290221961 23.052380952380958 
422.52215106728585 47.022222222222254 
462.35290760105704 31.264285714285727 
489.9383055649664 22.904761904761898 
533.6141122298707 13.194841269841264 
316.11739616150555 120.20238095238084 
491.93161741706336 18.543650793650794 
312.56065222919705 124.99047619047604 
536.5031669046922 11.685714285714285 
534.5064421014258 11.780952380952378 
408.2481042364452 57.243253968253995 
546.3438372267466 11.567460317460315 
474.66653762694574 28.507936507936513 
445.20742955763154 43.84444444444447 
398.4927613093081 65.98531746031746 

287.12523992269485 137.4646825396824 
253.44953932417087 218.06785714285706 
365.2356767937542 70.97023809523809 
345.9178067856246 84.46031746031734 
336.7470625232807 92.92579365079351 
323.69508941912983 108.2003968253967 
306.0961275315343 129.29999999999984 
300.38666121914713 132.56428571428552 
296.1570356049106 133.83333333333314 
286.67108722145133 144.7015873015871 
282.0604159080862 149.39404761904743 
277.37875816921826 151.91825396825377 
273.0255964838342 157.4944444444442 
268.62946450948925 158.2412698412696 
264.4899712224787 168.23690476190453 
261.25622921637535 174.02738095238078 
258.80451252582645 179.6920634920633 
255.2374947347111 185.7492063492062 
389.9310713521761 70.85912698412697 
350.46410233997244 81.13690476190466 
329.38514009998033 103.41785714285699 
399.24614748691266 67.6952380952381 
445.20742955763154 43.84444444444447 
401.22567077481295 67.60277777777779 
312.55348615860635 122.99523809523795 
356.1411240113314 77.3757936507936 
336.33461075319127 97.41150793650777 
314.9255091872172 121.37023809523795 
469.97613933910685 30.955555555555556 
318.52017419772613 109.47936507936492 
454.58864603952685 36.98055555555556 
328.5819179652097 106.61746031746021 
404.87732088619595 59.394047619047676 
306.8440198462192 126.25952380952367 
467.5484559225988 33.53293650793651 
472.5501148280784 29.896031746031753 
447.6351129741395 41.26706349206351 
451.0713925333239 39.12777777777779 
429.0955992659165 44.70714285714289 
441.3751501108048 44.59603174603178 
573.2053967771047 4.923015873015873 
480.0494358894669 27.01031746031746 
415.3770710390734 52.33253968253973 
524.9733922134697 20.870634920634917 
414.4824352219621 59.12103174603181 
397.3209049815596 68.53373015873017 
536.5031669046922 11.685714285714285 
459.6602836844074 36.67222222222223 
487.9376081276584 23.871031746031747 
575.3134468293505 1.794047619047619 
525.0560948284494 19.56031746031746 
548.9991132910917 9.891666666666664 
529.5455869564324 16.656349206349205 
500.0411852764231 22.24365079365079 

287.12523992269485 137.4646825396824 
253.44953932417087 218.06785714285706 
365.2356767937542 70.97023809523809 
356.1411240113314 77.3757936507936 
345.9178067856246 84.46031746031734 
336.7470625232807 92.92579365079351 
329.38514009998033 103.41785714285699 
323.69508941912983 108.2003968253967 
311.27104275293794 128.02103174603164 
306.0961275315343 129.29999999999984 
300.38666121914713 132.56428571428552 
296.1570356049106 133.83333333333314 
286.67108722145133 144.7015873015871 
282.0604159080862 149.39404761904743 
277.37875816921826 151.91825396825377 
273.0255964838342 157.4944444444442 
268.62946450948925 158.2412698412696 
264.4899712224787 168.23690476190453 
261.25622921637535 174.02738095238078 
258.80451252582645 179.6920634920633 
255.2374947347111 185.7492063492062 
326.95029839335746 103.6551587301586 
378.0108950859748 68.3952380952381 
446.6507609615843 48.50992063492067 
430.04211278712586 49.187698412698424 
311.41943927086413 115.4706349206348 
533.4250306732129 16.12380952380952 
499.8578437616924 21.27539682539682 
447.7732821149722 48.09087301587303 
451.1235086626649 35.054365079365084 
487.7276900145177 27.75912698412699 
516.8137421307721 18.450396825396822 
484.4874578230013 27.969841269841275 
468.24808915115165 34.83452380952382 
401.5325555976773 58.44285714285719 
573.2053967771047 4.923015873015873 
548.8931721557869 9.830158730158727 
474.63193604358975 29.740079365079364 
575.3134468293505 1.794047619047619 
468.8495198071445 31.07500000000001 
448.00358157567723 42.10317460317464 
516.4941123159177 19.769444444444442 
533.6141122298707 13.194841269841264 
549.3068365720071 9.65674603174603 
397.96009936335355 65.01904761904763 
450.2866203626001 41.91904761904763 
425.3774857350169 49.65555555555557 
469.97613933910685 30.955555555555556 
532.7167770884728 18.290079365079364 
536.2127099355295 10.550793650793649 
575.0603465024944 4.723015873015873 
491.21863732795447 21.840476190476185 
487.75426661292744 22.902777777777775 

287.12523992269485 137.4646825396824 
253.44953932417087 218.06785714285706 
365.2356767937542 70.97023809523809 
356.1411240113314 77.3757936507936 
345.9178067856246 84.46031746031734 
336.7470625232807 92.92579365079351 
306.0961275315343 129.29999999999984 
300.38666121914713 132.56428571428552 
296.1570356049106 133.83333333333314 
286.67108722145133 144.7015873015871 
282.0604159080862 149.39404761904743 
277.37875816921826 151.91825396825377 
273.0255964838342 157.4944444444442 
268.62946450948925 158.2412698412696 
264.4899712224787 168.23690476190453 
261.25622921637535 174.02738095238078 
258.80451252582645 179.6920634920633 
255.2374947347111 185.7492063492062 
389.9310713521761 70.85912698412697 
314.9255091872172 121.37023809523795 
317.3611289271084 119.18412698412682 
313.84612981973174 121.46031746031733 
329.38514009998033 103.41785714285699 
318.52017419772613 109.47936507936492 
404.7135988878554 65.96150793650796 
323.6756737875931 106.68214285714268 
350.52585694768004 82.50555555555545 
336.3093995726393 98.4539682539681 
309.75059396581366 122.6492063492062 
414.36718423584267 47.28968253968259 
573.2053967771047 4.923015873015873 
460.7185202493334 31.091269841269842 
500.0411852764231 22.24365079365079 
488.55673496619227 26.714285714285715 
491.5862692351316 26.431349206349203 
452.0475201460457 38.61309523809525 
510.62265394893296 21.144047619047623 
533.7812371130375 15.602777777777774 
474.8663680150548 30.980158730158728 
535.927420007595 12.473809523809521 
478.4831048119723 30.924603174603178 
549.8521257652238 10.790873015873014 
514.3152073020855 19.728968253968254 
435.4719889638166 41.30158730158731 
546.3438372267466 11.567460317460315 
404.4073385984468 68.28412698412698 
575.3134468293505 1.794047619047619 

323.2510786162324 121.46309523809515 
287.12523992269485 137.4646825396824 
253.44953932417087 218.06785714285706 
365.2356767937542 70.97023809523809 
356.1411240113314 77.3757936507936 
345.9178067856246 84.46031746031734 
336.7470625232807 92.92579365079351 
329.38514009998033 103.41785714285699 
311.27104275293794 128.02103174603164 
306.0961275315343 129.29999999999984 
300.38666121914713 132.56428571428552 
296.1570356049106 133.83333333333314 
286.67108722145133 144.7015873015871 
282.0604159080862 149.39404761904743 
277.37875816921826 151.91825396825377 
273.0255964838342 157.4944444444442 
268.62946450948925 158.2412698412696 
264.4899712224787 168.23690476190453 
261.25622921637535 174.02738095238078 
258.80451252582645 179.6920634920633 
255.2374947347111 185.7492063492062 
323.6756737875931 106.68214285714268 
463.49801432323034 33.426984126984124 
318.2701185415843 121.72619047619035 
386.9595736839432 68.79444444444447 
575.3134468293505 1.794047619047619 
312.56065222919705 124.99047619047604 
314.1713968568802 122.92460317460306 
350.52585694768004 82.50555555555545 
430.5171986950084 50.05436507936508 
439.91842618284977 43.738492063492096 
523.249459886762 19.997619047619043 
481.45948311178194 26.342460317460322 
573.2053967771047 4.923015873015873 
527.4351533150794 19.785317460317458 
444.5945597592005 40.61349206349207 
429.97157729059825 51.02500000000003 
323.445033762988 120.4472222222221 
469.97613933910685 30.955555555555556 
548.9991132910917 9.891666666666664 
457.87989497140126 36.65396825396828 
536.5031669046922 11.685714285714285 
451.66437106325 40.20674603174604 
398.0247870107382 64.32777777777778 
491.4457372110509 22.975396825396825 
529.5455869564324 16.656349206349205 
500.0411852764231 22.24365079365079 
503.5167134113964 21.348015873015868 
521.0883023455684 20.274603174603175 
546.3438372267466 11.567460317460315 
533.6141122298707 13.194841269841264 
474.1830384551554 30.76111111111111 
412.37271465545916 53.50317460317462 
408.315516010988 58.84206349206353 

323.2510786162324 121.46309523809515 
287.12523992269485 137.4646825396824 
253.44953932417087 218.06785714285706 
365.2356767937542 70.97023809523809 
345.9178067856246 84.46031746031734 
336.7470625232807 92.92579365079351 
323.69508941912983 108.2003968253967 
306.0961275315343 129.29999999999984 
300.38666121914713 132.56428571428552 
296.1570356049106 133.83333333333314 
286.67108722145133 144.7015873015871 
282.0604159080862 149.39404761904743 
277.37875816921826 151.91825396825377 
273.0255964838342 157.4944444444442 
268.62946450948925 158.2412698412696 
264.4899712224787 168.23690476190453 
261.25622921637535 174.02738095238078 
258.80451252582645 179.6920634920633 
255.2374947347111 185.7492063492062 
306.8440198462192 126.25952380952367 
312.0189350676228 124.98055555555543 
586.2502034051536 3.128968253968254 
329.38514009998033 103.41785714285699 
356.1411240113314 77.3757936507936 
442.1668763426926 43.19087301587304 
389.9310713521761 70.85912698412697 
461.0703309067224 36.00436507936508 
399.1581266170701 68.50396825396827 
448.3339091782661 42.0011904761905 
415.47269135268886 59.557539682539726 
416.7433662660773 50.927380952381 
534.4031961859636 14.814682539682535 
317.7355674506006 123.71150793650779 
536.5031669046922 11.685714285714285 
318.2701185415843 121.72619047619035 
534.7097140821676 14.579761904761902 
463.49801432323034 33.426984126984124 
573.2053967771047 4.923015873015873 
491.4457372110509 22.975396825396825 
516.8137421307721 18.450396825396822 
350.52585694768004 82.50555555555545 
457.87989497140126 36.65396825396828 
323.445033762988 120.4472222222221 
546.3438372267466 11.567460317460315 
469.97613933910685 30.955555555555556 
568.5466102899845 8.351984126984126 
529.5455869564324 16.656349206349205 
400.8861818131449 67.73531746031748 
474.63193604358975 29.740079365079364 
487.9376081276584 23.871031746031747 
481.45948311178194 26.342460317460322 
451.0713925333239 39.12777777777779 
548.9991132910917 9.891666666666664 
500.0411852764231 22.24365079365079 
409.38144384277706 61.41944444444451 
462.5560285477521 33.528968253968266 
429.0955992659165 44.70714285714289 
421.5155960860907 48.556746031746044 
399.12621650587096 70.84722222222223 
339.3739032195075 90.1496031746031 

287.12523992269485 137.4646825396824 
253.44953932417087 218.06785714285706 
365.2356767937542 70.97023809523809 
356.1411240113314 77.3757936507936 
345.9178067856246 84.46031746031734 
336.7470625232807 92.92579365079351 
329.38514009998033 103.41785714285699 
323.69508941912983 108.2003968253967 
311.27104275293794 128.02103174603164 
306.0961275315343 129.29999999999984 
300.38666121914713 132.56428571428552 
296.1570356049106 133.83333333333314 
286.67108722145133 144.7015873015871 
282.0604159080862 149.39404761904743 
277.37875816921826 151.91825396825377 
273.0255964838342 157.4944444444442 
268.62946450948925 158.2412698412696 
264.4899712224787 168.23690476190453 
261.25622921637535 174.02738095238078 
258.80451252582645 179.6920634920633 
255.2374947347111 185.7492063492062 
321.25982080205966 120.48690476190461 
524.9733922134697 20.870634920634917 
573.2053967771047 4.923015873015873 
445.90622576175815 44.57857142857148 
378.0108950859748 68.3952380952381 
451.62209551872604 38.0404761904762 
527.4351533150794 19.785317460317458 
503.5167134113964 21.348015873015868 
317.7355674506006 123.71150793650779 
544.3214696816291 14.696428571428564 
449.1944121022181 40.617857142857176 
449.05658158690693 44.18333333333338 
469.5835643072776 30.955952380952397 
534.4031961859636 14.814682539682535 
323.445033762988 120.4472222222221 
415.3887663091881 53.28134920634925 
465.8115244748124 37.95198412698414 
480.7069710769442 29.996428571428577 
488.5846973154554 26.85714285714286 
548.9991132910917 9.891666666666664 
318.2701185415843 121.72619047619035 
433.44399986260686 45.54603174603179 
568.5466102899845 8.351984126984126 
586.2502034051536 3.128968253968254 
485.05455105027124 28.379761904761914 
527.0439803112941 20.550396825396824 
350.52585694768004 82.50555555555545 
534.240551430014 16.32380952380952 
312.56065222919705 124.99047619047604 
403.5582762437243 55.42976190476195 
468.1955451103958 36.519047619047626 
546.3438372267466 11.567460317460315 
500.0411852764231 22.24365079365079 
393.33495901801734 62.51428571428576 
429.5933452018908 47.69325396825402 

287.12523992269485 137.4646825396824 
253.44953932417087 218.06785714285706 
365.2356767937542 70.97023809523809 
356.1411240113314 77.3757936507936 
345.9178067856246 84.46031746031734 
336.7470625232807 92.92579365079351 
300.38666121914713 132.56428571428552 
296.1570356049106 133.83333333333314 
286.67108722145133 144.7015873015871 
282.0604159080862 149.39404761904743 
277.37875816921826 151.91825396825377 
273.0255964838342 157.4944444444442 
268.62946450948925 158.2412698412696 
264.4899712224787 168.23690476190453 
261.25622921637535 174.02738095238078 
258.80451252582645 179.6920634920633 
255.2374947347111 185.7492063492062 
389.9310713521761 70.85912698412697 
319.44357326943873 106.71269841269824 
333.89899101329996 99.59761904761888 
306.8440198462192 126.25952380952367 
329.38514009998033 103.41785714285699 
323.6756737875931 106.68214285714268 
317.72840138001015 121.7162698412697 
404.4073385984468 68.28412698412698 
462.29488525738486 38.15119047619049 
390.42673879950837 68.3952380952381 
464.52751761321235 37.348412698412695 
441.89833323393196 45.323015873015905 
467.5484559225988 33.53293650793651 
528.77783557435 19.919444444444444 
486.82327474141954 28.112698412698414 
434.7260393661175 49.53333333333337 
453.8902387574629 42.10714285714289 
459.8598020224835 38.23849206349209 
475.98909103302555 29.00039682539683 
500.0411852764231 22.24365079365079 
407.46060831539563 61.55436507936511 
536.5031669046922 11.685714285714285 
524.9733922134697 20.870634920634917 
304.3829028478286 128.3591269841269 
527.0439803112941 20.550396825396824 
533.6141122298707 13.194841269841264 
467.2159207988223 33.94841269841271 
487.9376081276584 23.871031746031747 
503.5167134113964 21.348015873015868 
469.97613933910685 30.955555555555556 
573.2053967771047 4.923015873015873 
469.0328613218755 32.04325396825398 
444.9493565918243 42.44880952380953 
546.3438372267466 11.567460317460315 
456.64693694572827 40.116666666666674 
548.9991132910917 9.891666666666664 
529.5455869564324 16.656349206349205 
491.4457372110509 22.975396825396825 
575.3134468293505 1.794047619047619 
418.87228204020965 51.7916666666667 
409.38144384277706 61.41944444444451 

287.12523992269485 137.4646825396824 
253.44953932417087 218.06785714285706 
586.2502034051536 3.128968253968254 
365.2356767937542 70.97023809523809 
356.1411240113314 77.3757936507936 
345.9178067856246 84.46031746031734 
336.7470625232807 92.92579365079351 
323.69508941912983 108.2003968253967 
300.38666121914713 132.56428571428552 
296.1570356049106 133.83333333333314 
286.67108722145133 144.7015873015871 
282.0604159080862 149.39404761904743 
277.37875816921826 151.91825396825377 
273.0255964838342 157.4944444444442 
268.62946450948925 158.2412698412696 
264.4899712224787 168.23690476190453 
261.25622921637535 174.02738095238078 
258.80451252582645 179.6920634920633 
255.2374947347111 185.7492063492062 
304.1391363167951 129.07777777777775 
326.44113192496656 107.84999999999981 
382.52819814798517 69.36944444444444 
295.7759899057819 137.25674603174585 
316.75801361583063 118.55317460317453 
377.5152276386425 70.85912698412697 
306.8440198462192 126.25952380952367 
573.2053967771047 4.923015873015873 
392.751515373692 62.28492063492068 
389.50759183122847 66.93095238095239 
414.35761983258527 48.896428571428594 
406.52004904037045 58.011904761904795 
391.4571805166382 66.58611111111111 
457.7709152837724 37.204761904761924 
439.0632936559523 43.4793650793651 
534.4031961859636 14.814682539682535 
304.5172448825548 126.74722222222219 
310.57606031868846 119.46944444444433 
326.71924303254053 97.57738095238082 
462.7980478255551 30.22738095238095 
536.5031669046922 11.685714285714285 
318.52017419772613 109.47936507936492 
418.1123040104217 46.481349206349236 
487.9376081276584 23.871031746031747 
449.90773676335743 38.69047619047621 
525.0560948284494 19.56031746031746 
481.45948311178194 26.342460317460322 
393.9684676275257 58.55833333333338 
529.5455869564324 16.656349206349205 
386.1204927032011 67.30158730158732 
534.240551430014 16.32380952380952 
491.95394432182434 19.775793650793645 
548.9991132910917 9.891666666666664 
447.6351129741395 41.26706349206351 
469.27617284143156 27.75595238095238 

323.2510786162324 121.46309523809515 
287.12523992269485 137.4646825396824 
253.44953932417087 218.06785714285706 
365.2356767937542 70.97023809523809 
356.1411240113314 77.3757936507936 
345.9178067856246 84.46031746031734 
336.7470625232807 92.92579365079351 
329.38514009998033 103.41785714285699 
311.27104275293794 128.02103174603164 
306.0961275315343 129.29999999999984 
300.38666121914713 132.56428571428552 
296.1570356049106 133.83333333333314 
286.67108722145133 144.7015873015871 
282.0604159080862 149.39404761904743 
277.37875816921826 151.91825396825377 
273.0255964838342 157.4944444444442 
268.62946450948925 158.2412698412696 
264.4899712224787 168.23690476190453 
261.25622921637535 174.02738095238078 
258.80451252582645 179.6920634920633 
255.2374947347111 185.7492063492062 
307.552670161616 129.2408730158729 
323.474317595615 119.33412698412685 
334.4335421042836 97.61230158730142 
379.2679154165475 67.1138888888889 
295.7759899057819 137.25674603174585 
444.9956969915519 39.779761904761926 
423.48667239924464 42.781746031746046 
469.97613933910685 30.955555555555556 
397.96009936335355 65.01904761904763 
318.2701185415843 121.72619047619035 
323.445033762988 120.4472222222221 
482.0797164878718 29.328174603174606 
323.6756737875931 106.68214285714268 
575.3134468293505 1.794047619047619 
536.5031669046922 11.685714285714285 
312.56065222919705 124.99047619047604 
469.0328613218755 32.04325396825398 
435.76622324413285 42.67063492063494 
317.7355674506006 123.71150793650779 
452.6097678901787 39.10992063492065 
487.9376081276584 23.871031746031747 
573.2053967771047 4.923015873015873 
509.54429136357555 21.367063492063497 
457.7709152837724 37.204761904761924 
525.0560948284494 19.56031746031746 
524.9733922134697 20.870634920634917 
465.5965817626909 34.182539682539705 
408.18341658906047 57.93452380952386 
500.0411852764231 22.24365079365079 
533.6141122298707 13.194841269841264 
491.4457372110509 22.975396825396825 
548.9991132910917 9.891666666666664 
383.0238655953174 66.90555555555557 
418.30042190291346 47.29126984126986 
529.5455869564324 16.656349206349205 
436.2618906914651 40.20674603174604 

287.12523992269485 137.4646825396824 
253.44953932417087 218.06785714285706 
365.2356767937542 70.97023809523809 
345.9178067856246 84.46031746031734 
336.7470625232807 92.92579365079351 
329.38514009998033 103.41785714285699 
311.27104275293794 128.02103174603164 
306.0961275315343 129.29999999999984 
300.38666121914713 132.56428571428552 
296.1570356049106 133.83333333333314 
286.67108722145133 144.7015873015871 
282.0604159080862 149.39404761904743 
277.37875816921826 151.91825396825377 
273.0255964838342 157.4944444444442 
268.62946450948925 158.2412698412696 
264.4899712224787 168.23690476190453 
261.25622921637535 174.02738095238078 
258.80451252582645 179.6920634920633 
255.2374947347111 185.7492063492062 
332.94061729867286 100.08214285714271 
295.10703369418894 136.33492063492045 
286.2858826683103 148.85476190476174 
356.1411240113314 77.3757936507936 
443.1815895660231 50.79126984126989 
317.7355674506006 123.71150793650779 
459.048778027401 38.9904761904762 
404.46999646703443 60.99801587301591 
387.75350275608326 69.85238095238094 
531.5868174501336 16.32380952380952 
445.90622576175815 44.57857142857148 
463.7555442792837 37.61150793650794 
414.69331369274124 53.91349206349211 
477.6469204383739 34.89166666666667 
427.46853198496177 51.33849206349212 
467.77073989841915 36.32023809523811 
487.9376081276584 23.871031746031747 
446.66984916739625 40.617857142857176 
318.2701185415843 121.72619047619035 
485.05455105027124 28.379761904761914 
485.93096333557503 26.85714285714286 
307.0266926738375 128.52857142857127 
481.71701306783507 30.52698412698414 
586.2502034051536 3.128968253968254 
503.5167134113964 21.348015873015868 
485.0043814354965 29.631349206349213 
465.54181113051544 36.519047619047626 
477.94817930390076 32.555158730158745 
546.3438372267466 11.567460317460315 
573.2053967771047 4.923015873015873 
430.1750888738222 51.19563492063497 
536.5031669046922 11.685714285714285 
468.0015571118811 35.29920634920636 
533.6141122298707 13.194841269841264 
522.9231981701749 19.85079365079365 
548.9991132910917 9.891666666666664 
479.6520330713638 31.90555555555556 
500.0411852764231 22.24365079365079 
318.5007585661894 107.96111111111092 
312.56065222919705 124.99047619047604 
295.7050034802791 135.08849206349186 
443.1901956807256 46.830555555555605 

287.12523992269485 137.4646825396824 
253.44953932417087 218.06785714285706 
365.2356767937542 70.97023809523809 
345.9178067856246 84.46031746031734 
336.7470625232807 92.92579365079351 
329.38514009998033 103.41785714285699 
323.69508941912983 108.2003968253967 
311.27104275293794 128.02103174603164 
306.0961275315343 129.29999999999984 
300.38666121914713 132.56428571428552 
296.1570356049106 133.83333333333314 
286.67108722145133 144.7015873015871 
282.0604159080862 149.39404761904743 
277.37875816921826 151.91825396825377 
273.0255964838342 157.4944444444442 
268.62946450948925 158.2412698412696 
264.4899712224787 168.23690476190453 
261.25622921637535 174.02738095238078 
258.80451252582645 179.6920634920633 
255.2374947347111 185.7492063492062 
351.2816208703964 82.75634920634911 
356.1411240113314 77.3757936507936 
368.71310916587504 67.15912698412698 
405.2426790458833 55.815476190476225 
321.93216538089604 118.12579365079357 
391.4571805166382 66.58611111111111 
533.7957814486203 16.02103174603174 
462.5560285477521 33.528968253968266 
312.56065222919705 124.99047619047604 
393.3386878200136 64.15714285714287 
442.1668763426926 43.19087301587304 
529.5455869564324 16.656349206349205 
417.8936796880982 46.153571428571446 
479.6520330713638 31.90555555555556 
317.7355674506006 123.71150793650779 
481.45948311178194 26.342460317460322 
415.9277031778082 53.14960317460321 
573.2053967771047 4.923015873015873 
458.065393444141 38.26349206349209 
516.8137421307721 18.450396825396822 
324.0758054523892 108.08571428571416 
396.8369367044969 62.131349206349235 
318.2701185415843 121.72619047619035 
460.77007951501844 38.067063492063504 
406.4251776712146 54.130952380952415 
536.5031669046922 11.685714285714285 
487.9376081276584 23.871031746031747 
461.0703309067224 36.00436507936508 
548.9991132910917 9.891666666666664 
317.4152963830496 123.74047619047606 
500.0411852764231 22.24365079365079 
503.5167134113964 21.348015873015868 
575.3134468293505 1.794047619047619 
444.9956969915519 39.779761904761926 

