








253.44953932417087 218.06785714285706 
586.2502034051536 3.128968253968254 
255.2374947347111 185.7492063492062 
566.7095273650184 13.086111111111109 
536.9356348668424 20.907936507936505 
336.7470625232807 92.92579365079351 
500.0411852764231 22.24365079365079 
365.2356767937542 70.97023809523809 
345.9178067856246 84.46031746031734 
537.0569301658439 14.814682539682535 
356.1411240113314 77.3757936507936 
329.38514009998033 103.41785714285699 
573.2053967771047 4.923015873015873 
389.9310713521761 70.85912698412697 
323.69508941912983 108.2003968253967 
394.28089420517546 64.47341269841273 
323.2510786162324 121.46309523809515 
264.4899712224787 168.23690476190453 
488.5846973154554 26.85714285714286 
287.12523992269485 137.4646825396824 
268.62946450948925 158.2412698412696 
258.80451252582645 179.6920634920633 
286.67108722145133 144.7015873015871 
261.25622921637535 174.02738095238078 
277.37875816921826 151.91825396825377 
412.0181149055848 63.50277777777781 
296.1570356049106 133.83333333333314 
461.0703309067224 36.00436507936508 
282.0604159080862 149.39404761904743 
449.90773676335743 38.69047619047621 
437.47568751065415 49.83968253968256 
469.0328613218755 32.04325396825398 
273.0255964838342 157.4944444444442 
311.27104275293794 128.02103174603164 
306.0961275315343 129.29999999999984 
423.3219077955502 50.296428571428585 
417.2794297231029 54.81388888888894 
300.38666121914713 132.56428571428552 
462.5560285477521 33.528968253968266 
437.49074276634184 46.315873015873066 
422.5508817361575 51.686111111111124 
479.6520330713638 31.90555555555556 
317.75498308213736 125.22976190476179 
444.8147338922294 45.77896825396829 
445.90622576175815 44.57857142857148 
481.71701306783507 30.52698412698414 
417.08653530559474 59.50158730158735 
415.60399608954606 61.4714285714286 







253.44953932417087 218.06785714285706 
586.2502034051536 3.128968253968254 
255.2374947347111 185.7492063492062 
432.4171139951002 46.813492063492106 
413.1314165917649 49.81547619047623 
336.7470625232807 92.92579365079351 
536.5031669046922 11.685714285714285 
365.2356767937542 70.97023809523809 
345.9178067856246 84.46031746031734 
521.489787853011 17.571428571428562 
356.1411240113314 77.3757936507936 
573.2053967771047 4.923015873015873 
389.9310713521761 70.85912698412697 
329.38514009998033 103.41785714285699 
465.0858170450479 37.0404761904762 
323.69508941912983 108.2003968253967 
323.2510786162324 121.46309523809515 
409.0708569103328 63.91388888888893 
264.4899712224787 168.23690476190453 
287.12523992269485 137.4646825396824 
268.62946450948925 158.2412698412696 
455.97968944913504 42.20198412698413 
258.80451252582645 179.6920634920633 
286.67108722145133 144.7015873015871 
261.25622921637535 174.02738095238078 
513.1294022900445 23.522619047619045 
277.37875816921826 151.91825396825377 
296.1570356049106 133.83333333333314 
282.0604159080862 149.39404761904743 
395.89013233832287 66.11071428571428 
483.0187256931917 33.82698412698413 
273.0255964838342 157.4944444444442 
311.27104275293794 128.02103174603164 
306.0961275315343 129.29999999999984 
460.9232599617043 41.59404761904762 
300.38666121914713 132.56428571428552 
498.9829083673433 28.7186507936508 
500.8276028589261 25.15 
317.75498308213736 125.22976190476179 
490.0423059926603 32.48134920634922 
490.20609011782403 31.057936507936514 
404.1986955901892 64.818253968254 
508.6211359290839 23.871031746031747 
401.4270461692426 65.10039682539684 


253.44953932417087 218.06785714285706 
586.2502034051536 3.128968253968254 
255.2374947347111 185.7492063492062 
336.7470625232807 92.92579365079351 
365.2356767937542 70.97023809523809 
345.9178067856246 84.46031746031734 
356.1411240113314 77.3757936507936 
329.38514009998033 103.41785714285699 
408.39101090748176 63.44206349206354 
323.69508941912983 108.2003968253967 
323.2510786162324 121.46309523809515 
449.3235831472767 40.617857142857176 
425.87980751762484 51.025793650793695 
264.4899712224787 168.23690476190453 
548.8716135081377 10.494841269841263 
500.0411852764231 22.24365079365079 
485.52724682989987 30.817857142857147 
389.9310713521761 70.85912698412697 
573.2053967771047 4.923015873015873 
287.12523992269485 137.4646825396824 
533.3606323288639 21.27619047619048 
268.62946450948925 158.2412698412696 
258.80451252582645 179.6920634920633 
286.67108722145133 144.7015873015871 
261.25622921637535 174.02738095238078 
392.0431337087682 64.53888888888892 
537.0569301658439 14.814682539682535 
277.37875816921826 151.91825396825377 
296.1570356049106 133.83333333333314 
465.1380946248403 40.47976190476193 
282.0604159080862 149.39404761904743 
414.45571603456557 56.926587301587354 
474.2793909625223 32.4452380952381 
273.0255964838342 157.4944444444442 
311.27104275293794 128.02103174603164 
306.0961275315343 129.29999999999984 
423.805511496927 56.499603174603216 
517.3483462399678 21.57936507936508 
300.38666121914713 132.56428571428552 
317.75498308213736 125.22976190476179 
465.94069551987104 37.95198412698414 
391.2133625995473 69.06626984126987 
484.7496935375448 30.955952380952397 








253.44953932417087 218.06785714285706 
586.2502034051536 3.128968253968254 
255.2374947347111 185.7492063492062 
336.7470625232807 92.92579365079351 
365.2356767937542 70.97023809523809 
345.9178067856246 84.46031746031734 
356.1411240113314 77.3757936507936 
562.0535369618356 11.30753968253968 
329.38514009998033 103.41785714285699 
500.0411852764231 22.24365079365079 
323.69508941912983 108.2003968253967 
389.9310713521761 70.85912698412697 
323.2510786162324 121.46309523809515 
264.4899712224787 168.23690476190453 
530.010418370002 21.91428571428572 
546.3438372267466 11.567460317460315 
436.4263261376547 51.21984126984131 
437.49074276634184 46.315873015873066 
287.12523992269485 137.4646825396824 
268.62946450948925 158.2412698412696 
258.80451252582645 179.6920634920633 
286.67108722145133 144.7015873015871 
261.25622921637535 174.02738095238078 
573.2053967771047 4.923015873015873 
277.37875816921826 151.91825396825377 
393.1510326539636 65.38214285714288 
296.1570356049106 133.83333333333314 
282.0604159080862 149.39404761904743 
422.0713097500042 57.132539682539715 
452.80275241052175 42.54404761904763 
537.0569301658439 14.814682539682535 
273.0255964838342 157.4944444444442 
415.76429651021226 60.881746031746076 
311.27104275293794 128.02103174603164 
306.0961275315343 129.29999999999984 
300.38666121914713 132.56428571428552 
399.9518075114186 63.60198412698416 
459.64349363950106 37.79722222222222 
405.16735908722546 62.28492063492068 
533.3606323288639 21.27619047619048 
411.09846603297154 61.94761904761908 
468.1955451103958 36.519047619047626 
317.75498308213736 125.22976190476179 
475.26509080167654 32.86904761904761 
492.0847772905547 26.104365079365078 
488.5846973154554 26.85714285714286 
481.71701306783507 30.52698412698414 
470.6232285269038 33.94166666666667 
457.27524783644026 39.66865079365081 
479.6520330713638 31.90555555555556 
436.8860956313807 49.3305555555556 




