323.2510786162324 121.46309523809515 
287.12523992269485 137.4646825396824 
305.5615764405507 131.28531746031732 
253.44953932417087 218.06785714285706 
315.4578945920384 125.68134920634907 
317.7355674506006 123.71150793650779 
318.2701185415843 121.72619047619035 
323.445033762988 120.4472222222221 
328.25715546898545 103.1119047619046 
350.52585694768004 82.50555555555545 
586.2502034051536 3.128968253968254 
378.0108950859748 68.3952380952381 
365.2356767937542 70.97023809523809 
356.1411240113314 77.3757936507936 
345.9178067856246 84.46031746031734 
336.7470625232807 92.92579365079351 
323.69508941912983 108.2003968253967 
311.27104275293794 128.02103174603164 
306.0961275315343 129.29999999999984 
300.38666121914713 132.56428571428552 
296.1570356049106 133.83333333333314 
462.0581313356716 52.576587301587345 
286.67108722145133 144.7015873015871 
282.0604159080862 149.39404761904743 
277.37875816921826 151.91825396825377 
273.0255964838342 157.4944444444442 
268.62946450948925 158.2412698412696 
264.4899712224787 168.23690476190453 
261.25622921637535 174.02738095238078 
258.80451252582645 179.6920634920633 
508.61068881727243 29.73055555555556 
255.2374947347111 185.7492063492062 
496.38594813401943 47.9416666666667 
543.005658372391 19.010714285714283 
440.72318995880784 57.23492063492068 
420.3340377537484 66.8968253968254 
563.635872176418 10.658730158730158 
573.2053967771047 4.923015873015873 

306.0961275315343 129.29999999999984 
268.62946450948925 158.2412698412696 
567.2716849849685 16.702777777777776 
573.2053967771047 4.923015873015873 
462.17273378168767 52.863095238095276 
295.10703369418894 136.33492063492045 
312.56065222919705 124.99047619047604 
286.67108722145133 144.7015873015871 
317.7355674506006 123.71150793650779 
318.2701185415843 121.72619047619035 
320.1723019446843 110.3523809523808 
261.25622921637535 174.02738095238078 
535.6671603375333 24.50912698412698 
327.6941141060384 108.12420634920622 
329.38514009998033 103.41785714285699 
336.7470625232807 92.92579365079351 
287.12523992269485 137.4646825396824 
382.9668461216005 69.8734126984127 
253.44953932417087 218.06785714285706 
394.7187809753621 67.50436507936509 
401.5129867054024 56.34682539682543 
586.2502034051536 3.128968253968254 
423.29022813380277 54.30674603174608 
365.2356767937542 70.97023809523809 
356.1411240113314 77.3757936507936 
345.9178067856246 84.46031746031734 
323.69508941912983 108.2003968253967 
485.2102396455847 44.11746031746035 
311.27104275293794 128.02103174603164 
300.38666121914713 132.56428571428552 
296.1570356049106 133.83333333333314 
509.71305311145176 30.880952380952383 
282.0604159080862 149.39404761904743 
277.37875816921826 151.91825396825377 
273.0255964838342 157.4944444444442 
264.4899712224787 168.23690476190453 
258.80451252582645 179.6920634920633 

287.12523992269485 137.4646825396824 
307.552670161616 129.2408730158729 
253.44953932417087 218.06785714285706 
314.6017340694477 126.25952380952367 
317.7219124186078 120.6892857142856 
323.445033762988 120.4472222222221 
329.38514009998033 103.41785714285699 
336.33461075319127 97.41150793650777 
348.6904401676158 83.26944444444436 
573.2053967771047 4.923015873015873 
377.5152276386425 70.85912698412697 
378.0108950859748 68.3952380952381 
365.2356767937542 70.97023809523809 
356.1411240113314 77.3757936507936 
345.9178067856246 84.46031746031734 
336.7470625232807 92.92579365079351 
323.69508941912983 108.2003968253967 
435.28948309999157 65.83928571428575 
311.27104275293794 128.02103174603164 
306.0961275315343 129.29999999999984 
300.38666121914713 132.56428571428552 
296.1570356049106 133.83333333333314 
462.17273378168767 52.863095238095276 
286.67108722145133 144.7015873015871 
282.0604159080862 149.39404761904743 
277.37875816921826 151.91825396825377 
273.0255964838342 157.4944444444442 
268.62946450948925 158.2412698412696 
264.4899712224787 168.23690476190453 
261.25622921637535 174.02738095238078 
258.80451252582645 179.6920634920633 
509.1028566483295 28.071031746031753 
255.2374947347111 185.7492063492062 
496.38594813401943 47.9416666666667 
521.0407139529219 18.88611111111111 
440.72318995880784 57.23492063492068 
536.5031669046922 11.685714285714285 

336.7470625232807 92.92579365079351 
258.80451252582645 179.6920634920633 
287.12523992269485 137.4646825396824 
300.38666121914713 132.56428571428552 
345.9178067856246 84.46031746031734 
318.2701185415843 121.72619047619035 
268.62946450948925 158.2412698412696 
321.7912113525435 107.26507936507922 
323.0970735862949 105.14841269841254 
365.2356767937542 70.97023809523809 
329.38514009998033 103.41785714285699 
311.27104275293794 128.02103174603164 
399.15279710928957 68.06190476190477 
405.98932800580945 65.9166666666667 
410.46779787489163 65.36785714285718 
417.41183797539225 55.663888888888906 
431.26013558978804 51.92182539682543 
437.70156176638926 47.51626984126986 
461.4138476097743 43.487301587301616 
475.56441090902626 42.268650793650814 
477.3938106512576 33.68134920634922 
493.18328413145866 30.337698412698415 
500.23012211640247 27.72857142857143 
501.8700063277349 21.79047619047619 
537.6104971431055 19.383730158730152 
548.6941336224396 8.75674603174603 

287.12523992269485 137.4646825396824 
310.9300742722186 129.05079365079348 
312.56065222919705 124.99047619047604 
317.7355674506006 123.71150793650779 
318.2701185415843 121.72619047619035 
322.3817743148999 113.45634920634903 
324.21022487857675 104.69682539682523 
329.38514009998033 103.41785714285699 
573.2053967771047 4.923015873015873 
586.2502034051536 3.128968253968254 
373.36198686989263 67.71984126984128 
365.2356767937542 70.97023809523809 
356.1411240113314 77.3757936507936 
345.9178067856246 84.46031746031734 
336.7470625232807 92.92579365079351 
323.69508941912983 108.2003968253967 
430.9139764696623 65.01825396825399 
311.27104275293794 128.02103174603164 
306.0961275315343 129.29999999999984 
300.38666121914713 132.56428571428552 
296.1570356049106 133.83333333333314 
462.17273378168767 52.863095238095276 
286.67108722145133 144.7015873015871 
282.0604159080862 149.39404761904743 
277.37875816921826 151.91825396825377 
273.0255964838342 157.4944444444442 
268.62946450948925 158.2412698412696 
264.4899712224787 168.23690476190453 
261.25622921637535 174.02738095238078 
258.80451252582645 179.6920634920633 
502.8862813793962 28.939285714285727 
255.2374947347111 185.7492063492062 
496.38594813401943 47.9416666666667 
521.2217986196937 17.815079365079356 
440.72318995880784 57.23492063492068 
536.5031669046922 11.685714285714285 
548.9991132910917 9.891666666666664 

287.12523992269485 137.4646825396824 
306.8440198462192 126.25952380952367 
253.44953932417087 218.06785714285706 
312.55348615860635 122.99523809523795 
315.47069705783207 121.16984126984113 
319.4484617986383 119.1444444444443 
324.21022487857675 104.69682539682523 
332.8392519793464 96.22142857142842 
573.2053967771047 4.923015873015873 
356.1411240113314 77.3757936507936 
358.98166148254955 74.73134920634917 
566.7095273650184 13.086111111111109 
586.2502034051536 3.128968253968254 
376.61798985217655 67.96587301587303 
365.2356767937542 70.97023809523809 
345.9178067856246 84.46031746031734 
336.7470625232807 92.92579365079351 
329.38514009998033 103.41785714285699 
323.69508941912983 108.2003968253967 
306.0961275315343 129.29999999999984 
300.38666121914713 132.56428571428552 
296.1570356049106 133.83333333333314 
462.17273378168767 52.863095238095276 
286.67108722145133 144.7015873015871 
282.0604159080862 149.39404761904743 
277.37875816921826 151.91825396825377 
273.0255964838342 157.4944444444442 
268.62946450948925 158.2412698412696 
264.4899712224787 168.23690476190453 
261.25622921637535 174.02738095238078 
258.80451252582645 179.6920634920633 
512.3276248834133 27.95198412698413 
255.2374947347111 185.7492063492062 
496.38594813401943 47.9416666666667 
440.72318995880784 57.23492063492068 
420.3340377537484 66.8968253968254 

287.12523992269485 137.4646825396824 
300.38666121914713 132.56428571428552 
309.204362658563 131.35753968253954 
253.44953932417087 218.06785714285706 
312.56065222919705 124.99047619047604 
316.1868716723455 120.89642857142846 
323.445033762988 120.4472222222221 
336.33461075319127 97.41150793650777 
573.2053967771047 4.923015873015873 
356.1411240113314 77.3757936507936 
586.2502034051536 3.128968253968254 
365.2356767937542 70.97023809523809 
345.9178067856246 84.46031746031734 
336.7470625232807 92.92579365079351 
416.64723069183003 66.4873015873016 
323.69508941912983 108.2003968253967 
432.8345500812677 61.19722222222225 
311.27104275293794 128.02103174603164 
440.72318995880784 57.23492063492068 
296.1570356049106 133.83333333333314 
462.17273378168767 52.863095238095276 
286.67108722145133 144.7015873015871 
282.0604159080862 149.39404761904743 
277.37875816921826 151.91825396825377 
273.0255964838342 157.4944444444442 
268.62946450948925 158.2412698412696 
264.4899712224787 168.23690476190453 
261.25622921637535 174.02738095238078 
258.80451252582645 179.6920634920633 
500.8276028589261 25.15 
255.2374947347111 185.7492063492062 
496.38594813401943 47.9416666666667 
549.514844601251 18.46150793650794 
563.4942500814295 13.976190476190474 
405.8577705074777 69.4718253968254 

323.2510786162324 121.46309523809515 
287.12523992269485 137.4646825396824 
306.8440198462192 126.25952380952367 
253.44953932417087 218.06785714285706 
312.56065222919705 124.99047619047604 
317.7355674506006 123.71150793650779 
318.2701185415843 121.72619047619035 
323.445033762988 120.4472222222221 
323.69508941912983 108.2003968253967 
329.38514009998033 103.41785714285699 
563.6907839015275 24.060714285714283 
573.2053967771047 4.923015873015873 
355.8114501818031 80.04325396825391 
358.98166148254955 74.73134920634917 
566.7095273650184 13.086111111111109 
586.2502034051536 3.128968253968254 
365.2356767937542 70.97023809523809 
356.1411240113314 77.3757936507936 
345.9178067856246 84.46031746031734 
336.7470625232807 92.92579365079351 
431.3380493583075 62.44920634920639 
306.0961275315343 129.29999999999984 
300.38666121914713 132.56428571428552 
296.1570356049106 133.83333333333314 
462.17273378168767 52.863095238095276 
286.67108722145133 144.7015873015871 
282.0604159080862 149.39404761904743 
277.37875816921826 151.91825396825377 
273.0255964838342 157.4944444444442 
268.62946450948925 158.2412698412696 
264.4899712224787 168.23690476190453 
261.25622921637535 174.02738095238078 
258.80451252582645 179.6920634920633 
523.5426807334574 28.758333333333336 
255.2374947347111 185.7492063492062 
496.38594813401943 47.9416666666667 
440.72318995880784 57.23492063492068 
420.3340377537484 66.8968253968254 
568.3802878135893 11.88611111111111 
389.9310713521761 70.85912698412697 

287.12523992269485 137.4646825396824 
306.8440198462192 126.25952380952367 
253.44953932417087 218.06785714285706 
311.41943927086413 115.6349206349205 
329.38514009998033 103.41785714285699 
345.6482638195362 86.16031746031739 
573.2053967771047 4.923015873015873 
566.7095273650184 13.086111111111109 
377.5152276386425 70.85912698412697 
378.0108950859748 68.3952380952381 
365.2356767937542 70.97023809523809 
356.1411240113314 77.3757936507936 
345.9178067856246 84.46031746031734 
336.7470625232807 92.92579365079351 
323.69508941912983 108.2003968253967 
424.7964908035063 58.622222222222256 
306.0961275315343 129.29999999999984 
300.38666121914713 132.56428571428552 
296.1570356049106 133.83333333333314 
462.17273378168767 52.863095238095276 
286.67108722145133 144.7015873015871 
282.0604159080862 149.39404761904743 
277.37875816921826 151.91825396825377 
273.0255964838342 157.4944444444442 
268.62946450948925 158.2412698412696 
264.4899712224787 168.23690476190453 
261.25622921637535 174.02738095238078 
258.80451252582645 179.6920634920633 
515.6776312506216 31.123809523809527 
255.2374947347111 185.7492063492062 
496.38594813401943 47.9416666666667 
534.4059251562519 21.77777777777778 
440.72318995880784 57.23492063492068 
536.9277591207855 14.814682539682535 

323.2510786162324 121.46309523809515 
284.7282750796882 161.8174603174602 
356.1411240113314 77.3757936507936 
329.38514009998033 103.41785714285699 
306.0961275315343 129.29999999999984 
286.67108722145133 144.7015873015871 
264.4899712224787 168.23690476190453 
258.80451252582645 179.6920634920633 
253.44953932417087 218.06785714285706 
306.8440198462192 126.25952380952367 
573.2053967771047 4.923015873015873 
312.56065222919705 124.99047619047604 
586.2502034051536 3.128968253968254 
318.2701185415843 121.72619047619035 
345.9178067856246 84.46031746031734 
336.7470625232807 92.92579365079351 
323.69508941912983 108.2003968253967 
296.1570356049106 133.83333333333314 
291.95071474640935 140.9309523809522 
368.91634230355214 74.80079365079362 
377.65152050728767 70.97023809523809 
386.0074173744242 69.86785714285715 
394.52720092483906 64.73730158730162 
402.07329416493593 63.3984126984127 
410.5655967795904 62.57341269841275 
411.1817350921854 56.895238095238135 
430.49792175651316 53.97857142857147 
443.30722220402714 52.155555555555594 
447.54797471258837 48.76309523809529 
451.7740794553053 46.314285714285745 
461.7773906318092 44.50000000000004 
463.25348169236025 41.191666666666706 
467.9000423851626 35.55079365079366 
482.1671498204476 32.561111111111124 
490.15116281615246 30.089682539682546 
255.2374947347111 185.7492063492062 
500.0411852764231 22.24365079365079 
529.7730362671888 18.50555555555556 
534.3090033929697 14.753174603174601 
544.6011641302298 10.153571428571425 
568.5466102899845 8.351984126984126 

287.12523992269485 137.4646825396824 
307.552670161616 129.2408730158729 
308.18393588638884 127.25555555555543 
312.56065222919705 124.99047619047604 
317.7355674506006 123.71150793650779 
318.9521871548538 121.19404761904751 
321.5941180309922 116.88968253968244 
324.21022487857675 104.69682539682523 
332.7499143995354 103.13730158730145 
573.2053967771047 4.923015873015873 
586.2502034051536 3.128968253968254 
378.0108950859748 68.3952380952381 
379.1472907284995 65.05992063492063 
365.2356767937542 70.97023809523809 
356.1411240113314 77.3757936507936 
345.9178067856246 84.46031746031734 
336.7470625232807 92.92579365079351 
329.38514009998033 103.41785714285699 
323.69508941912983 108.2003968253967 
417.3911121449109 58.84960317460322 
306.0961275315343 129.29999999999984 
300.38666121914713 132.56428571428552 
296.1570356049106 133.83333333333314 
456.078603763395 52.571428571428584 
286.67108722145133 144.7015873015871 
282.0604159080862 149.39404761904743 
277.37875816921826 151.91825396825377 
273.0255964838342 157.4944444444442 
268.62946450948925 158.2412698412696 
264.4899712224787 168.23690476190453 
261.25622921637535 174.02738095238078 
258.80451252582645 179.6920634920633 
501.45394598520136 29.43055555555556 
255.2374947347111 185.7492063492062 
496.38594813401943 47.9416666666667 
440.72318995880784 57.23492063492068 
553.5988534037849 13.630952380952376 
563.635872176418 10.658730158730158 
572.7955468720094 6.7297619047619035 

287.12523992269485 137.4646825396824 
253.44953932417087 218.06785714285706 
312.56065222919705 124.99047619047604 
317.0673370719261 119.17499999999984 
326.95029839335746 103.6551587301586 
573.2053967771047 4.923015873015873 
358.98166148254955 74.73134920634917 
566.7095273650184 13.086111111111109 
586.2502034051536 3.128968253968254 
389.9310713521761 70.85912698412697 
365.2356767937542 70.97023809523809 
356.1411240113314 77.3757936507936 
345.9178067856246 84.46031746031734 
336.7470625232807 92.92579365079351 
329.38514009998033 103.41785714285699 
323.69508941912983 108.2003968253967 
440.4275451208702 65.68492063492067 
311.27104275293794 128.02103174603164 
306.0961275315343 129.29999999999984 
300.38666121914713 132.56428571428552 
296.1570356049106 133.83333333333314 
462.0581313356716 52.576587301587345 
286.67108722145133 144.7015873015871 
282.0604159080862 149.39404761904743 
277.37875816921826 151.91825396825377 
273.0255964838342 157.4944444444442 
268.62946450948925 158.2412698412696 
264.4899712224787 168.23690476190453 
261.25622921637535 174.02738095238078 
258.80451252582645 179.6920634920633 
511.50606192390256 31.071031746031746 
255.2374947347111 185.7492063492062 
496.38594813401943 47.9416666666667 
537.8105377058913 19.52380952380952 
440.72318995880784 57.23492063492068 
420.3340377537484 66.8968253968254 
405.8577705074777 69.4718253968254 

287.12523992269485 137.4646825396824 
253.44953932417087 218.06785714285706 
311.78617821238487 124.51746031746016 
312.55348615860635 122.99523809523795 
318.2701185415843 121.72619047619035 
320.3550167808408 118.69365079365068 
323.2793143036123 116.21984126984113 
573.2053967771047 4.923015873015873 
356.0710854705178 77.07539682539675 
566.7095273650184 13.086111111111109 
586.2502034051536 3.128968253968254 
378.0108950859748 68.3952380952381 
365.2356767937542 70.97023809523809 
345.9178067856246 84.46031746031734 
336.7470625232807 92.92579365079351 
329.38514009998033 103.41785714285699 
323.69508941912983 108.2003968253967 
311.27104275293794 128.02103174603164 
306.0961275315343 129.29999999999984 
300.38666121914713 132.56428571428552 
296.1570356049106 133.83333333333314 
462.17273378168767 52.863095238095276 
286.67108722145133 144.7015873015871 
282.0604159080862 149.39404761904743 
277.37875816921826 151.91825396825377 
273.0255964838342 157.4944444444442 
268.62946450948925 158.2412698412696 
264.4899712224787 168.23690476190453 
261.25622921637535 174.02738095238078 
258.80451252582645 179.6920634920633 
508.61068881727243 29.73055555555556 
255.2374947347111 185.7492063492062 
496.38594813401943 47.9416666666667 
556.6964202405213 21.890476190476193 
440.72318995880784 57.23492063492068 
420.3340377537484 66.8968253968254 

287.12523992269485 137.4646825396824 
306.0961275315343 129.29999999999984 
253.44953932417087 218.06785714285706 
312.58006786073366 126.50873015873003 
313.51063300303684 125.73730158730145 
315.57625659499803 120.37420634920625 
320.129927171581 118.46111111111104 
321.2516631185354 115.97539682539671 
323.69508941912983 108.2003968253967 
329.38514009998033 103.41785714285699 
336.7470625232807 92.92579365079351 
573.2053967771047 4.923015873015873 
353.41655227199254 71.85992063492061 
566.7095273650184 13.086111111111109 
377.5152276386425 70.85912698412697 
365.2356767937542 70.97023809523809 
345.9178067856246 84.46031746031734 
424.7964908035063 58.622222222222256 
300.38666121914713 132.56428571428552 
296.1570356049106 133.83333333333314 
462.17273378168767 52.863095238095276 
286.67108722145133 144.7015873015871 
282.0604159080862 149.39404761904743 
277.37875816921826 151.91825396825377 
273.0255964838342 157.4944444444442 
268.62946450948925 158.2412698412696 
264.4899712224787 168.23690476190453 
261.25622921637535 174.02738095238078 
258.80451252582645 179.6920634920633 
520.2862086944614 30.506746031746037 
255.2374947347111 185.7492063492062 
496.38594813401943 47.9416666666667 
558.3867203848641 21.640079365079366 
440.72318995880784 57.23492063492068 
420.3340377537484 66.8968253968254 
405.8577705074777 69.4718253968254 

287.12523992269485 137.4646825396824 
295.7050034802791 135.08849206349186 
253.44953932417087 218.06785714285706 
312.56065222919705 124.99047619047604 
317.7355674506006 123.71150793650779 
318.2701185415843 121.72619047619035 
319.53618050058236 116.67777777777762 
321.01502510076267 113.79920634920627 
348.9565097553234 80.24722222222216 
351.60211708798096 79.62341269841264 
356.1411240113314 77.3757936507936 
566.7095273650184 13.086111111111109 
369.5764294361591 70.08769841269842 
586.2502034051536 3.128968253968254 
365.2356767937542 70.97023809523809 
345.9178067856246 84.46031746031734 
336.7470625232807 92.92579365079351 
329.38514009998033 103.41785714285699 
323.69508941912983 108.2003968253967 
432.15446907181763 61.729365079365124 
306.0961275315343 129.29999999999984 
300.38666121914713 132.56428571428552 
296.1570356049106 133.83333333333314 
452.54362127687705 52.06746031746036 
286.67108722145133 144.7015873015871 
282.0604159080862 149.39404761904743 
277.37875816921826 151.91825396825377 
273.0255964838342 157.4944444444442 
268.62946450948925 158.2412698412696 
264.4899712224787 168.23690476190453 
261.25622921637535 174.02738095238078 
258.80451252582645 179.6920634920633 
501.68814454102073 27.884523809523824 
255.2374947347111 185.7492063492062 
496.38594813401943 47.9416666666667 
563.5728716185301 23.5047619047619 
440.72318995880784 57.23492063492068 
420.3340377537484 66.8968253968254 
405.8577705074777 69.4718253968254 
573.2053967771047 4.923015873015873 

287.12523992269485 137.4646825396824 
305.331999154472 130.0892857142856 
306.8440198462192 126.25952380952367 
253.44953932417087 218.06785714285706 
311.5372371461686 123.90634920634908 
315.68439466988195 123.4126984126983 
318.2701185415843 121.72619047619035 
321.57178658578323 118.49404761904752 
321.85152143812036 117.81785714285704 
323.50397754903344 110.59007936507928 
561.9116158492021 27.934126984126983 
336.33429759065086 101.63650793650785 
573.2053967771047 4.923015873015873 
566.7095273650184 13.086111111111109 
365.2356767937542 70.97023809523809 
586.2502034051536 3.128968253968254 
389.9310713521761 70.85912698412697 
356.1411240113314 77.3757936507936 
345.9178067856246 84.46031746031734 
336.7470625232807 92.92579365079351 
329.38514009998033 103.41785714285699 
323.69508941912983 108.2003968253967 
432.3685918079999 62.286904761904786 
432.65641139310765 60.13769841269845 
306.0961275315343 129.29999999999984 
300.38666121914713 132.56428571428552 
296.1570356049106 133.83333333333314 
462.17273378168767 52.863095238095276 
286.67108722145133 144.7015873015871 
282.0604159080862 149.39404761904743 
277.37875816921826 151.91825396825377 
273.0255964838342 157.4944444444442 
268.62946450948925 158.2412698412696 
264.4899712224787 168.23690476190453 
261.25622921637535 174.02738095238078 
258.80451252582645 179.6920634920633 
521.9458408964864 30.494841269841288 
255.2374947347111 185.7492063492062 
496.38594813401943 47.9416666666667 
440.72318995880784 57.23492063492068 
420.3340377537484 66.8968253968254 
568.3802878135893 11.88611111111111 

287.12523992269485 137.4646825396824 
307.94281484524134 127.68769841269828 
253.44953932417087 218.06785714285706 
311.16870232885867 126.1440476190475 
316.1868716723455 120.89642857142846 
317.21407463180566 118.91706349206339 
318.52017419772613 109.47936507936492 
323.69508941912983 108.2003968253967 
327.4983602549001 107.5043650793649 
563.6907839015275 24.060714285714283 
350.52585694768004 82.50555555555545 
356.1411240113314 77.3757936507936 
566.7095273650184 13.086111111111109 
365.2356767937542 70.97023809523809 
377.5152276386425 70.85912698412697 
378.0108950859748 68.3952380952381 
345.9178067856246 84.46031746031734 
336.7470625232807 92.92579365079351 
329.38514009998033 103.41785714285699 
424.7964908035063 58.622222222222256 
306.0961275315343 129.29999999999984 
300.38666121914713 132.56428571428552 
296.1570356049106 133.83333333333314 
462.17273378168767 52.863095238095276 
286.67108722145133 144.7015873015871 
282.0604159080862 149.39404761904743 
277.37875816921826 151.91825396825377 
273.0255964838342 157.4944444444442 
268.62946450948925 158.2412698412696 
264.4899712224787 168.23690476190453 
261.25622921637535 174.02738095238078 
258.80451252582645 179.6920634920633 
515.6776312506216 31.123809523809527 
255.2374947347111 185.7492063492062 
496.38594813401943 47.9416666666667 
563.9453008807443 23.223015873015875 
440.72318995880784 57.23492063492068 
420.3340377537484 66.8968253968254 
568.3802878135893 11.88611111111111 
573.2053967771047 4.923015873015873 

287.12523992269485 137.4646825396824 
306.8440198462192 126.25952380952367 
253.44953932417087 218.06785714285706 
311.38515909237503 112.55277777777764 
325.16020565241655 105.44365079365063 
329.38514009998033 103.41785714285699 
563.6907839015275 24.060714285714283 
348.9565097553234 80.24722222222216 
358.98166148254955 74.73134920634917 
566.7095273650184 13.086111111111109 
586.2502034051536 3.128968253968254 
389.9310713521761 70.85912698412697 
365.2356767937542 70.97023809523809 
356.1411240113314 77.3757936507936 
345.9178067856246 84.46031746031734 
336.7470625232807 92.92579365079351 
323.69508941912983 108.2003968253967 
428.08540310280404 62.826190476190526 
306.0961275315343 129.29999999999984 
300.38666121914713 132.56428571428552 
296.1570356049106 133.83333333333314 
462.17273378168767 52.863095238095276 
286.67108722145133 144.7015873015871 
282.0604159080862 149.39404761904743 
277.37875816921826 151.91825396825377 
273.0255964838342 157.4944444444442 
268.62946450948925 158.2412698412696 
264.4899712224787 168.23690476190453 
261.25622921637535 174.02738095238078 
258.80451252582645 179.6920634920633 
521.606586937543 31.601190476190492 
255.2374947347111 185.7492063492062 
496.38594813401943 47.9416666666667 
440.72318995880784 57.23492063492068 
420.3340377537484 66.8968253968254 
405.8577705074777 69.4718253968254 
573.2053967771047 4.923015873015873 

287.12523992269485 137.4646825396824 
253.44953932417087 218.06785714285706 
573.2053967771047 4.923015873015873 
300.38666121914713 132.56428571428552 
365.2356767937542 70.97023809523809 
356.1411240113314 77.3757936507936 
345.9178067856246 84.46031746031734 
329.38514009998033 103.41785714285699 
312.56065222919705 124.99047619047604 
311.27104275293794 128.02103174603164 
317.1497052622147 113.29722222222206 
286.67108722145133 144.7015873015871 
282.0604159080862 149.39404761904743 
277.37875816921826 151.91825396825377 
273.0255964838342 157.4944444444442 
264.4899712224787 168.23690476190453 
331.8174723191124 103.37142857142844 
335.7045467013296 101.46984126984117 
336.7470625232807 92.92579365079351 
378.0108950859748 68.3952380952381 
260.93415143778145 189.701984126984 
409.5621648257638 67.58412698412698 
419.43573895697614 67.00793650793652 
423.898192006734 58.73333333333337 
433.1422338958691 54.55634920634926 
440.90826817571127 53.701190476190504 
447.54797471258837 48.76309523809529 
586.2502034051536 3.128968253968254 
323.69508941912983 108.2003968253967 
296.1570356049106 133.83333333333314 
261.25622921637535 174.02738095238078 
512.2903679646704 26.215476190476195 
513.1294022900445 23.522619047619045 
523.249459886762 19.997619047619043 
537.3857311440636 16.686507936507933 
548.9991132910917 9.891666666666664 

287.12523992269485 137.4646825396824 
304.3204933760666 128.36111111111097 
306.8440198462192 126.25952380952367 
253.44953932417087 218.06785714285706 
312.56065222919705 124.99047619047604 
314.63959342355037 120.88373015873003 
323.445033762988 120.4472222222221 
324.89229349184626 104.16468253968239 
329.38514009998033 103.41785714285699 
336.7470625232807 92.92579365079351 
341.96509846435924 86.08690476190469 
345.9178067856246 84.46031746031734 
573.2053967771047 4.923015873015873 
358.98166148254955 74.73134920634917 
361.266510353884 70.6857142857143 
586.2502034051536 3.128968253968254 
378.0108950859748 68.3952380952381 
356.1411240113314 77.3757936507936 
323.69508941912983 108.2003968253967 
422.32218381378584 57.97500000000006 
300.38666121914713 132.56428571428552 
296.1570356049106 133.83333333333314 
449.2273200103961 50.35555555555558 
286.67108722145133 144.7015873015871 
282.0604159080862 149.39404761904743 
277.37875816921826 151.91825396825377 
273.0255964838342 157.4944444444442 
268.62946450948925 158.2412698412696 
264.4899712224787 168.23690476190453 
261.25622921637535 174.02738095238078 
258.80451252582645 179.6920634920633 
501.42275541648274 28.27896825396825 
255.2374947347111 185.7492063492062 
496.38594813401943 47.9416666666667 
440.72318995880784 57.23492063492068 
537.0569301658439 14.814682539682535 
563.635872176418 10.658730158730158 

287.12523992269485 137.4646825396824 
253.44953932417087 218.06785714285706 
312.56065222919705 124.99047619047604 
317.7355674506006 123.71150793650779 
318.2701185415843 121.72619047619035 
321.98764828844037 109.08015873015862 
329.38514009998033 103.41785714285699 
561.9116158492021 27.934126984126983 
563.6907839015275 24.060714285714283 
336.7470625232807 92.92579365079351 
345.9178067856246 84.46031746031734 
573.2053967771047 4.923015873015873 
586.2502034051536 3.128968253968254 
389.9310713521761 70.85912698412697 
365.2356767937542 70.97023809523809 
356.1411240113314 77.3757936507936 
323.69508941912983 108.2003968253967 
311.27104275293794 128.02103174603164 
306.0961275315343 129.29999999999984 
300.38666121914713 132.56428571428552 
296.1570356049106 133.83333333333314 
462.17273378168767 52.863095238095276 
286.67108722145133 144.7015873015871 
282.0604159080862 149.39404761904743 
277.37875816921826 151.91825396825377 
273.0255964838342 157.4944444444442 
268.62946450948925 158.2412698412696 
264.4899712224787 168.23690476190453 
261.25622921637535 174.02738095238078 
258.80451252582645 179.6920634920633 
518.9678038809776 30.494841269841288 
255.2374947347111 185.7492063492062 
496.38594813401943 47.9416666666667 
440.72318995880784 57.23492063492068 
420.3340377537484 66.8968253968254 
405.8577705074777 69.4718253968254 

287.12523992269485 137.4646825396824 
310.5374668790105 127.20992063492059 
312.56065222919705 124.99047619047604 
317.7355674506006 123.71150793650779 
318.2689266461324 118.87658730158718 
324.21022487857675 104.69682539682523 
329.38514009998033 103.41785714285699 
567.2716849849685 16.702777777777776 
573.2053967771047 4.923015873015873 
356.1411240113314 77.3757936507936 
377.3065846303848 67.39325396825397 
365.2356767937542 70.97023809523809 
345.9178067856246 84.46031746031734 
336.7470625232807 92.92579365079351 
323.69508941912983 108.2003968253967 
438.8431150131069 61.99047619047621 
306.0961275315343 129.29999999999984 
300.38666121914713 132.56428571428552 
296.1570356049106 133.83333333333314 
461.8317276530689 53.04603174603179 
286.67108722145133 144.7015873015871 
282.0604159080862 149.39404761904743 
277.37875816921826 151.91825396825377 
273.0255964838342 157.4944444444442 
268.62946450948925 158.2412698412696 
264.4899712224787 168.23690476190453 
261.25622921637535 174.02738095238078 
258.80451252582645 179.6920634920633 
525.7160735673049 29.589285714285715 
255.2374947347111 185.7492063492062 
496.38594813401943 47.9416666666667 
536.5898398494843 21.167857142857148 
440.72318995880784 57.23492063492068 
420.3340377537484 66.8968253968254 

287.12523992269485 137.4646825396824 
300.38666121914713 132.56428571428552 
306.8440198462192 126.25952380952367 
308.16452025485216 125.73730158730145 
311.77638189248864 123.03095238095224 
312.6263172339641 122.49880952380938 
316.76407510349156 121.32976190476178 
317.96622747470855 121.29920634920622 
321.52112348779383 114.95992063492054 
323.6685077170025 104.6869047619046 
329.38514009998033 103.41785714285699 
330.7157596519389 103.0773809523808 
563.6907839015275 24.060714285714283 
336.7470625232807 92.92579365079351 
348.6904401676158 83.26944444444436 
573.2053967771047 4.923015873015873 
586.2502034051536 3.128968253968254 
389.9310713521761 70.85912698412697 
365.2356767937542 70.97023809523809 
356.1411240113314 77.3757936507936 
345.9178067856246 84.46031746031734 
420.3340377537484 66.8968253968254 
427.0116434751515 63.82817460317464 
306.0961275315343 129.29999999999984 
296.1570356049106 133.83333333333314 
462.17273378168767 52.863095238095276 
286.67108722145133 144.7015873015871 
282.0604159080862 149.39404761904743 
277.37875816921826 151.91825396825377 
273.0255964838342 157.4944444444442 
268.62946450948925 158.2412698412696 
264.4899712224787 168.23690476190453 
261.25622921637535 174.02738095238078 
258.80451252582645 179.6920634920633 
510.0404671159088 30.574603174603183 
255.2374947347111 185.7492063492062 
496.38594813401943 47.9416666666667 
440.72318995880784 57.23492063492068 
565.6079909802821 10.847222222222218 
568.5466102899845 8.351984126984126 

287.12523992269485 137.4646825396824 
307.552670161616 129.2408730158729 
253.44953932417087 218.06785714285706 
312.56065222919705 124.99047619047604 
315.2600618143434 121.39801587301577 
319.53618050058236 116.67777777777762 
321.1724556363261 115.99444444444431 
327.199927139052 103.4575396825395 
563.6907839015275 24.060714285714283 
336.7470625232807 92.92579365079351 
573.2053967771047 4.923015873015873 
353.36335076039944 79.75119047619044 
356.1411240113314 77.3757936507936 
586.2502034051536 3.128968253968254 
378.0108950859748 68.3952380952381 
365.2356767937542 70.97023809523809 
345.9178067856246 84.46031746031734 
420.3340377537484 66.8968253968254 
323.69508941912983 108.2003968253967 
424.0472105449509 61.359126984127016 
311.27104275293794 128.02103174603164 
306.0961275315343 129.29999999999984 
300.38666121914713 132.56428571428552 
296.1570356049106 133.83333333333314 
462.17273378168767 52.863095238095276 
286.67108722145133 144.7015873015871 
282.0604159080862 149.39404761904743 
277.37875816921826 151.91825396825377 
273.0255964838342 157.4944444444442 
268.62946450948925 158.2412698412696 
264.4899712224787 168.23690476190453 
261.25622921637535 174.02738095238078 
258.80451252582645 179.6920634920633 
506.9192032995412 27.930555555555568 
255.2374947347111 185.7492063492062 
496.38594813401943 47.9416666666667 
440.72318995880784 57.23492063492068 
565.6079909802821 10.847222222222218 

287.12523992269485 137.4646825396824 
295.7759899057819 137.25674603174585 
310.9678151618737 127.99801587301576 
312.0189350676228 124.98055555555543 
313.07616339755634 124.63492063492052 
317.7355674506006 123.71150793650779 
318.2701185415843 121.72619047619035 
322.80338508644076 119.42420634920622 
323.474317595615 119.33412698412685 
329.38514009998033 103.41785714285699 
561.9116158492021 27.934126984126983 
563.6907839015275 24.060714285714283 
336.7470625232807 92.92579365079351 
350.46410233997244 81.13690476190466 
566.7095273650184 13.086111111111109 
586.2502034051536 3.128968253968254 
365.2356767937542 70.97023809523809 
356.1411240113314 77.3757936507936 
345.9178067856246 84.46031746031734 
323.69508941912983 108.2003968253967 
428.80616757279086 60.02420634920637 
306.0961275315343 129.29999999999984 
300.38666121914713 132.56428571428552 
296.1570356049106 133.83333333333314 
462.17273378168767 52.863095238095276 
286.67108722145133 144.7015873015871 
282.0604159080862 149.39404761904743 
277.37875816921826 151.91825396825377 
273.0255964838342 157.4944444444442 
268.62946450948925 158.2412698412696 
264.4899712224787 168.23690476190453 
261.25622921637535 174.02738095238078 
258.80451252582645 179.6920634920633 
501.0737544396884 29.147222222222226 
255.2374947347111 185.7492063492062 
496.38594813401943 47.9416666666667 
440.72318995880784 57.23492063492068 
420.3340377537484 66.8968253968254 
405.8577705074777 69.4718253968254 
389.9310713521761 70.85912698412697 
573.2053967771047 4.923015873015873 

287.12523992269485 137.4646825396824 
253.44953932417087 218.06785714285706 
311.5372371461686 123.90634920634908 
322.4216186799596 119.36309523809513 
328.36172501695194 102.33373015873002 
561.9116158492021 27.934126984126983 
563.6907839015275 24.060714285714283 
336.7470625232807 92.92579365079351 
573.2053967771047 4.923015873015873 
356.1411240113314 77.3757936507936 
586.2502034051536 3.128968253968254 
389.9310713521761 70.85912698412697 
365.2356767937542 70.97023809523809 
345.9178067856246 84.46031746031734 
425.8568824213266 63.91230158730163 
311.27104275293794 128.02103174603164 
306.0961275315343 129.29999999999984 
300.38666121914713 132.56428571428552 
296.1570356049106 133.83333333333314 
462.17273378168767 52.863095238095276 
286.67108722145133 144.7015873015871 
282.0604159080862 149.39404761904743 
277.37875816921826 151.91825396825377 
273.0255964838342 157.4944444444442 
268.62946450948925 158.2412698412696 
264.4899712224787 168.23690476190453 
261.25622921637535 174.02738095238078 
258.80451252582645 179.6920634920633 
523.0315481912492 29.310714285714294 
255.2374947347111 185.7492063492062 
496.38594813401943 47.9416666666667 
440.72318995880784 57.23492063492068 
420.3340377537484 66.8968253968254 
565.6079909802821 10.847222222222218 

287.12523992269485 137.4646825396824 
295.7050034802791 135.08849206349186 
302.4908581608351 131.83571428571412 
304.7974277185707 127.89761904761892 
306.8440198462192 126.25952380952367 
311.5420952950434 113.5003968253967 
323.4693887117247 110.73650793650778 
324.21022487857675 104.69682539682523 
329.38514009998033 103.41785714285699 
332.500206525881 100.51904761904744 
334.2828019094015 99.43452380952368 
336.7470625232807 92.92579365079351 
573.2053967771047 4.923015873015873 
377.5152276386425 70.85912698412697 
365.2356767937542 70.97023809523809 
356.1411240113314 77.3757936507936 
345.9178067856246 84.46031746031734 
323.69508941912983 108.2003968253967 
300.38666121914713 132.56428571428552 
296.1570356049106 133.83333333333314 
462.17273378168767 52.863095238095276 
286.67108722145133 144.7015873015871 
282.0604159080862 149.39404761904743 
277.37875816921826 151.91825396825377 
273.0255964838342 157.4944444444442 
268.62946450948925 158.2412698412696 
264.4899712224787 168.23690476190453 
261.25622921637535 174.02738095238078 
258.80451252582645 179.6920634920633 
525.8203335619512 29.19761904761906 
255.2374947347111 185.7492063492062 
496.38594813401943 47.9416666666667 
440.72318995880784 57.23492063492068 
420.3340377537484 66.8968253968254 
405.8577705074777 69.4718253968254 

287.12523992269485 137.4646825396824 
295.7050034802791 135.08849206349186 
311.27104275293794 128.02103174603164 
318.2701185415843 121.72619047619035 
321.6671353315579 119.76349206349201 
328.44103722584134 106.06309523809507 
329.38514009998033 103.41785714285699 
573.2053967771047 4.923015873015873 
566.7095273650184 13.086111111111109 
586.2502034051536 3.128968253968254 
389.9310713521761 70.85912698412697 
390.42673879950837 68.3952380952381 
365.2356767937542 70.97023809523809 
356.1411240113314 77.3757936507936 
345.9178067856246 84.46031746031734 
336.7470625232807 92.92579365079351 
323.69508941912983 108.2003968253967 
439.8552675932065 61.19642857142859 
306.0961275315343 129.29999999999984 
300.38666121914713 132.56428571428552 
296.1570356049106 133.83333333333314 
461.3675742081199 52.931349206349246 
286.67108722145133 144.7015873015871 
282.0604159080862 149.39404761904743 
277.37875816921826 151.91825396825377 
273.0255964838342 157.4944444444442 
268.62946450948925 158.2412698412696 
264.4899712224787 168.23690476190453 
261.25622921637535 174.02738095238078 
258.80451252582645 179.6920634920633 
518.7053981969883 30.922619047619055 
255.2374947347111 185.7492063492062 
496.38594813401943 47.9416666666667 
540.8724360825255 22.139682539682546 
440.72318995880784 57.23492063492068 
420.3340377537484 66.8968253968254 

323.2510786162324 121.46309523809515 
287.12523992269485 137.4646825396824 
306.0961275315343 129.29999999999984 
253.44953932417087 218.06785714285706 
312.56065222919705 124.99047619047604 
317.7355674506006 123.71150793650779 
318.2701185415843 121.72619047619035 
323.445033762988 120.4472222222221 
323.6756737875931 106.68214285714268 
326.95029839335746 103.6551587301586 
350.46410233997244 81.13690476190466 
566.7095273650184 13.086111111111109 
586.2502034051536 3.128968253968254 
389.9310713521761 70.85912698412697 
365.2356767937542 70.97023809523809 
356.1411240113314 77.3757936507936 
345.9178067856246 84.46031746031734 
336.7470625232807 92.92579365079351 
329.38514009998033 103.41785714285699 
421.5219173918489 59.50317460317464 
429.95131703082325 57.92222222222225 
300.38666121914713 132.56428571428552 
296.1570356049106 133.83333333333314 
443.1815895660231 50.79126984126989 
286.67108722145133 144.7015873015871 
282.0604159080862 149.39404761904743 
277.37875816921826 151.91825396825377 
273.0255964838342 157.4944444444442 
268.62946450948925 158.2412698412696 
264.4899712224787 168.23690476190453 
261.25622921637535 174.02738095238078 
258.80451252582645 179.6920634920633 
501.45394598520136 29.43055555555556 
255.2374947347111 185.7492063492062 
496.38594813401943 47.9416666666667 
556.6964202405213 21.890476190476193 
440.72318995880784 57.23492063492068 
420.3340377537484 66.8968253968254 
405.8577705074777 69.4718253968254 
573.2053967771047 4.923015873015873 

323.2510786162324 121.46309523809515 
287.12523992269485 137.4646825396824 
253.44953932417087 218.06785714285706 
312.56065222919705 124.99047619047604 
318.2701185415843 121.72619047619035 
323.445033762988 120.4472222222221 
324.21022487857675 104.69682539682523 
563.6907839015275 24.060714285714283 
573.2053967771047 4.923015873015873 
356.1411240113314 77.3757936507936 
566.7095273650184 13.086111111111109 
586.2502034051536 3.128968253968254 
378.0108950859748 68.3952380952381 
365.2356767937542 70.97023809523809 
345.9178067856246 84.46031746031734 
336.7470625232807 92.92579365079351 
329.38514009998033 103.41785714285699 
323.69508941912983 108.2003968253967 
311.27104275293794 128.02103174603164 
306.0961275315343 129.29999999999984 
300.38666121914713 132.56428571428552 
296.1570356049106 133.83333333333314 
462.17273378168767 52.863095238095276 
286.67108722145133 144.7015873015871 
282.0604159080862 149.39404761904743 
277.37875816921826 151.91825396825377 
273.0255964838342 157.4944444444442 
268.62946450948925 158.2412698412696 
264.4899712224787 168.23690476190453 
261.25622921637535 174.02738095238078 
258.80451252582645 179.6920634920633 
530.9434454824689 31.5202380952381 
255.2374947347111 185.7492063492062 
496.38594813401943 47.9416666666667 
440.72318995880784 57.23492063492068 
420.3340377537484 66.8968253968254 

