499.1237847352847 38.324206349206364 
462.17273378168767 52.863095238095276 
535.6671603375333 24.50912698412698 
323.2510786162324 121.46309523809515 
287.12523992269485 137.4646825396824 
253.44953932417087 218.06785714285706 
365.2356767937542 70.97023809523809 
356.1411240113314 77.3757936507936 
345.9178067856246 84.46031746031734 
336.7470625232807 92.92579365079351 
329.38514009998033 103.41785714285699 
323.69508941912983 108.2003968253967 
317.75498308213736 125.22976190476179 
311.27104275293794 128.02103174603164 
306.0961275315343 129.29999999999984 
300.38666121914713 132.56428571428552 
296.1570356049106 133.83333333333314 
286.67108722145133 144.7015873015871 
282.0604159080862 149.39404761904743 
277.37875816921826 151.91825396825377 
273.0255964838342 157.4944444444442 
268.62946450948925 158.2412698412696 
264.4899712224787 168.23690476190453 
261.25622921637535 174.02738095238078 
258.80451252582645 179.6920634920633 
255.2374947347111 185.7492063492062 
440.72318995880784 57.23492063492068 
420.3340377537484 66.8968253968254 
405.8577705074777 69.4718253968254 
389.9310713521761 70.85912698412697 

499.1901156996065 39.005952380952394 
535.6671603375333 24.50912698412698 
462.17273378168767 52.863095238095276 
323.2510786162324 121.46309523809515 
287.12523992269485 137.4646825396824 
253.44953932417087 218.06785714285706 
573.2053967771047 4.923015873015873 
566.7095273650184 13.086111111111109 
586.2502034051536 3.128968253968254 
365.2356767937542 70.97023809523809 
356.1411240113314 77.3757936507936 
345.9178067856246 84.46031746031734 
336.7470625232807 92.92579365079351 
329.38514009998033 103.41785714285699 
323.69508941912983 108.2003968253967 
317.75498308213736 125.22976190476179 
311.27104275293794 128.02103174603164 
306.0961275315343 129.29999999999984 
300.38666121914713 132.56428571428552 
296.1570356049106 133.83333333333314 
286.67108722145133 144.7015873015871 
282.0604159080862 149.39404761904743 
277.37875816921826 151.91825396825377 
273.0255964838342 157.4944444444442 
268.62946450948925 158.2412698412696 
264.4899712224787 168.23690476190453 
261.25622921637535 174.02738095238078 
258.80451252582645 179.6920634920633 
255.2374947347111 185.7492063492062 
440.72318995880784 57.23492063492068 
420.3340377537484 66.8968253968254 
405.8577705074777 69.4718253968254 
389.9310713521761 70.85912698412697 

535.80421932202 24.22261904761904 
462.17273378168767 52.863095238095276 
323.2510786162324 121.46309523809515 
287.12523992269485 137.4646825396824 
253.44953932417087 218.06785714285706 
573.2053967771047 4.923015873015873 
566.7095273650184 13.086111111111109 
586.2502034051536 3.128968253968254 
365.2356767937542 70.97023809523809 
356.1411240113314 77.3757936507936 
345.9178067856246 84.46031746031734 
336.7470625232807 92.92579365079351 
329.38514009998033 103.41785714285699 
323.69508941912983 108.2003968253967 
317.75498308213736 125.22976190476179 
311.27104275293794 128.02103174603164 
306.0961275315343 129.29999999999984 
300.38666121914713 132.56428571428552 
296.1570356049106 133.83333333333314 
286.67108722145133 144.7015873015871 
282.0604159080862 149.39404761904743 
277.37875816921826 151.91825396825377 
273.0255964838342 157.4944444444442 
268.62946450948925 158.2412698412696 
264.4899712224787 168.23690476190453 
261.25622921637535 174.02738095238078 
258.80451252582645 179.6920634920633 
255.2374947347111 185.7492063492062 
440.72318995880784 57.23492063492068 
420.3340377537484 66.8968253968254 
405.8577705074777 69.4718253968254 
389.9310713521761 70.85912698412697 

535.6671603375333 24.50912698412698 
462.17273378168767 52.863095238095276 
323.2510786162324 121.46309523809515 
287.12523992269485 137.4646825396824 
253.44953932417087 218.06785714285706 
573.2053967771047 4.923015873015873 
566.7095273650184 13.086111111111109 
586.2502034051536 3.128968253968254 
365.2356767937542 70.97023809523809 
356.1411240113314 77.3757936507936 
345.9178067856246 84.46031746031734 
336.7470625232807 92.92579365079351 
329.38514009998033 103.41785714285699 
323.69508941912983 108.2003968253967 
317.75498308213736 125.22976190476179 
311.27104275293794 128.02103174603164 
306.0961275315343 129.29999999999984 
300.38666121914713 132.56428571428552 
296.1570356049106 133.83333333333314 
286.67108722145133 144.7015873015871 
282.0604159080862 149.39404761904743 
277.37875816921826 151.91825396825377 
273.0255964838342 157.4944444444442 
268.62946450948925 158.2412698412696 
264.4899712224787 168.23690476190453 
261.25622921637535 174.02738095238078 
258.80451252582645 179.6920634920633 
255.2374947347111 185.7492063492062 
440.72318995880784 57.23492063492068 
420.3340377537484 66.8968253968254 
405.8577705074777 69.4718253968254 
389.9310713521761 70.85912698412697 

535.6671603375333 24.50912698412698 
462.17273378168767 52.863095238095276 
323.2510786162324 121.46309523809515 
287.12523992269485 137.4646825396824 
253.44953932417087 218.06785714285706 
573.2053967771047 4.923015873015873 
566.7095273650184 13.086111111111109 
586.2502034051536 3.128968253968254 
365.2356767937542 70.97023809523809 
356.1411240113314 77.3757936507936 
345.9178067856246 84.46031746031734 
336.7470625232807 92.92579365079351 
329.38514009998033 103.41785714285699 
323.69508941912983 108.2003968253967 
317.75498308213736 125.22976190476179 
311.27104275293794 128.02103174603164 
306.0961275315343 129.29999999999984 
300.38666121914713 132.56428571428552 
296.1570356049106 133.83333333333314 
286.67108722145133 144.7015873015871 
282.0604159080862 149.39404761904743 
277.37875816921826 151.91825396825377 
273.0255964838342 157.4944444444442 
268.62946450948925 158.2412698412696 
264.4899712224787 168.23690476190453 
261.25622921637535 174.02738095238078 
258.80451252582645 179.6920634920633 
255.2374947347111 185.7492063492062 
440.72318995880784 57.23492063492068 
420.3340377537484 66.8968253968254 
405.8577705074777 69.4718253968254 
389.9310713521761 70.85912698412697 

535.4341637735192 24.423015873015867 
462.17273378168767 52.863095238095276 
323.2510786162324 121.46309523809515 
287.12523992269485 137.4646825396824 
253.44953932417087 218.06785714285706 
573.2053967771047 4.923015873015873 
566.7095273650184 13.086111111111109 
586.2502034051536 3.128968253968254 
365.2356767937542 70.97023809523809 
356.1411240113314 77.3757936507936 
345.9178067856246 84.46031746031734 
336.7470625232807 92.92579365079351 
329.38514009998033 103.41785714285699 
323.69508941912983 108.2003968253967 
317.75498308213736 125.22976190476179 
311.27104275293794 128.02103174603164 
306.0961275315343 129.29999999999984 
300.38666121914713 132.56428571428552 
296.1570356049106 133.83333333333314 
286.67108722145133 144.7015873015871 
282.0604159080862 149.39404761904743 
277.37875816921826 151.91825396825377 
273.0255964838342 157.4944444444442 
268.62946450948925 158.2412698412696 
264.4899712224787 168.23690476190453 
261.25622921637535 174.02738095238078 
258.80451252582645 179.6920634920633 
255.2374947347111 185.7492063492062 
496.38594813401943 47.9416666666667 
440.72318995880784 57.23492063492068 
420.3340377537484 66.8968253968254 
405.8577705074777 69.4718253968254 
389.9310713521761 70.85912698412697 

462.17273378168767 52.863095238095276 
535.6671603375333 24.50912698412698 
323.2510786162324 121.46309523809515 
287.12523992269485 137.4646825396824 
253.44953932417087 218.06785714285706 
573.2053967771047 4.923015873015873 
566.7095273650184 13.086111111111109 
586.2502034051536 3.128968253968254 
365.2356767937542 70.97023809523809 
356.1411240113314 77.3757936507936 
345.9178067856246 84.46031746031734 
336.7470625232807 92.92579365079351 
329.38514009998033 103.41785714285699 
323.69508941912983 108.2003968253967 
317.75498308213736 125.22976190476179 
311.27104275293794 128.02103174603164 
306.0961275315343 129.29999999999984 
300.38666121914713 132.56428571428552 
296.1570356049106 133.83333333333314 
286.67108722145133 144.7015873015871 
282.0604159080862 149.39404761904743 
277.37875816921826 151.91825396825377 
273.0255964838342 157.4944444444442 
268.62946450948925 158.2412698412696 
264.4899712224787 168.23690476190453 
261.25622921637535 174.02738095238078 
258.80451252582645 179.6920634920633 
255.2374947347111 185.7492063492062 
440.72318995880784 57.23492063492068 
420.3340377537484 66.8968253968254 
405.8577705074777 69.4718253968254 
389.9310713521761 70.85912698412697 

535.6671603375333 24.50912698412698 
462.17273378168767 52.863095238095276 
323.2510786162324 121.46309523809515 
287.12523992269485 137.4646825396824 
253.44953932417087 218.06785714285706 
573.2053967771047 4.923015873015873 
566.7095273650184 13.086111111111109 
586.2502034051536 3.128968253968254 
365.2356767937542 70.97023809523809 
356.1411240113314 77.3757936507936 
345.9178067856246 84.46031746031734 
336.7470625232807 92.92579365079351 
329.38514009998033 103.41785714285699 
323.69508941912983 108.2003968253967 
317.75498308213736 125.22976190476179 
311.27104275293794 128.02103174603164 
306.0961275315343 129.29999999999984 
300.38666121914713 132.56428571428552 
296.1570356049106 133.83333333333314 
286.67108722145133 144.7015873015871 
282.0604159080862 149.39404761904743 
277.37875816921826 151.91825396825377 
273.0255964838342 157.4944444444442 
268.62946450948925 158.2412698412696 
264.4899712224787 168.23690476190453 
261.25622921637535 174.02738095238078 
258.80451252582645 179.6920634920633 
255.2374947347111 185.7492063492062 
440.72318995880784 57.23492063492068 
420.3340377537484 66.8968253968254 
405.8577705074777 69.4718253968254 
389.9310713521761 70.85912698412697 

535.6671603375333 24.50912698412698 
498.85902268258076 38.03769841269843 
462.17273378168767 52.863095238095276 
323.2510786162324 121.46309523809515 
287.12523992269485 137.4646825396824 
253.44953932417087 218.06785714285706 
573.2053967771047 4.923015873015873 
566.7095273650184 13.086111111111109 
586.2502034051536 3.128968253968254 
365.2356767937542 70.97023809523809 
356.1411240113314 77.3757936507936 
345.9178067856246 84.46031746031734 
336.7470625232807 92.92579365079351 
329.38514009998033 103.41785714285699 
323.69508941912983 108.2003968253967 
317.75498308213736 125.22976190476179 
311.27104275293794 128.02103174603164 
306.0961275315343 129.29999999999984 
300.38666121914713 132.56428571428552 
296.1570356049106 133.83333333333314 
286.67108722145133 144.7015873015871 
282.0604159080862 149.39404761904743 
277.37875816921826 151.91825396825377 
273.0255964838342 157.4944444444442 
268.62946450948925 158.2412698412696 
264.4899712224787 168.23690476190453 
261.25622921637535 174.02738095238078 
258.80451252582645 179.6920634920633 
255.2374947347111 185.7492063492062 
440.72318995880784 57.23492063492068 
420.3340377537484 66.8968253968254 
405.8577705074777 69.4718253968254 
389.9310713521761 70.85912698412697 

535.6671603375333 24.50912698412698 
535.80421932202 24.22261904761904 
462.17273378168767 52.863095238095276 
323.2510786162324 121.46309523809515 
300.38666121914713 132.56428571428552 
291.95071474640935 140.9309523809522 
282.0604159080862 149.39404761904743 
255.2374947347111 185.7492063492062 
440.72318995880784 57.23492063492068 
420.3340377537484 66.8968253968254 
566.7095273650184 13.086111111111109 
586.2502034051536 3.128968253968254 
345.9178067856246 84.46031746031734 
323.69508941912983 108.2003968253967 
311.27104275293794 128.02103174603164 
296.1570356049106 133.83333333333314 
286.67108722145133 144.7015873015871 
268.62946450948925 158.2412698412696 
264.4899712224787 168.23690476190453 
573.2053967771047 4.923015873015873 
365.2356767937542 70.97023809523809 
356.1411240113314 77.3757936507936 
329.38514009998033 103.41785714285699 
277.37875816921826 151.91825396825377 
261.25622921637535 174.02738095238078 
258.80451252582645 179.6920634920633 
405.8577705074777 69.4718253968254 
389.9310713521761 70.85912698412697 

462.17273378168767 52.863095238095276 
535.6671603375333 24.50912698412698 
535.80421932202 24.22261904761904 
323.2510786162324 121.46309523809515 
287.12523992269485 137.4646825396824 
253.44953932417087 218.06785714285706 
573.2053967771047 4.923015873015873 
566.7095273650184 13.086111111111109 
586.2502034051536 3.128968253968254 
365.2356767937542 70.97023809523809 
356.1411240113314 77.3757936507936 
345.9178067856246 84.46031746031734 
336.7470625232807 92.92579365079351 
329.38514009998033 103.41785714285699 
323.69508941912983 108.2003968253967 
317.75498308213736 125.22976190476179 
311.27104275293794 128.02103174603164 
306.0961275315343 129.29999999999984 
300.38666121914713 132.56428571428552 
296.1570356049106 133.83333333333314 
286.67108722145133 144.7015873015871 
282.0604159080862 149.39404761904743 
277.37875816921826 151.91825396825377 
273.0255964838342 157.4944444444442 
268.62946450948925 158.2412698412696 
264.4899712224787 168.23690476190453 
261.25622921637535 174.02738095238078 
258.80451252582645 179.6920634920633 
255.2374947347111 185.7492063492062 
440.72318995880784 57.23492063492068 
420.3340377537484 66.8968253968254 
405.8577705074777 69.4718253968254 
389.9310713521761 70.85912698412697 

462.17273378168767 52.863095238095276 
535.6671603375333 24.50912698412698 
323.2510786162324 121.46309523809515 
287.12523992269485 137.4646825396824 
253.44953932417087 218.06785714285706 
365.2356767937542 70.97023809523809 
356.1411240113314 77.3757936507936 
345.9178067856246 84.46031746031734 
336.7470625232807 92.92579365079351 
329.38514009998033 103.41785714285699 
323.69508941912983 108.2003968253967 
317.75498308213736 125.22976190476179 
311.27104275293794 128.02103174603164 
306.0961275315343 129.29999999999984 
300.38666121914713 132.56428571428552 
296.1570356049106 133.83333333333314 
286.67108722145133 144.7015873015871 
282.0604159080862 149.39404761904743 
277.37875816921826 151.91825396825377 
273.0255964838342 157.4944444444442 
268.62946450948925 158.2412698412696 
264.4899712224787 168.23690476190453 
261.25622921637535 174.02738095238078 
258.80451252582645 179.6920634920633 
255.2374947347111 185.7492063492062 
496.38594813401943 47.9416666666667 
440.72318995880784 57.23492063492068 
420.3340377537484 66.8968253968254 
405.8577705074777 69.4718253968254 
389.9310713521761 70.85912698412697 

535.6671603375333 24.50912698412698 
462.17273378168767 52.863095238095276 
323.2510786162324 121.46309523809515 
287.12523992269485 137.4646825396824 
253.44953932417087 218.06785714285706 
573.2053967771047 4.923015873015873 
566.7095273650184 13.086111111111109 
586.2502034051536 3.128968253968254 
365.2356767937542 70.97023809523809 
356.1411240113314 77.3757936507936 
345.9178067856246 84.46031746031734 
336.7470625232807 92.92579365079351 
329.38514009998033 103.41785714285699 
323.69508941912983 108.2003968253967 
317.75498308213736 125.22976190476179 
311.27104275293794 128.02103174603164 
306.0961275315343 129.29999999999984 
300.38666121914713 132.56428571428552 
296.1570356049106 133.83333333333314 
286.67108722145133 144.7015873015871 
282.0604159080862 149.39404761904743 
277.37875816921826 151.91825396825377 
273.0255964838342 157.4944444444442 
268.62946450948925 158.2412698412696 
264.4899712224787 168.23690476190453 
261.25622921637535 174.02738095238078 
258.80451252582645 179.6920634920633 
255.2374947347111 185.7492063492062 
496.38594813401943 47.9416666666667 
440.72318995880784 57.23492063492068 
420.3340377537484 66.8968253968254 
405.8577705074777 69.4718253968254 
389.9310713521761 70.85912698412697 

535.6671603375333 24.50912698412698 
462.17273378168767 52.863095238095276 
323.2510786162324 121.46309523809515 
287.12523992269485 137.4646825396824 
253.44953932417087 218.06785714285706 
573.2053967771047 4.923015873015873 
566.7095273650184 13.086111111111109 
586.2502034051536 3.128968253968254 
365.2356767937542 70.97023809523809 
356.1411240113314 77.3757936507936 
345.9178067856246 84.46031746031734 
336.7470625232807 92.92579365079351 
329.38514009998033 103.41785714285699 
323.69508941912983 108.2003968253967 
317.75498308213736 125.22976190476179 
311.27104275293794 128.02103174603164 
306.0961275315343 129.29999999999984 
300.38666121914713 132.56428571428552 
296.1570356049106 133.83333333333314 
286.67108722145133 144.7015873015871 
282.0604159080862 149.39404761904743 
277.37875816921826 151.91825396825377 
273.0255964838342 157.4944444444442 
268.62946450948925 158.2412698412696 
264.4899712224787 168.23690476190453 
261.25622921637535 174.02738095238078 
258.80451252582645 179.6920634920633 
255.2374947347111 185.7492063492062 
440.72318995880784 57.23492063492068 
420.3340377537484 66.8968253968254 
405.8577705074777 69.4718253968254 
389.9310713521761 70.85912698412697 

535.80421932202 24.22261904761904 
462.17273378168767 52.863095238095276 
323.2510786162324 121.46309523809515 
287.12523992269485 137.4646825396824 
253.44953932417087 218.06785714285706 
573.2053967771047 4.923015873015873 
566.7095273650184 13.086111111111109 
586.2502034051536 3.128968253968254 
365.2356767937542 70.97023809523809 
356.1411240113314 77.3757936507936 
345.9178067856246 84.46031746031734 
336.7470625232807 92.92579365079351 
329.38514009998033 103.41785714285699 
323.69508941912983 108.2003968253967 
317.75498308213736 125.22976190476179 
311.27104275293794 128.02103174603164 
306.0961275315343 129.29999999999984 
300.38666121914713 132.56428571428552 
296.1570356049106 133.83333333333314 
286.67108722145133 144.7015873015871 
282.0604159080862 149.39404761904743 
277.37875816921826 151.91825396825377 
273.0255964838342 157.4944444444442 
268.62946450948925 158.2412698412696 
264.4899712224787 168.23690476190453 
261.25622921637535 174.02738095238078 
258.80451252582645 179.6920634920633 
255.2374947347111 185.7492063492062 
440.72318995880784 57.23492063492068 
420.3340377537484 66.8968253968254 
405.8577705074777 69.4718253968254 
389.9310713521761 70.85912698412697 

535.6671603375333 24.50912698412698 
462.17273378168767 52.863095238095276 
323.2510786162324 121.46309523809515 
287.12523992269485 137.4646825396824 
253.44953932417087 218.06785714285706 
573.2053967771047 4.923015873015873 
566.7095273650184 13.086111111111109 
586.2502034051536 3.128968253968254 
365.2356767937542 70.97023809523809 
356.1411240113314 77.3757936507936 
345.9178067856246 84.46031746031734 
336.7470625232807 92.92579365079351 
329.38514009998033 103.41785714285699 
323.69508941912983 108.2003968253967 
317.75498308213736 125.22976190476179 
311.27104275293794 128.02103174603164 
306.0961275315343 129.29999999999984 
300.38666121914713 132.56428571428552 
296.1570356049106 133.83333333333314 
286.67108722145133 144.7015873015871 
282.0604159080862 149.39404761904743 
277.37875816921826 151.91825396825377 
273.0255964838342 157.4944444444442 
268.62946450948925 158.2412698412696 
264.4899712224787 168.23690476190453 
261.25622921637535 174.02738095238078 
258.80451252582645 179.6920634920633 
255.2374947347111 185.7492063492062 
440.72318995880784 57.23492063492068 
420.3340377537484 66.8968253968254 
405.8577705074777 69.4718253968254 
389.9310713521761 70.85912698412697 

535.6671603375333 24.50912698412698 
462.17273378168767 52.863095238095276 
287.12523992269485 137.4646825396824 
345.9178067856246 84.46031746031734 
336.7470625232807 92.92579365079351 
329.38514009998033 103.41785714285699 
323.69508941912983 108.2003968253967 
317.75498308213736 125.22976190476179 
306.0961275315343 129.29999999999984 
261.25622921637535 174.02738095238078 
389.9310713521761 70.85912698412697 
253.44953932417087 218.06785714285706 
567.2716849849685 16.702777777777776 
356.1411240113314 77.3757936507936 
300.38666121914713 132.56428571428552 
282.0604159080862 149.39404761904743 
273.0255964838342 157.4944444444442 
258.80451252582645 179.6920634920633 
440.72318995880784 57.23492063492068 
377.65152050728767 70.97023809523809 
323.2510786162324 121.46309523809515 
270.91144692506776 173.09801587301573 
573.2053967771047 4.923015873015873 
432.05479945733686 69.88928571428573 
286.67108722145133 144.7015873015871 
277.37875816921826 151.91825396825377 
255.2374947347111 185.7492063492062 

462.17273378168767 52.863095238095276 
535.6671603375333 24.50912698412698 
323.2510786162324 121.46309523809515 
287.12523992269485 137.4646825396824 
253.44953932417087 218.06785714285706 
573.2053967771047 4.923015873015873 
566.7095273650184 13.086111111111109 
586.2502034051536 3.128968253968254 
365.2356767937542 70.97023809523809 
356.1411240113314 77.3757936507936 
345.9178067856246 84.46031746031734 
336.7470625232807 92.92579365079351 
329.38514009998033 103.41785714285699 
323.69508941912983 108.2003968253967 
317.75498308213736 125.22976190476179 
311.27104275293794 128.02103174603164 
306.0961275315343 129.29999999999984 
300.38666121914713 132.56428571428552 
296.1570356049106 133.83333333333314 
286.67108722145133 144.7015873015871 
282.0604159080862 149.39404761904743 
277.37875816921826 151.91825396825377 
273.0255964838342 157.4944444444442 
268.62946450948925 158.2412698412696 
264.4899712224787 168.23690476190453 
261.25622921637535 174.02738095238078 
258.80451252582645 179.6920634920633 
255.2374947347111 185.7492063492062 
440.72318995880784 57.23492063492068 
420.3340377537484 66.8968253968254 
405.8577705074777 69.4718253968254 
389.9310713521761 70.85912698412697 

536.7166535811666 27.674206349206344 
586.2502034051536 3.128968253968254 
365.2356767937542 70.97023809523809 
356.1411240113314 77.3757936507936 
273.0255964838342 157.4944444444442 
405.8577705074777 69.4718253968254 
287.12523992269485 137.4646825396824 
530.5181566250682 47.880952380952394 
563.6907839015275 24.060714285714283 
532.3623794856292 47.41944444444448 
336.7470625232807 92.92579365079351 
317.75498308213736 125.22976190476179 
306.0961275315343 129.29999999999984 
277.37875816921826 151.91825396825377 
261.25622921637535 174.02738095238078 
255.2374947347111 185.7492063492062 
420.3340377537484 66.8968253968254 
253.44953932417087 218.06785714285706 
566.7095273650184 13.086111111111109 
296.1570356049106 133.83333333333314 
268.62946450948925 158.2412698412696 
258.80451252582645 179.6920634920633 
440.72318995880784 57.23492063492068 
323.69508941912983 108.2003968253967 
286.67108722145133 144.7015873015871 
264.4899712224787 168.23690476190453 

462.17273378168767 52.863095238095276 
535.6671603375333 24.50912698412698 
323.2510786162324 121.46309523809515 
287.12523992269485 137.4646825396824 
253.44953932417087 218.06785714285706 
573.2053967771047 4.923015873015873 
566.7095273650184 13.086111111111109 
586.2502034051536 3.128968253968254 
365.2356767937542 70.97023809523809 
356.1411240113314 77.3757936507936 
345.9178067856246 84.46031746031734 
336.7470625232807 92.92579365079351 
329.38514009998033 103.41785714285699 
323.69508941912983 108.2003968253967 
317.75498308213736 125.22976190476179 
311.27104275293794 128.02103174603164 
306.0961275315343 129.29999999999984 
300.38666121914713 132.56428571428552 
296.1570356049106 133.83333333333314 
286.67108722145133 144.7015873015871 
282.0604159080862 149.39404761904743 
277.37875816921826 151.91825396825377 
273.0255964838342 157.4944444444442 
268.62946450948925 158.2412698412696 
264.4899712224787 168.23690476190453 
261.25622921637535 174.02738095238078 
258.80451252582645 179.6920634920633 
255.2374947347111 185.7492063492062 
496.38594813401943 47.9416666666667 
440.72318995880784 57.23492063492068 
420.3340377537484 66.8968253968254 
405.8577705074777 69.4718253968254 
389.9310713521761 70.85912698412697 

462.17273378168767 52.863095238095276 
535.6671603375333 24.50912698412698 
323.2510786162324 121.46309523809515 
287.12523992269485 137.4646825396824 
253.44953932417087 218.06785714285706 
365.2356767937542 70.97023809523809 
356.1411240113314 77.3757936507936 
345.9178067856246 84.46031746031734 
336.7470625232807 92.92579365079351 
329.38514009998033 103.41785714285699 
323.69508941912983 108.2003968253967 
317.75498308213736 125.22976190476179 
311.27104275293794 128.02103174603164 
306.0961275315343 129.29999999999984 
300.38666121914713 132.56428571428552 
296.1570356049106 133.83333333333314 
286.67108722145133 144.7015873015871 
282.0604159080862 149.39404761904743 
277.37875816921826 151.91825396825377 
273.0255964838342 157.4944444444442 
268.62946450948925 158.2412698412696 
264.4899712224787 168.23690476190453 
261.25622921637535 174.02738095238078 
258.80451252582645 179.6920634920633 
255.2374947347111 185.7492063492062 
440.72318995880784 57.23492063492068 
420.3340377537484 66.8968253968254 
405.8577705074777 69.4718253968254 
389.9310713521761 70.85912698412697 

535.6671603375333 24.50912698412698 
462.17273378168767 52.863095238095276 
323.2510786162324 121.46309523809515 
287.12523992269485 137.4646825396824 
253.44953932417087 218.06785714285706 
573.2053967771047 4.923015873015873 
566.7095273650184 13.086111111111109 
586.2502034051536 3.128968253968254 
365.2356767937542 70.97023809523809 
356.1411240113314 77.3757936507936 
345.9178067856246 84.46031746031734 
336.7470625232807 92.92579365079351 
329.38514009998033 103.41785714285699 
323.69508941912983 108.2003968253967 
317.75498308213736 125.22976190476179 
311.27104275293794 128.02103174603164 
306.0961275315343 129.29999999999984 
300.38666121914713 132.56428571428552 
296.1570356049106 133.83333333333314 
286.67108722145133 144.7015873015871 
282.0604159080862 149.39404761904743 
277.37875816921826 151.91825396825377 
273.0255964838342 157.4944444444442 
268.62946450948925 158.2412698412696 
264.4899712224787 168.23690476190453 
261.25622921637535 174.02738095238078 
258.80451252582645 179.6920634920633 
255.2374947347111 185.7492063492062 
440.72318995880784 57.23492063492068 
420.3340377537484 66.8968253968254 
405.8577705074777 69.4718253968254 
389.9310713521761 70.85912698412697 

535.6671603375333 24.50912698412698 
462.17273378168767 52.863095238095276 
323.2510786162324 121.46309523809515 
287.12523992269485 137.4646825396824 
253.44953932417087 218.06785714285706 
573.2053967771047 4.923015873015873 
566.7095273650184 13.086111111111109 
586.2502034051536 3.128968253968254 
365.2356767937542 70.97023809523809 
356.1411240113314 77.3757936507936 
345.9178067856246 84.46031746031734 
336.7470625232807 92.92579365079351 
329.38514009998033 103.41785714285699 
323.69508941912983 108.2003968253967 
317.75498308213736 125.22976190476179 
311.27104275293794 128.02103174603164 
306.0961275315343 129.29999999999984 
300.38666121914713 132.56428571428552 
296.1570356049106 133.83333333333314 
286.67108722145133 144.7015873015871 
282.0604159080862 149.39404761904743 
277.37875816921826 151.91825396825377 
273.0255964838342 157.4944444444442 
268.62946450948925 158.2412698412696 
264.4899712224787 168.23690476190453 
261.25622921637535 174.02738095238078 
258.80451252582645 179.6920634920633 
255.2374947347111 185.7492063492062 
440.72318995880784 57.23492063492068 
420.3340377537484 66.8968253968254 
405.8577705074777 69.4718253968254 
389.9310713521761 70.85912698412697 

535.6671603375333 24.50912698412698 
462.17273378168767 52.863095238095276 
323.2510786162324 121.46309523809515 
287.12523992269485 137.4646825396824 
253.44953932417087 218.06785714285706 
573.2053967771047 4.923015873015873 
566.7095273650184 13.086111111111109 
586.2502034051536 3.128968253968254 
365.2356767937542 70.97023809523809 
356.1411240113314 77.3757936507936 
345.9178067856246 84.46031746031734 
336.7470625232807 92.92579365079351 
329.38514009998033 103.41785714285699 
323.69508941912983 108.2003968253967 
317.75498308213736 125.22976190476179 
311.27104275293794 128.02103174603164 
306.0961275315343 129.29999999999984 
300.38666121914713 132.56428571428552 
296.1570356049106 133.83333333333314 
286.67108722145133 144.7015873015871 
282.0604159080862 149.39404761904743 
277.37875816921826 151.91825396825377 
273.0255964838342 157.4944444444442 
268.62946450948925 158.2412698412696 
264.4899712224787 168.23690476190453 
261.25622921637535 174.02738095238078 
258.80451252582645 179.6920634920633 
255.2374947347111 185.7492063492062 
496.38594813401943 47.9416666666667 
440.72318995880784 57.23492063492068 
420.3340377537484 66.8968253968254 
405.8577705074777 69.4718253968254 
389.9310713521761 70.85912698412697 

535.4341637735192 24.423015873015867 
462.17273378168767 52.863095238095276 
323.2510786162324 121.46309523809515 
287.12523992269485 137.4646825396824 
253.44953932417087 218.06785714285706 
573.2053967771047 4.923015873015873 
566.7095273650184 13.086111111111109 
586.2502034051536 3.128968253968254 
365.2356767937542 70.97023809523809 
356.1411240113314 77.3757936507936 
345.9178067856246 84.46031746031734 
336.7470625232807 92.92579365079351 
329.38514009998033 103.41785714285699 
323.69508941912983 108.2003968253967 
317.75498308213736 125.22976190476179 
311.27104275293794 128.02103174603164 
306.0961275315343 129.29999999999984 
300.38666121914713 132.56428571428552 
296.1570356049106 133.83333333333314 
286.67108722145133 144.7015873015871 
282.0604159080862 149.39404761904743 
277.37875816921826 151.91825396825377 
273.0255964838342 157.4944444444442 
268.62946450948925 158.2412698412696 
264.4899712224787 168.23690476190453 
261.25622921637535 174.02738095238078 
258.80451252582645 179.6920634920633 
255.2374947347111 185.7492063492062 
440.72318995880784 57.23492063492068 
420.3340377537484 66.8968253968254 
405.8577705074777 69.4718253968254 
389.9310713521761 70.85912698412697 

462.17273378168767 52.863095238095276 
535.6671603375333 24.50912698412698 
323.2510786162324 121.46309523809515 
287.12523992269485 137.4646825396824 
253.44953932417087 218.06785714285706 
573.2053967771047 4.923015873015873 
566.7095273650184 13.086111111111109 
586.2502034051536 3.128968253968254 
365.2356767937542 70.97023809523809 
356.1411240113314 77.3757936507936 
345.9178067856246 84.46031746031734 
336.7470625232807 92.92579365079351 
329.38514009998033 103.41785714285699 
323.69508941912983 108.2003968253967 
317.75498308213736 125.22976190476179 
311.27104275293794 128.02103174603164 
306.0961275315343 129.29999999999984 
300.38666121914713 132.56428571428552 
296.1570356049106 133.83333333333314 
286.67108722145133 144.7015873015871 
282.0604159080862 149.39404761904743 
277.37875816921826 151.91825396825377 
273.0255964838342 157.4944444444442 
268.62946450948925 158.2412698412696 
264.4899712224787 168.23690476190453 
261.25622921637535 174.02738095238078 
258.80451252582645 179.6920634920633 
255.2374947347111 185.7492063492062 
440.72318995880784 57.23492063492068 
420.3340377537484 66.8968253968254 
405.8577705074777 69.4718253968254 
389.9310713521761 70.85912698412697 

462.17273378168767 52.863095238095276 
535.4195797278181 24.521825396825392 
530.5181566250682 47.880952380952394 
253.44953932417087 218.06785714285706 
573.2053967771047 4.923015873015873 
566.7095273650184 13.086111111111109 
311.27104275293794 128.02103174603164 
296.1570356049106 133.83333333333314 
286.67108722145133 144.7015873015871 
277.37875816921826 151.91825396825377 
268.62946450948925 158.2412698412696 
264.4899712224787 168.23690476190453 
258.80451252582645 179.6920634920633 
496.38594813401943 47.9416666666667 
535.6671603375333 24.50912698412698 
389.9310713521761 70.85912698412697 
586.2502034051536 3.128968253968254 
365.2356767937542 70.97023809523809 
345.9178067856246 84.46031746031734 
323.69508941912983 108.2003968253967 
317.75498308213736 125.22976190476179 
300.38666121914713 132.56428571428552 
291.95071474640935 140.9309523809522 
282.0604159080862 149.39404761904743 
420.3340377537484 66.8968253968254 

520.8627032421573 44.80555555555557 
462.17273378168767 52.863095238095276 
535.6671603375333 24.50912698412698 
521.0366336668882 39.365476190476215 
323.2510786162324 121.46309523809515 
287.12523992269485 137.4646825396824 
253.44953932417087 218.06785714285706 
573.2053967771047 4.923015873015873 
566.7095273650184 13.086111111111109 
586.2502034051536 3.128968253968254 
365.2356767937542 70.97023809523809 
356.1411240113314 77.3757936507936 
345.9178067856246 84.46031746031734 
336.7470625232807 92.92579365079351 
329.38514009998033 103.41785714285699 
323.69508941912983 108.2003968253967 
317.75498308213736 125.22976190476179 
311.27104275293794 128.02103174603164 
306.0961275315343 129.29999999999984 
300.38666121914713 132.56428571428552 
296.1570356049106 133.83333333333314 
286.67108722145133 144.7015873015871 
282.0604159080862 149.39404761904743 
277.37875816921826 151.91825396825377 
273.0255964838342 157.4944444444442 
268.62946450948925 158.2412698412696 
264.4899712224787 168.23690476190453 
261.25622921637535 174.02738095238078 
258.80451252582645 179.6920634920633 
255.2374947347111 185.7492063492062 
496.38594813401943 47.9416666666667 
440.72318995880784 57.23492063492068 
420.3340377537484 66.8968253968254 
405.8577705074777 69.4718253968254 
389.9310713521761 70.85912698412697 

535.6671603375333 24.50912698412698 
462.17273378168767 52.863095238095276 
323.2510786162324 121.46309523809515 
287.12523992269485 137.4646825396824 
253.44953932417087 218.06785714285706 
573.2053967771047 4.923015873015873 
566.7095273650184 13.086111111111109 
586.2502034051536 3.128968253968254 
365.2356767937542 70.97023809523809 
356.1411240113314 77.3757936507936 
345.9178067856246 84.46031746031734 
336.7470625232807 92.92579365079351 
329.38514009998033 103.41785714285699 
323.69508941912983 108.2003968253967 
317.75498308213736 125.22976190476179 
311.27104275293794 128.02103174603164 
306.0961275315343 129.29999999999984 
300.38666121914713 132.56428571428552 
296.1570356049106 133.83333333333314 
286.67108722145133 144.7015873015871 
282.0604159080862 149.39404761904743 
277.37875816921826 151.91825396825377 
273.0255964838342 157.4944444444442 
268.62946450948925 158.2412698412696 
264.4899712224787 168.23690476190453 
261.25622921637535 174.02738095238078 
258.80451252582645 179.6920634920633 
255.2374947347111 185.7492063492062 
440.72318995880784 57.23492063492068 
420.3340377537484 66.8968253968254 
405.8577705074777 69.4718253968254 
389.9310713521761 70.85912698412697 

462.17273378168767 52.863095238095276 
535.6671603375333 24.50912698412698 
323.2510786162324 121.46309523809515 
287.12523992269485 137.4646825396824 
253.44953932417087 218.06785714285706 
573.2053967771047 4.923015873015873 
566.7095273650184 13.086111111111109 
586.2502034051536 3.128968253968254 
365.2356767937542 70.97023809523809 
356.1411240113314 77.3757936507936 
345.9178067856246 84.46031746031734 
336.7470625232807 92.92579365079351 
329.38514009998033 103.41785714285699 
323.69508941912983 108.2003968253967 
317.75498308213736 125.22976190476179 
311.27104275293794 128.02103174603164 
306.0961275315343 129.29999999999984 
300.38666121914713 132.56428571428552 
296.1570356049106 133.83333333333314 
286.67108722145133 144.7015873015871 
282.0604159080862 149.39404761904743 
277.37875816921826 151.91825396825377 
273.0255964838342 157.4944444444442 
268.62946450948925 158.2412698412696 
264.4899712224787 168.23690476190453 
261.25622921637535 174.02738095238078 
258.80451252582645 179.6920634920633 
255.2374947347111 185.7492063492062 
440.72318995880784 57.23492063492068 
420.3340377537484 66.8968253968254 
405.8577705074777 69.4718253968254 
389.9310713521761 70.85912698412697 

