411.65036339494947 58.01587301587307 
306.0961275315343 129.29999999999984 
345.9178067856246 84.46031746031734 
357.2854181213357 77.28611111111105 
268.62946450948925 158.2412698412696 
533.6141122298707 13.194841269841264 
329.38514009998033 103.41785714285699 
456.3179221739708 39.529761904761926 
525.0560948284494 19.56031746031746 
305.64183807392595 130.55793650793635 
487.9376081276584 23.871031746031747 
457.7709152837724 37.204761904761924 
323.2510786162324 121.46309523809515 
365.2356767937542 70.97023809523809 
394.52720092483906 64.73730158730162 
282.0604159080862 149.39404761904743 
435.6081059033983 46.095634920634936 
273.0255964838342 157.4944444444442 
548.9991132910917 9.891666666666664 
317.72840138001015 121.7162698412697 
470.66441157212444 28.97936507936508 
420.08022259492446 54.241666666666696 
277.37875816921826 151.91825396825377 
336.7470625232807 92.92579365079351 
586.2502034051536 3.128968253968254 
356.1411240113314 77.3757936507936 
378.0108950859748 68.3952380952381 
465.5965817626909 34.182539682539705 
363.1386696441857 74.80436507936506 
258.80451252582645 179.6920634920633 
253.44953932417087 218.06785714285706 
296.1570356049106 133.83333333333314 
387.3425866688309 67.60873015873017 
261.25622921637535 174.02738095238078 
439.8094464952209 44.289285714285725 
503.5167134113964 21.348015873015868 
323.474317595615 119.33412698412685 
417.65253917841653 56.81904761904768 
312.56065222919705 124.99047619047604 
287.12523992269485 137.4646825396824 
377.5152276386425 70.85912698412697 
264.4899712224787 168.23690476190453 
444.9956969915519 39.779761904761926 
398.4000472910344 58.73333333333337 
323.6756737875931 106.68214285714268 
255.2374947347111 185.7492063492062 
300.38666121914713 132.56428571428552 
323.445033762988 120.4472222222221 
425.0283172166748 46.30555555555557 

389.8955857761809 58.973809523809564 
324.21022487857675 104.69682539682523 
436.0652903808601 43.20000000000001 
446.66984916739625 40.617857142857176 
548.9991132910917 9.891666666666664 
516.8137421307721 18.450396825396822 
456.45444258591965 33.53809523809525 
268.62946450948925 158.2412698412696 
467.0590013724557 30.955952380952397 
500.0411852764231 22.24365079365079 
416.3875527438334 45.156349206349226 
586.2502034051536 3.128968253968254 
329.38514009998033 103.41785714285699 
347.0430420445926 81.88928571428563 
401.5325555976773 58.44285714285719 
438.4929737973681 40.62261904761906 
487.9376081276584 23.871031746031747 
486.0814016555741 29.507142857142867 
350.46410233997244 81.13690476190466 
356.1411240113314 77.3757936507936 
365.2356767937542 70.97023809523809 
403.3766439562017 50.264682539682575 
273.0255964838342 157.4944444444442 
331.10520051860857 100.84603174603158 
450.3005637737299 36.540079365079386 
323.6756737875931 106.68214285714268 
546.9059398488755 13.02063492063492 
287.12523992269485 137.4646825396824 
336.7470625232807 92.92579365079351 
253.44953932417087 218.06785714285706 
568.5466102899845 8.351984126984126 
255.2374947347111 185.7492063492062 
277.37875816921826 151.91825396825377 
264.4899712224787 168.23690476190453 
378.6705260820386 61.18174603174608 
318.52017419772613 109.47936507936492 
306.0961275315343 129.29999999999984 
300.38666121914713 132.56428571428552 
282.0604159080862 149.39404761904743 
529.5455869564324 16.656349206349205 
258.80451252582645 179.6920634920633 
295.7050034802791 135.08849206349186 
261.25622921637535 174.02738095238078 
345.9178067856246 84.46031746031734 
368.8155594879197 64.80039682539685 
311.6802971876661 116.86706349206338 
376.61753053557464 64.72857142857146 

548.9991132910917 9.891666666666664 
316.88337399139436 122.71230158730143 
323.6756737875931 106.68214285714268 
479.6520330713638 31.90555555555556 
253.44953932417087 218.06785714285706 
481.45948311178194 26.342460317460322 
312.56065222919705 124.99047619047604 
586.2502034051536 3.128968253968254 
529.5455869564324 16.656349206349205 
516.8137421307721 18.450396825396822 
268.62946450948925 158.2412698412696 
336.7470625232807 92.92579365079351 
401.68049774234504 59.50158730158735 
300.38666121914713 132.56428571428552 
356.1411240113314 77.3757936507936 
568.5466102899845 8.351984126984126 
255.2374947347111 185.7492063492062 
264.4899712224787 168.23690476190453 
319.5995535652116 109.38928571428556 
480.073805501546 28.769444444444446 
509.75205888239566 24.755158730158733 
418.4710831849099 45.15039682539685 
345.9178067856246 84.46031746031734 
287.12523992269485 137.4646825396824 
429.5734555600719 42.48452380952382 
379.8028234850067 64.76746031746033 
306.0961275315343 129.29999999999984 
406.52004904037045 58.011904761904795 
273.0255964838342 157.4944444444442 
449.90773676335743 38.69047619047621 
462.5560285477521 33.528968253968266 
350.52585694768004 82.50555555555545 
341.79546452758404 87.12023809523797 
258.80451252582645 179.6920634920633 
454.9969656366872 34.74801587301587 
536.5031669046922 11.685714285714285 
443.1891333435204 40.99166666666666 
348.6904401676158 83.26944444444436 
414.3626448916716 50.00000000000003 
282.0604159080862 149.39404761904743 
388.75733730545664 61.01785714285719 
318.2701185415843 121.72619047619035 
295.7759899057819 137.25674603174585 
365.2356767937542 70.97023809523809 
329.38514009998033 103.41785714285699 
277.37875816921826 151.91825396825377 
261.25622921637535 174.02738095238078 

529.134321053795 15.376587301587296 
502.8912314940319 20.58571428571429 
345.9178067856246 84.46031746031734 
392.0431337087682 64.53888888888892 
282.0604159080862 149.39404761904743 
253.44953932417087 218.06785714285706 
365.2356767937542 70.97023809523809 
306.8440198462192 126.25952380952367 
261.25622921637535 174.02738095238078 
286.67108722145133 144.7015873015871 
485.23788795637165 26.909920634920642 
464.0520400698518 36.412301587301606 
449.1944121022181 40.617857142857176 
356.1411240113314 77.3757936507936 
445.5128875908991 45.558333333333366 
397.65299500619926 63.211904761904805 
523.8410078839516 18.436904761904767 
329.38514009998033 103.41785714285699 
268.62946450948925 158.2412698412696 
534.5064421014258 11.780952380952378 
377.5152276386425 70.85912698412697 
575.3134468293505 1.794047619047619 
379.2679154165475 67.1138888888889 
467.5484559225988 33.53293650793651 
573.2053967771047 4.923015873015873 
300.38666121914713 132.56428571428552 
264.4899712224787 168.23690476190453 
455.4187410051176 37.19682539682541 
277.37875816921826 151.91825396825377 
419.23042953798625 51.08253968253972 
273.0255964838342 157.4944444444442 
255.2374947347111 185.7492063492062 
422.1881331445446 49.836507936507964 
437.0037827892974 46.43253968253971 
306.0961275315343 129.29999999999984 
336.6203851199267 100.4222222222221 
546.7404558139846 8.256746031746033 
318.7373721590045 118.6333333333332 
317.7355674506006 123.71150793650779 
323.69508941912983 108.2003968253967 
287.12523992269485 137.4646825396824 
336.7470625232807 92.92579365079351 
295.7050034802791 135.08849206349186 
312.56065222919705 124.99047619047604 
495.0312585391858 26.520634920634937 
258.80451252582645 179.6920634920633 
479.6520330713638 31.90555555555556 
404.6166664956713 54.86388888888894 

466.16647324465765 33.83531746031747 
318.2701185415843 121.72619047619035 
548.9991132910917 9.891666666666664 
392.0431337087682 64.53888888888892 
323.69508941912983 108.2003968253967 
414.38322756078554 56.526190476190514 
365.2356767937542 70.97023809523809 
477.0360891507878 30.45476190476191 
322.3170491319931 120.1412698412697 
351.2816208703964 82.75634920634911 
379.2679154165475 67.1138888888889 
295.10703369418894 136.33492063492045 
253.44953932417087 218.06785714285706 
437.38176307871294 46.86666666666669 
268.62946450948925 158.2412698412696 
586.2502034051536 3.128968253968254 
273.0255964838342 157.4944444444442 
300.38666121914713 132.56428571428552 
529.5455869564324 16.656349206349205 
312.56065222919705 124.99047619047604 
392.6471748357672 58.53968253968259 
358.98166148254955 74.73134920634917 
448.12241091905975 43.87896825396827 
261.25622921637535 174.02738095238078 
357.2854181213357 77.28611111111105 
452.1737722992787 41.607539682539695 
424.42558168717005 55.44087301587307 
446.12370807673386 46.300000000000026 
536.5031669046922 11.685714285714285 
525.0560948284494 19.56031746031746 
317.7355674506006 123.71150793650779 
424.6065447864924 49.44166666666671 
457.27524783644026 39.66865079365081 
258.80451252582645 179.6920634920633 
324.21022487857675 104.69682539682523 
377.5152276386425 70.85912698412697 
287.12523992269485 137.4646825396824 
345.9178067856246 84.46031746031734 
480.0494358894669 27.01031746031746 
487.9376081276584 23.871031746031747 
461.0703309067224 36.00436507936508 
306.0961275315343 129.29999999999984 
500.0411852764231 22.24365079365079 
469.0328613218755 32.04325396825398 
336.7470625232807 92.92579365079351 
329.38514009998033 103.41785714285699 
255.2374947347111 185.7492063492062 
282.0604159080862 149.39404761904743 
277.37875816921826 151.91825396825377 
422.75224148873644 55.96468253968259 
356.1411240113314 77.3757936507936 
264.4899712224787 168.23690476190453 

504.0235852608911 18.148412698412695 
287.12523992269485 137.4646825396824 
356.0710854705178 77.07539682539675 
324.21022487857675 104.69682539682523 
546.7404558139846 8.256746031746033 
481.96249316728245 29.32857142857144 
413.69781130001473 52.766666666666715 
503.5167134113964 21.348015873015868 
253.44953932417087 218.06785714285706 
542.9107596387021 16.67698412698412 
318.2701185415843 121.72619047619035 
426.93777455769424 39.06031746031747 
286.58779701966694 148.39325396825384 
500.6618442740505 25.086904761904762 
329.38514009998033 103.41785714285699 
470.00898893459726 31.52857142857144 
426.5279005940092 44.32380952380955 
282.0604159080862 149.39404761904743 
365.2356767937542 70.97023809523809 
277.37875816921826 151.91825396825377 
417.7495975492756 51.27698412698416 
448.362066980042 34.53055555555556 
300.38666121914713 132.56428571428552 
268.62946450948925 158.2412698412696 
255.2374947347111 185.7492063492062 
389.9212187612745 62.59404761904764 
402.75130805526896 54.15119047619049 
401.68049774234504 59.50158730158735 
345.9178067856246 84.46031746031734 
258.80451252582645 179.6920634920633 
586.2502034051536 3.128968253968254 
336.7470625232807 92.92579365079351 
418.28325261358367 48.77658730158731 
306.0961275315343 129.29999999999984 
323.69508941912983 108.2003968253967 
382.9668461216005 69.8734126984127 
318.52017419772613 109.47936507936492 
261.25622921637535 174.02738095238078 
312.55348615860635 122.99523809523795 
273.0255964838342 157.4944444444442 
311.27104275293794 128.02103174603164 
264.4899712224787 168.23690476190453 
434.21421921432096 34.64166666666667 
295.7759899057819 137.25674603174585 

453.8902387574629 42.10714285714289 
401.5325555976773 58.44285714285719 
296.1570356049106 133.83333333333314 
436.8860956313807 49.3305555555556 
255.2374947347111 185.7492063492062 
329.38514009998033 103.41785714285699 
345.9178067856246 84.46031746031734 
323.6756737875931 106.68214285714268 
356.1411240113314 77.3757936507936 
358.98166148254955 74.73134920634917 
471.73304279250476 36.37738095238097 
483.8718923183119 31.914682539682545 
261.25622921637535 174.02738095238078 
497.6651702896845 29.658730158730165 
365.2356767937542 70.97023809523809 
273.0255964838342 157.4944444444442 
378.0108950859748 68.3952380952381 
336.7470625232807 92.92579365079351 
529.5455869564324 16.656349206349205 
575.3134468293505 1.794047619047619 
568.5466102899845 8.351984126984126 
500.8276028589261 25.15 
377.5152276386425 70.85912698412697 
449.7663761792558 46.20595238095243 
415.3887663091881 53.28134920634925 
350.46410233997244 81.13690476190466 
306.0961275315343 129.29999999999984 
264.4899712224787 168.23690476190453 
536.5031669046922 11.685714285714285 
312.0189350676228 124.98055555555543 
326.95029839335746 103.6551587301586 
314.9255091872172 121.37023809523795 
287.12523992269485 137.4646825396824 
282.0604159080862 149.39404761904743 
258.80451252582645 179.6920634920633 
432.00587868178246 50.61547619047623 
268.62946450948925 158.2412698412696 
323.445033762988 120.4472222222221 
300.38666121914713 132.56428571428552 
459.25291224255125 41.405952380952385 
518.0947402507567 24.98333333333333 
277.37875816921826 151.91825396825377 
253.44953932417087 218.06785714285706 
524.9733922134697 20.870634920634917 

527.0439803112941 20.550396825396824 
273.0255964838342 157.4944444444442 
394.04218560122536 63.39880952380958 
345.9178067856246 84.46031746031734 
287.12523992269485 137.4646825396824 
350.46410233997244 81.13690476190466 
261.25622921637535 174.02738095238078 
536.5031669046922 11.685714285714285 
575.6957374577275 6.950396825396825 
402.908099366058 56.900000000000034 
401.68049774234504 59.50158730158735 
500.0411852764231 22.24365079365079 
296.1570356049106 133.83333333333314 
356.1411240113314 77.3757936507936 
496.3080163616932 30.28730158730159 
442.1668763426926 43.19087301587304 
323.69508941912983 108.2003968253967 
586.2502034051536 3.128968253968254 
314.9255091872172 121.37023809523795 
253.44953932417087 218.06785714285706 
391.4571805166382 66.58611111111111 
529.5455869564324 16.656349206349205 
424.35440844953735 48.29920634920639 
444.5945597592005 40.61349206349207 
258.80451252582645 179.6920634920633 
264.4899712224787 168.23690476190453 
413.5792512475384 50.70000000000006 
255.2374947347111 185.7492063492062 
300.38666121914713 132.56428571428552 
307.552670161616 129.2408730158729 
312.56065222919705 124.99047619047604 
282.0604159080862 149.39404761904743 
442.0855777773837 47.202380952381 
462.5560285477521 33.528968253968266 
462.47472998244314 37.540476190476205 
548.9991132910917 9.891666666666664 
365.2356767937542 70.97023809523809 
318.52017419772613 109.47936507936492 
336.7470625232807 92.92579365079351 
477.94817930390076 32.555158730158745 
380.4295141572813 67.50436507936509 
458.065393444141 38.26349206349209 
277.37875816921826 151.91825396825377 
329.38514009998033 103.41785714285699 
378.0108950859748 68.3952380952381 
268.62946450948925 158.2412698412696 
573.4518332560979 7.273015873015875 

345.9178067856246 84.46031746031734 
586.2502034051536 3.128968253968254 
394.52720092483906 64.73730158730162 
469.4132811834012 31.45912698412699 
329.38514009998033 103.41785714285699 
440.7645866840871 35.35277777777779 
323.69508941912983 108.2003968253967 
318.2701185415843 121.72619047619035 
261.25622921637535 174.02738095238078 
455.54613961577047 34.255952380952394 
402.23924422030785 53.88293650793655 
318.52017419772613 109.47936507936492 
287.12523992269485 137.4646825396824 
487.9376081276584 23.871031746031747 
365.2356767937542 70.97023809523809 
536.5031669046922 11.685714285714285 
356.1411240113314 77.3757936507936 
378.0108950859748 68.3952380952381 
255.2374947347111 185.7492063492062 
314.7578558672903 122.27380952380938 
399.85703038514396 62.05674603174607 
253.44953932417087 218.06785714285706 
436.6004450543615 39.2404761904762 
362.66647543156193 75.7464285714285 
568.5466102899845 8.351984126984126 
433.48814202746036 39.77142857142857 
385.6650109494895 66.08690476190476 
273.0255964838342 157.4944444444442 
336.7470625232807 92.92579365079351 
548.9991132910917 9.891666666666664 
467.5484559225988 33.53293650793651 
418.3179292611904 49.28134920634923 
525.0560948284494 19.56031746031746 
282.0604159080862 149.39404761904743 
268.62946450948925 158.2412698412696 
500.0411852764231 22.24365079365079 
295.7050034802791 135.08849206349186 
264.4899712224787 168.23690476190453 
422.8031178955354 42.437301587301604 
348.6904401676158 83.26944444444436 
277.37875816921826 151.91825396825377 
312.55348615860635 122.99523809523795 
306.8440198462192 126.25952380952367 
258.80451252582645 179.6920634920633 
300.38666121914713 132.56428571428552 
326.1112935274843 104.49603174603155 
529.5455869564324 16.656349206349205 
476.5549911577561 28.955555555555563 
332.1566658304312 97.26904761904746 

405.13614177633997 55.84722222222227 
534.4031961859636 14.814682539682535 
307.281024704239 128.76111111111098 
348.6904401676158 83.26944444444436 
328.1661483821545 103.04444444444432 
324.21022487857675 104.69682539682523 
323.6756737875931 106.68214285714268 
268.62946450948925 158.2412698412696 
317.7355674506006 123.71150793650779 
318.5007585661894 107.96111111111092 
346.97037974898757 85.8412698412697 
424.68988534103454 47.94325396825402 
287.12523992269485 137.4646825396824 
311.27104275293794 128.02103174603164 
273.0255964838342 157.4944444444442 
380.54660112590057 64.84841269841273 
393.430193097788 58.73809523809528 
397.2660562020665 56.18214285714286 
282.0604159080862 149.39404761904743 
487.9376081276584 23.871031746031747 
336.7470625232807 92.92579365079351 
264.4899712224787 168.23690476190453 
333.89899101329996 99.59761904761888 
437.8048448262877 46.07420634920637 
546.9059398488755 13.02063492063492 
306.0961275315343 129.29999999999984 
286.67108722145133 144.7015873015871 
525.0560948284494 19.56031746031746 
477.0360891507878 30.45476190476191 
358.6006385713361 75.88888888888881 
295.10703369418894 136.33492063492045 
300.38666121914713 132.56428571428552 
469.0328613218755 32.04325396825398 
445.079037546094 38.281349206349226 
313.61788055913047 124.64484126984112 
312.56065222919705 124.99047619047604 
296.1570356049106 133.83333333333314 
258.80451252582645 179.6920634920633 
367.77138283368 67.4234126984127 
485.93096333557503 26.85714285714286 
341.26091343660033 89.10555555555541 
463.3866174977198 37.09920634920637 
443.5940334271607 44.30634920634922 
499.8578437616924 21.27539682539682 
261.25622921637535 174.02738095238078 
277.37875816921826 151.91825396825377 
573.2053967771047 4.923015873015873 
417.41569262122823 55.73611111111116 
255.2374947347111 185.7492063492062 
381.1506422528996 58.8492063492064 

377.5152276386425 70.85912698412697 
548.9991132910917 9.891666666666664 
268.62946450948925 158.2412698412696 
529.5455869564324 16.656349206349205 
261.25622921637535 174.02738095238078 
501.34585340502684 25.36428571428571 
329.38514009998033 103.41785714285699 
264.4899712224787 168.23690476190453 
527.0439803112941 20.550396825396824 
481.14472069856737 27.351984126984128 
479.6520330713638 31.90555555555556 
441.2984816968971 39.24801587301587 
503.5167134113964 21.348015873015868 
273.0255964838342 157.4944444444442 
378.5250953047197 67.54484126984129 
323.6756737875931 106.68214285714268 
311.34086919428887 115.55634920634908 
318.5007585661894 107.96111111111092 
467.06135840423445 33.145238095238106 
422.1570136719611 55.68293650793655 
586.2502034051536 3.128968253968254 
329.7025344471933 100.39563492063479 
434.8715874270215 49.45912698412702 
441.1712798871888 46.93134920634924 
426.23319491343494 53.92222222222223 
347.06210089562876 84.37063492063481 
304.97871406153956 131.54166666666657 
455.6412492508887 39.13690476190477 
258.80451252582645 179.6920634920633 
401.68049774234504 59.50158730158735 
356.1411240113314 77.3757936507936 
277.37875816921826 151.91825396825377 
411.8235543964629 55.79404761904767 
336.7470625232807 92.92579365079351 
306.0961275315343 129.29999999999984 
282.0604159080862 149.39404761904743 
345.9178067856246 84.46031746031734 
365.2356767937542 70.97023809523809 
300.38666121914713 132.56428571428552 
287.12523992269485 137.4646825396824 
296.1570356049106 133.83333333333314 
255.2374947347111 185.7492063492062 
253.44953932417087 218.06785714285706 
390.8375148435538 62.32777777777781 

469.0849774512165 27.969841269841275 
514.3747916683214 22.344444444444445 
389.72242834391847 67.39325396825397 
385.16410671332557 67.96428571428572 
356.0710854705178 77.07539682539675 
377.5152276386425 70.85912698412697 
365.2356767937542 70.97023809523809 
536.5031669046922 11.685714285714285 
444.5945597592005 40.61349206349207 
312.0189350676228 124.98055555555543 
296.1570356049106 133.83333333333314 
300.38666121914713 132.56428571428552 
481.45948311178194 26.342460317460322 
255.2374947347111 185.7492063492062 
261.25622921637535 174.02738095238078 
287.12523992269485 137.4646825396824 
277.37875816921826 151.91825396825377 
329.38514009998033 103.41785714285699 
264.4899712224787 168.23690476190453 
273.0255964838342 157.4944444444442 
394.71144543630527 66.22658730158733 
253.44953932417087 218.06785714285706 
258.80451252582645 179.6920634920633 
405.7334467834756 54.99325396825398 
312.55348615860635 122.99523809523795 
502.8570497789892 25.128571428571426 
447.94141938449735 33.125396825396834 
317.72840138001015 121.7162698412697 
395.3874239390325 60.87976190476196 
282.0604159080862 149.39404761904743 
323.6756737875931 106.68214285714268 
429.0955992659165 44.70714285714289 
422.17133731076234 54.890079365079416 
336.7470625232807 92.92579365079351 
548.9991132910917 9.891666666666664 
586.2502034051536 3.128968253968254 
317.95904140461516 107.9511904761903 
306.8440198462192 126.25952380952367 
268.62946450948925 158.2412698412696 
523.249459886762 19.997619047619043 
382.9668461216005 69.8734126984127 
345.9178067856246 84.46031746031734 
529.5455869564324 16.656349206349205 
518.577969812573 22.03174603174603 

500.0411852764231 22.24365079365079 
479.43793023246053 29.32857142857144 
277.37875816921826 151.91825396825377 
365.2356767937542 70.97023809523809 
548.9991132910917 9.891666666666664 
481.45948311178194 26.342460317460322 
468.99128394989526 30.123412698412707 
451.159768246598 33.54484126984128 
311.4691506014457 115.33968253968241 
255.2374947347111 185.7492063492062 
462.5560285477521 33.528968253968266 
392.71892002783056 61.608333333333356 
382.9668461216005 69.8734126984127 
527.4351533150794 19.785317460317458 
546.9059398488755 13.02063492063492 
356.1411240113314 77.3757936507936 
407.9682463317069 53.03412698412702 
586.2502034051536 3.128968253968254 
258.80451252582645 179.6920634920633 
396.3535439616282 53.69682539682542 
434.21421921432096 34.64166666666667 
384.83462388752787 67.92420634920634 
348.6904401676158 83.26944444444436 
307.281024704239 128.76111111111098 
261.25622921637535 174.02738095238078 
273.0255964838342 157.4944444444442 
296.1570356049106 133.83333333333314 
350.52585694768004 82.50555555555545 
282.0604159080862 149.39404761904743 
428.9462225799362 39.95039682539684 
329.38514009998033 103.41785714285699 
413.8250670092613 44.303571428571466 
529.5455869564324 16.656349206349205 
323.6620187556004 103.65992063492048 
287.12523992269485 137.4646825396824 
345.9178067856246 84.46031746031734 
410.3959297482149 50.45674603174605 
264.4899712224787 168.23690476190453 
268.62946450948925 158.2412698412696 
341.79546452758404 87.12023809523797 
253.44953932417087 218.06785714285706 
300.38666121914713 132.56428571428552 
336.7470625232807 92.92579365079351 

481.71701306783507 30.52698412698414 
345.9178067856246 84.46031746031734 
401.68049774234504 59.50158730158735 
586.2502034051536 3.128968253968254 
429.9785547942679 51.796031746031765 
405.40161658207415 58.10515873015875 
385.0124643770146 67.76706349206349 
253.44953932417087 218.06785714285706 
323.3550150040101 116.13928571428558 
336.7470625232807 92.92579365079351 
314.9255091872172 121.37023809523795 
445.20742955763154 43.84444444444447 
255.2374947347111 185.7492063492062 
548.9991132910917 9.891666666666664 
261.25622921637535 174.02738095238078 
287.12523992269485 137.4646825396824 
536.5031669046922 11.685714285714285 
452.3031890513927 37.79246031746033 
434.844868239625 47.26468253968257 
500.0411852764231 22.24365079365079 
296.1570356049106 133.83333333333314 
312.55348615860635 122.99523809523795 
323.69508941912983 108.2003968253967 
365.2356767937542 70.97023809523809 
529.5455869564324 16.656349206349205 
439.7877682834134 44.01269841269843 
322.99434331172375 120.73333333333322 
264.4899712224787 168.23690476190453 
378.0108950859748 68.3952380952381 
358.98166148254955 74.73134920634917 
273.0255964838342 157.4944444444442 
469.0328613218755 32.04325396825398 
388.75733730545664 61.01785714285719 
311.93407242634225 125.11230158730146 
356.1411240113314 77.3757936507936 
300.38666121914713 132.56428571428552 
487.9376081276584 23.871031746031747 
277.37875816921826 151.91825396825377 
329.38514009998033 103.41785714285699 
423.805511496927 56.499603174603216 
282.0604159080862 149.39404761904743 
524.5737263540209 19.871825396825393 
426.4123342628349 54.45000000000004 
467.5484559225988 33.53293650793651 
455.6179556762955 36.33015873015874 
306.8440198462192 126.25952380952367 
258.80451252582645 179.6920634920633 
414.45571603456557 56.926587301587354 
268.62946450948925 158.2412698412696 

529.5455869564324 16.656349206349205 
436.1558923701947 45.65674603174606 
287.12523992269485 137.4646825396824 
336.7470625232807 92.92579365079351 
401.68049774234504 59.50158730158735 
356.1411240113314 77.3757936507936 
548.9991132910917 9.891666666666664 
345.9178067856246 84.46031746031734 
418.19442358164326 52.74126984126986 
378.0108950859748 68.3952380952381 
369.8515603717772 68.73333333333333 
379.2679154165475 67.1138888888889 
328.2840357310061 97.84126984126975 
338.14166319787756 87.38928571428563 
495.6667124012605 26.87579365079366 
311.41943927086413 115.4706349206348 
509.75205888239566 24.755158730158733 
258.80451252582645 179.6920634920633 
282.0604159080862 149.39404761904743 
568.5466102899845 8.351984126984126 
462.1909613283612 37.92023809523811 
318.52017419772613 109.47936507936492 
457.55902709884134 42.21706349206352 
307.0266926738375 128.52857142857127 
445.62762138177806 42.765873015873034 
323.6756737875931 106.68214285714268 
253.44953932417087 218.06785714285706 
264.4899712224787 168.23690476190453 
516.8137421307721 18.450396825396822 
379.57274169389035 63.11904761904767 
268.62946450948925 158.2412698412696 
586.2502034051536 3.128968253968254 
429.7225162469494 47.69325396825402 
428.9910095365661 51.863888888888916 
273.0255964838342 157.4944444444442 
296.1570356049106 133.83333333333314 
277.37875816921826 151.91825396825377 
544.3214696816291 14.696428571428564 
311.27104275293794 128.02103174603164 
261.25622921637535 174.02738095238078 
255.2374947347111 185.7492063492062 
365.2356767937542 70.97023809523809 
324.21022487857675 104.69682539682523 
403.6874472887829 55.42976190476195 
300.38666121914713 132.56428571428552 
465.0383493063295 32.23611111111113 

307.552670161616 129.2408730158729 
448.695825246157 37.63174603174604 
417.5863887786844 54.01984126984131 
487.9376081276584 23.871031746031747 
470.00898893459726 31.52857142857144 
323.445033762988 120.4472222222221 
356.1411240113314 77.3757936507936 
345.9178067856246 84.46031746031734 
465.5965817626909 34.182539682539705 
586.2502034051536 3.128968253968254 
261.25622921637535 174.02738095238078 
258.80451252582645 179.6920634920633 
323.69508941912983 108.2003968253967 
395.19437130071196 62.61825396825401 
336.7470625232807 92.92579365079351 
516.8137421307721 18.450396825396822 
365.2356767937542 70.97023809523809 
536.5031669046922 11.685714285714285 
273.0255964838342 157.4944444444442 
461.0703309067224 36.00436507936508 
389.72242834391847 67.39325396825397 
394.654003660489 66.47857142857144 
253.44953932417087 218.06785714285706 
277.37875816921826 151.91825396825377 
268.62946450948925 158.2412698412696 
529.5455869564324 16.656349206349205 
323.2510786162324 121.46309523809515 
287.12523992269485 137.4646825396824 
548.9991132910917 9.891666666666664 
295.10703369418894 136.33492063492045 
403.4385410129634 54.130952380952415 
318.2701185415843 121.72619047619035 
481.45948311178194 26.342460317460322 
255.2374947347111 185.7492063492062 
300.38666121914713 132.56428571428552 
264.4899712224787 168.23690476190453 
282.0604159080862 149.39404761904743 
329.38514009998033 103.41785714285699 
503.5167134113964 21.348015873015868 
351.2816208703964 82.75634920634911 
312.55348615860635 122.99523809523795 
500.0411852764231 22.24365079365079 
423.8276932180227 44.46904761904764 
444.5945597592005 40.61349206349207 

443.80283352731277 42.01865079365081 
310.01284790126056 123.62023809523804 
329.38514009998033 103.41785714285699 
255.2374947347111 185.7492063492062 
411.50910330932317 59.29087301587307 
268.62946450948925 158.2412698412696 
467.5484559225988 33.53293650793651 
306.00485622498803 126.90476190476177 
258.80451252582645 179.6920634920633 
548.9991132910917 9.891666666666664 
435.76622324413285 42.67063492063494 
282.0604159080862 149.39404761904743 
477.1699670103748 31.109126984127 
358.98166148254955 74.73134920634917 
402.0957255644156 60.69761904761909 
356.1411240113314 77.3757936507936 
287.12523992269485 137.4646825396824 
365.2356767937542 70.97023809523809 
432.3593927462725 51.23571428571433 
546.9059398488755 13.02063492063492 
503.5167134113964 21.348015873015868 
434.0262545889083 48.27539682539684 
568.5466102899845 8.351984126984126 
419.8082179942999 54.546031746031794 
384.5015166590221 66.17777777777779 
315.61177220417545 114.65992063492057 
452.7485449513319 41.57380952380954 
461.76430231586414 34.93412698412699 
487.9376081276584 23.871031746031747 
253.44953932417087 218.06785714285706 
431.151832885098 51.680555555555586 
516.8137421307721 18.450396825396822 
295.10703369418894 136.33492063492045 
484.4874578230013 27.969841269841275 
264.4899712224787 168.23690476190453 
309.88264753293276 125.2746031746031 
336.7470625232807 92.92579365079351 
586.2502034051536 3.128968253968254 
310.7681987188417 119.95079365079354 
454.4878576592376 39.35277777777778 
345.9178067856246 84.46031746031734 
300.38666121914713 132.56428571428552 
323.69508941912983 108.2003968253967 
261.25622921637535 174.02738095238078 
273.0255964838342 157.4944444444442 
529.5455869564324 16.656349206349205 
277.37875816921826 151.91825396825377 

402.5123680395011 48.04920634920637 
402.4691185630841 49.29880952380957 
282.0604159080862 149.39404761904743 
318.5007585661894 107.96111111111092 
258.80451252582645 179.6920634920633 
428.52384225197846 40.38849206349208 
432.94896726593066 35.33968253968254 
350.80009661877136 83.35238095238083 
487.42009416179275 23.68095238095238 
546.6270928920238 7.024603174603174 
431.90975962958 37.58492063492065 
478.30159219296644 27.16111111111112 
300.38666121914713 132.56428571428552 
472.83850848946815 28.03571428571429 
504.0143797875471 16.91626984126984 
385.96600301347456 59.77619047619051 
407.79894802338896 46.61825396825398 
273.0255964838342 157.4944444444442 
334.9017287008375 100.49087301587286 
287.12523992269485 137.4646825396824 
324.21022487857675 104.69682539682523 
443.2197948833455 34.91904761904762 
531.8527081215454 11.780952380952378 
361.5558795059183 66.81507936507937 
391.9894582833522 58.54126984126988 
586.2502034051536 3.128968253968254 
309.75059396581366 122.6492063492062 
264.4899712224787 168.23690476190453 
529.5455869564324 16.656349206349205 
253.44953932417087 218.06785714285706 
466.9373488037711 30.689682539682543 
415.8483779823036 40.72460317460319 
369.0348803668175 60.414285714285754 
501.99814121985656 20.045238095238098 
314.3612652791787 117.95674603174588 
261.25622921637535 174.02738095238078 
341.79546452758404 87.12023809523797 
544.6011641302298 10.153571428571425 
394.0154329723893 53.88253968253973 
458.87369126819453 32.82896825396827 
296.1570356049106 133.83333333333314 
255.2374947347111 185.7492063492062 
268.62946450948925 158.2412698412696 
345.9178067856246 84.46031746031734 
277.37875816921826 151.91825396825377 
306.8440198462192 126.25952380952367 
336.7470625232807 92.92579365079351 
356.1411240113314 77.3757936507936 
329.38514009998033 103.41785714285699 

270.91144692506776 173.09801587301573 
323.69508941912983 108.2003968253967 
487.9376081276584 23.871031746031747 
311.27104275293794 128.02103174603164 
575.3134468293505 1.794047619047619 
377.65152050728767 70.97023809523809 
405.16735908722546 62.28492063492068 
536.2127099355295 10.550793650793649 
395.2842528911449 68.28174603174604 
437.2040596779384 43.13452380952383 
356.1411240113314 77.3757936507936 
414.46656811532756 55.027777777777814 
526.7512254755682 19.41547619047618 
345.9178067856246 84.46031746031734 
389.9310713521761 70.85912698412697 
367.69630332985275 77.06626984126979 
253.44953932417087 218.06785714285706 
450.0591489756727 39.127380952380975 
306.8706015483465 129.77301587301574 
575.0603465024944 4.723015873015873 
548.6941336224396 8.75674603174603 
318.15275310887523 127.97142857142842 
421.0233225286657 54.668253968254 
455.22967617448774 38.440476190476204 
410.13626157847585 60.78452380952383 
503.5167134113964 21.348015873015868 
396.5977637772964 67.1138888888889 
402.97468459748535 65.52817460317465 
469.97613933910685 30.955555555555556 
287.12523992269485 137.4646825396824 
455.3627981010395 33.28769841269842 
273.0255964838342 157.4944444444442 
300.38666121914713 132.56428571428552 
414.0181563881757 60.260714285714336 
338.5558843623242 94.95238095238079 
318.26975584795537 120.11825396825382 
258.80451252582645 179.6920634920633 
487.68086706607755 25.665079365079364 
431.282524250323 44.806746031746044 
524.7040885639611 19.73571428571428 
421.7653578414603 54.286111111111154 

345.9178067856246 84.46031746031734 
277.37875816921826 151.91825396825377 
448.695825246157 37.63174603174604 
342.7354593409571 90.8936507936507 
548.9991132910917 9.891666666666664 
414.4172447190789 56.58571428571433 
365.2356767937542 70.97023809523809 
516.8137421307721 18.450396825396822 
536.5031669046922 11.685714285714285 
417.54482444267506 51.26944444444449 
432.95452437561715 42.559920634920644 
380.0509336785683 67.31230158730159 
324.21022487857675 104.69682539682523 
378.0108950859748 68.3952380952381 
529.5455869564324 16.656349206349205 
282.0604159080862 149.39404761904743 
318.52017419772613 109.47936507936492 
453.3436765806765 32.89801587301588 
393.430193097788 58.73809523809528 
448.6437091168159 41.70515873015873 
429.7990990894143 48.09484126984131 
500.0411852764231 22.24365079365079 
307.552670161616 129.2408730158729 
451.03541430150176 34.932142857142864 
296.1570356049106 133.83333333333314 
255.2374947347111 185.7492063492062 
425.4109674366532 49.704365079365125 
258.80451252582645 179.6920634920633 
273.0255964838342 157.4944444444442 
311.20870061377366 112.63849206349195 
328.6721531138459 100.82063492063476 
304.0848944203339 131.72658730158716 
377.5152276386425 70.85912698412697 
261.25622921637535 174.02738095238078 
322.74662908050306 105.22698412698401 
268.62946450948925 158.2412698412696 
385.38076313887336 64.63174603174605 
310.0718962185437 122.91865079365068 
253.44953932417087 218.06785714285706 
415.4701854442193 53.848412698412744 
264.4899712224787 168.23690476190453 
356.1411240113314 77.3757936507936 
586.2502034051536 3.128968253968254 
481.96249316728245 29.32857142857144 
469.5835643072776 30.955952380952397 
348.6904401676158 83.26944444444436 
336.7470625232807 92.92579365079351 
300.38666121914713 132.56428571428552 
287.12523992269485 137.4646825396824 

329.38514009998033 103.41785714285699 
273.0255964838342 157.4944444444442 
469.0849774512165 27.969841269841275 
451.1235086626649 35.054365079365084 
397.4667821600009 58.472619047619084 
503.5167134113964 21.348015873015868 
306.0961275315343 129.29999999999984 
319.53618050058236 116.67777777777762 
431.3888484940867 43.976587301587315 
586.2502034051536 3.128968253968254 
415.39047390715524 56.457936507936516 
356.1411240113314 77.3757936507936 
343.6965331764916 86.91944444444432 
258.80451252582645 179.6920634920633 
516.8137421307721 18.450396825396822 
264.4899712224787 168.23690476190453 
481.45948311178194 26.342460317460322 
427.6144293706179 51.76507936507941 
548.9991132910917 9.891666666666664 
287.12523992269485 137.4646825396824 
445.20742955763154 43.84444444444447 
529.5455869564324 16.656349206349205 
350.46410233997244 81.13690476190466 
345.9178067856246 84.46031746031734 
253.44953932417087 218.06785714285706 
323.6120441526413 106.39563492063475 
462.5560285477521 33.528968253968266 
282.0604159080862 149.39404761904743 
261.25622921637535 174.02738095238078 
378.0108950859748 68.3952380952381 
487.9376081276584 23.871031746031747 
311.5297940962042 117.91944444444431 
336.7470625232807 92.92579365079351 
365.2356767937542 70.97023809523809 
255.2374947347111 185.7492063492062 
422.24143213129173 56.41825396825402 
405.56234355185774 56.64722222222223 
322.3639306893345 116.14801587301575 
336.33461075319127 97.41150793650777 
300.38666121914713 132.56428571428552 
295.7050034802791 135.08849206349186 
322.9231305576021 113.45674603174591 
277.37875816921826 151.91825396825377 
379.2679154165475 67.1138888888889 
268.62946450948925 158.2412698412696 
533.6141122298707 13.194841269841264 

345.9178067856246 84.46031746031734 
365.2356767937542 70.97023809523809 
295.10703369418894 136.33492063492045 
500.0411852764231 22.24365079365079 
255.2374947347111 185.7492063492062 
467.5484559225988 33.53293650793651 
529.5455869564324 16.656349206349205 
449.90773676335743 38.69047619047621 
479.43793023246053 29.32857142857144 
336.7470625232807 92.92579365079351 
498.03607264343333 25.229761904761904 
440.14845466768804 46.17698412698417 
398.0247870107382 64.32777777777778 
311.49693381511725 116.50396825396815 
442.1668763426926 43.19087301587304 
526.108744272768 19.859523809523804 
586.2502034051536 3.128968253968254 
268.62946450948925 158.2412698412696 
277.37875816921826 151.91825396825377 
323.69508941912983 108.2003968253967 
408.2481042364452 57.243253968253995 
477.68744327931694 33.33849206349206 
318.52017419772613 109.47936507936492 
536.5031669046922 11.685714285714285 
306.8440198462192 126.25952380952367 
429.5185845582979 48.35238095238098 
261.25622921637535 174.02738095238078 
273.0255964838342 157.4944444444442 
378.0108950859748 68.3952380952381 
264.4899712224787 168.23690476190453 
253.44953932417087 218.06785714285706 
461.0703309067224 36.00436507936508 
481.45948311178194 26.342460317460322 
427.46853198496177 51.33849206349212 
356.1411240113314 77.3757936507936 
282.0604159080862 149.39404761904743 
548.9991132910917 9.891666666666664 
414.45571603456557 56.926587301587354 
258.80451252582645 179.6920634920633 
287.12523992269485 137.4646825396824 
414.69331369274124 53.91349206349211 
329.38514009998033 103.41785714285699 
302.2333485328541 130.951984126984 
300.38666121914713 132.56428571428552 

385.16410671332557 67.96428571428572 
416.7433662660773 50.927380952381 
546.9059398488755 13.02063492063492 
264.4899712224787 168.23690476190453 
403.097520194185 52.44365079365084 
296.1570356049106 133.83333333333314 
442.1668763426926 43.19087301587304 
307.552670161616 129.2408730158729 
324.21022487857675 104.69682539682523 
273.0255964838342 157.4944444444442 
318.52017419772613 109.47936507936492 
365.2356767937542 70.97023809523809 
481.45948311178194 26.342460317460322 
300.38666121914713 132.56428571428552 
468.99128394989526 30.123412698412707 
258.80451252582645 179.6920634920633 
395.3874239390325 60.87976190476196 
451.0298151613437 37.207936507936516 
529.5455869564324 16.656349206349205 
253.44953932417087 218.06785714285706 
436.9099942201888 44.46904761904764 
356.1411240113314 77.3757936507936 
277.37875816921826 151.91825396825377 
548.9991132910917 9.891666666666664 
449.07039295226565 42.11388888888891 
268.62946450948925 158.2412698412696 
323.69508941912983 108.2003968253967 
387.3853581397426 67.6952380952381 
429.85607381451035 45.684126984127005 
500.0411852764231 22.24365079365079 
317.7355674506006 123.71150793650779 
261.25622921637535 174.02738095238078 
255.2374947347111 185.7492063492062 
318.2701185415843 121.72619047619035 
282.0604159080862 149.39404761904743 
463.49801432323034 33.426984126984124 
287.12523992269485 137.4646825396824 
336.7470625232807 92.92579365079351 
357.2854181213357 77.28611111111105 
312.0455167697501 128.4940476190475 
586.2502034051536 3.128968253968254 
498.03607264343333 25.229761904761904 
326.95029839335746 103.6551587301586 
345.9178067856246 84.46031746031734 
527.0439803112941 20.550396825396824 

356.1411240113314 77.3757936507936 
380.8840903821129 62.18015873015876 
586.2502034051536 3.128968253968254 
268.62946450948925 158.2412698412696 
469.27617284143156 27.75595238095238 
415.79609793022644 54.50039682539686 
487.9376081276584 23.871031746031747 
434.0805220149224 46.610317460317475 
429.1756933613035 47.834920634920664 
548.9991132910917 9.891666666666664 
465.5965817626909 34.182539682539705 
405.5062688066777 57.54920634920637 
450.2049731075016 37.775 
345.9178067856246 84.46031746031734 
323.69508941912983 108.2003968253967 
529.5455869564324 16.656349206349205 
336.7470625232807 92.92579365079351 
329.2638323468469 106.49603174603165 
277.37875816921826 151.91825396825377 
287.12523992269485 137.4646825396824 
253.44953932417087 218.06785714285706 
316.70236601951837 118.74325396825384 
365.2356767937542 70.97023809523809 
311.7453667214982 127.01904761904748 
391.88601417856717 59.95476190476195 
255.2374947347111 185.7492063492062 
322.59023337535814 112.80595238095226 
504.0235852608911 18.148412698412695 
258.80451252582645 179.6920634920633 
435.09746869257987 44.908730158730194 
264.4899712224787 168.23690476190453 
416.7433662660773 50.927380952381 
329.2257381877295 108.18888888888878 
469.0328613218755 32.04325396825398 
300.38666121914713 132.56428571428552 
461.0703309067224 36.00436507936508 
273.0255964838342 157.4944444444442 
533.6141122298707 13.194841269841264 
442.20830681434927 39.46388888888889 
378.0108950859748 68.3952380952381 
261.25622921637535 174.02738095238078 
303.6713035197339 129.10912698412687 
295.10703369418894 136.33492063492045 
442.1668763426926 43.19087301587304 
282.0604159080862 149.39404761904743 
357.70238800201696 73.44563492063489 
502.59687107084204 21.353968253968247 

286.67108722145133 144.7015873015871 
490.7851070048676 26.086111111111112 
536.5031669046922 11.685714285714285 
575.3134468293505 1.794047619047619 
297.90362134510184 138.63928571428565 
336.7470625232807 92.92579365079351 
255.2374947347111 185.7492063492062 
331.10520051860857 100.84603174603158 
411.0322544254188 54.637698412698455 
451.03541430150176 34.932142857142864 
277.37875816921826 151.91825396825377 
323.6756737875931 106.68214285714268 
356.45653609179993 81.47738095238088 
525.0560948284494 19.56031746031746 
479.6520330713638 31.90555555555556 
365.2356767937542 70.97023809523809 
253.44953932417087 218.06785714285706 
392.751515373692 62.28492063492068 
407.2277826199627 59.709920634920685 
291.95071474640935 140.9309523809522 
425.8115453330473 46.3027777777778 
450.24249049040367 40.09563492063493 
548.9991132910917 9.891666666666664 
536.3956714976533 14.660714285714283 
573.2053967771047 4.923015873015873 
447.26337446903676 41.92817460317461 
430.64626209644246 44.59404761904766 
378.0108950859748 68.3952380952381 
318.2701185415843 121.72619047619035 
500.0411852764231 22.24365079365079 
312.56065222919705 124.99047619047604 
311.27104275293794 128.02103174603164 
329.38514009998033 103.41785714285699 
385.46223594954813 67.04841269841272 
360.11879913541054 77.71944444444439 
345.9178067856246 84.46031746031734 
377.5152276386425 70.85912698412697 
270.91144692506776 173.09801587301573 
467.5484559225988 33.53293650793651 
300.38666121914713 132.56428571428552 
318.52017419772613 109.47936507936492 
517.2997369004161 21.57936507936508 
317.7355674506006 123.71150793650779 
417.267002677223 53.16825396825402 
307.949980915832 129.68293650793638 
273.0255964838342 157.4944444444442 
393.24718282102435 59.8210317460318 

311.4159532964472 109.41825396825384 
345.9178067856246 84.46031746031734 
287.12523992269485 137.4646825396824 
469.0849774512165 27.969841269841275 
491.4457372110509 22.975396825396825 
406.52004904037045 58.011904761904795 
536.5031669046922 11.685714285714285 
399.6649089846311 67.58412698412698 
255.2374947347111 185.7492063492062 
448.5757648040469 41.19722222222226 
311.27104275293794 128.02103174603164 
414.45571603456557 56.926587301587354 
273.0255964838342 157.4944444444442 
323.6756737875931 106.68214285714268 
568.5466102899845 8.351984126984126 
378.0108950859748 68.3952380952381 
503.5167134113964 21.348015873015868 
391.9914948849132 68.28412698412698 
448.00358157567723 42.10317460317464 
548.9991132910917 9.891666666666664 
264.4899712224787 168.23690476190453 
427.11756875754236 45.365873015873035 
451.1235086626649 35.054365079365084 
296.1570356049106 133.83333333333314 
365.2356767937542 70.97023809523809 
277.37875816921826 151.91825396825377 
414.7932052907778 54.25833333333335 
324.21022487857675 104.69682539682523 
253.44953932417087 218.06785714285706 
356.1411240113314 77.3757936507936 
527.0439803112941 20.550396825396824 
461.80853279458995 32.388492063492066 
329.38514009998033 103.41785714285699 
307.0266926738375 128.52857142857127 
258.80451252582645 179.6920634920633 
401.2428730956932 64.84246031746035 
449.90773676335743 38.69047619047621 
282.0604159080862 149.39404761904743 
586.2502034051536 3.128968253968254 
268.62946450948925 158.2412698412696 
423.4414746875181 48.2337301587302 
377.5152276386425 70.85912698412697 
261.25622921637535 174.02738095238078 
357.5480656079731 74.50793650793646 
336.7470625232807 92.92579365079351 
300.38666121914713 132.56428571428552 
529.5455869564324 16.656349206349205 
481.45948311178194 26.342460317460322 
401.68049774234504 59.50158730158735 

536.5031669046922 11.685714285714285 
368.5785463475685 67.57619047619052 
311.04778384710505 122.66904761904752 
433.0072314053261 40.229761904761915 
382.90555287537666 67.26071428571427 
253.44953932417087 218.06785714285706 
414.8473240100892 42.10436507936508 
443.5477510251116 34.43095238095239 
261.25622921637535 174.02738095238078 
434.21421921432096 34.64166666666667 
503.5167134113964 21.348015873015868 
568.5466102899845 8.351984126984126 
468.99128394989526 30.123412698412707 
356.1411240113314 77.3757936507936 
322.04160521174384 106.08373015873002 
264.4899712224787 168.23690476190453 
342.51128903025625 91.4392857142856 
398.850347879083 51.539285714285754 
395.04740602404667 56.3277777777778 
487.9376081276584 23.871031746031747 
400.4647724098013 46.886507936507954 
586.2502034051536 3.128968253968254 
336.4611323775783 105.91706349206335 
255.2374947347111 185.7492063492062 
268.62946450948925 158.2412698412696 
304.62637044315164 128.05079365079354 
522.9231981701749 19.85079365079365 
336.7470625232807 92.92579365079351 
287.12523992269485 137.4646825396824 
310.53981651910755 127.6420634920634 
296.1570356049106 133.83333333333314 
317.8744820878117 117.35952380952372 
318.5855749407569 112.7027777777777 
365.2356767937542 70.97023809523809 
258.80451252582645 179.6920634920633 
529.5455869564324 16.656349206349205 
455.86114116887615 31.639682539682553 
344.3211497494076 80.90515873015865 
339.5063482640774 92.68015873015867 
548.9991132910917 9.891666666666664 
282.0604159080862 149.39404761904743 
385.7770073000459 60.67896825396832 
397.1890283248013 53.50634920634924 
483.1983493587695 29.13174603174604 
486.82327474141954 28.112698412698414 

356.1411240113314 77.3757936507936 
404.0606103794133 52.29365079365082 
485.0263956231595 28.902777777777775 
546.7404558139846 8.256746031746033 
463.38161958656235 33.21349206349207 
378.0108950859748 68.3952380952381 
306.0961275315343 129.29999999999984 
474.3867063267196 30.4047619047619 
447.6351129741395 41.26706349206351 
277.37875816921826 151.91825396825377 
490.7534726302244 26.75595238095238 
365.2356767937542 70.97023809523809 
491.95394432182434 19.775793650793645 
336.7470625232807 92.92579365079351 
323.69508941912983 108.2003968253967 
350.52585694768004 82.50555555555545 
296.1570356049106 133.83333333333314 
345.9178067856246 84.46031746031734 
401.5325555976773 58.44285714285719 
261.25622921637535 174.02738095238078 
273.0255964838342 157.4944444444442 
268.62946450948925 158.2412698412696 
264.4899712224787 168.23690476190453 
287.12523992269485 137.4646825396824 
258.80451252582645 179.6920634920633 
388.29138351732604 60.496428571428595 
282.0604159080862 149.39404761904743 
461.9994727142448 34.42301587301588 
455.29004789332026 38.00595238095239 
253.44953932417087 218.06785714285706 
490.9209488780286 23.445238095238093 
306.8440198462192 126.25952380952367 
255.2374947347111 185.7492063492062 
424.2925097602303 48.732142857142875 
433.9463339982958 42.409920634920645 
300.38666121914713 132.56428571428552 
447.9790377419222 39.35396825396827 
427.63953725643614 43.76984126984129 
531.6930339960384 19.14999999999999 
575.3134468293505 1.794047619047619 
329.38514009998033 103.41785714285699 
472.0162020722457 31.617460317460328 
311.3748976974681 114.47420634920621 
534.0098003794882 9.884126984126985 

568.5466102899845 8.351984126984126 
343.10217991667224 91.6289682539681 
261.25622921637535 174.02738095238078 
477.0360891507878 30.45476190476191 
277.37875816921826 151.91825396825377 
331.53637173297767 102.27619047619031 
403.097520194185 52.44365079365084 
536.5031669046922 11.685714285714285 
586.2502034051536 3.128968253968254 
393.24718282102435 59.8210317460318 
356.1411240113314 77.3757936507936 
378.0108950859748 68.3952380952381 
415.3770710390734 52.33253968253973 
345.9178067856246 84.46031746031734 
529.5455869564324 16.656349206349205 
318.2701185415843 121.72619047619035 
336.2009069549478 94.38928571428556 
467.5484559225988 33.53293650793651 
317.7355674506006 123.71150793650779 
318.52017419772613 109.47936507936492 
370.24864730309673 69.48055555555555 
264.4899712224787 168.23690476190453 
385.4291505591294 66.13690476190479 
386.4831933432796 61.05555555555557 
451.66437106325 40.20674603174604 
323.69508941912983 108.2003968253967 
423.48667239924464 42.781746031746046 
255.2374947347111 185.7492063492062 
258.80451252582645 179.6920634920633 
365.2356767937542 70.97023809523809 
419.71463256677947 49.77777777777783 
268.62946450948925 158.2412698412696 
295.7759899057819 137.25674603174585 
326.95029839335746 103.6551587301586 
287.12523992269485 137.4646825396824 
306.0961275315343 129.29999999999984 
312.56065222919705 124.99047619047604 
358.98166148254955 74.73134920634917 
336.7470625232807 92.92579365079351 
516.8137421307721 18.450396825396822 
548.9991132910917 9.891666666666664 
300.38666121914713 132.56428571428552 
282.0604159080862 149.39404761904743 
273.0255964838342 157.4944444444442 
381.85278916634854 68.30436507936507 
253.44953932417087 218.06785714285706 
350.46410233997244 81.13690476190466 
324.21022487857675 104.69682539682523 
452.6097678901787 39.10992063492065 
500.0411852764231 22.24365079365079 

416.77439308155687 51.32738095238099 
465.0858170450479 37.0404761904762 
481.3124121667637 31.932142857142868 
548.9991132910917 9.891666666666664 
287.12523992269485 137.4646825396824 
377.5152276386425 70.85912698412697 
348.6904401676158 83.26944444444436 
379.7390203163249 69.45396825396826 
586.2502034051536 3.128968253968254 
253.44953932417087 218.06785714285706 
437.67624123908155 47.92539682539687 
356.1411240113314 77.3757936507936 
300.38666121914713 132.56428571428552 
404.108181158853 56.924206349206365 
527.0439803112941 20.550396825396824 
277.37875816921826 151.91825396825377 
320.35126430939357 113.04365079365061 
295.7050034802791 135.08849206349186 
485.86268203195647 30.673412698412708 
358.98166148254955 74.73134920634917 
312.56065222919705 124.99047619047604 
350.46410233997244 81.13690476190466 
487.9376081276584 23.871031746031747 
261.25622921637535 174.02738095238078 
458.065393444141 38.26349206349209 
448.00358157567723 42.10317460317464 
401.68049774234504 59.50158730158735 
255.2374947347111 185.7492063492062 
536.5031669046922 11.685714285714285 
273.0255964838342 157.4944444444442 
324.21022487857675 104.69682539682523 
336.7470625232807 92.92579365079351 
329.38514009998033 103.41785714285699 
473.74241559285576 35.071428571428584 
268.62946450948925 158.2412698412696 
306.0961275315343 129.29999999999984 
282.0604159080862 149.39404761904743 
317.7355674506006 123.71150793650779 
500.0411852764231 22.24365079365079 
434.5055624094033 50.2305555555556 
318.2701185415843 121.72619047619035 
416.4919786511381 54.93888888888893 
391.4571805166382 66.58611111111111 
258.80451252582645 179.6920634920633 
345.9178067856246 84.46031746031734 
323.69508941912983 108.2003968253967 
264.4899712224787 168.23690476190453 
333.9184066448367 101.11587301587286 
365.2356767937542 70.97023809523809 

