323.2510786162324 121.46309523809515 
287.12523992269485 137.4646825396824 
530.5181566250682 47.880952380952394 
475.2522335306494 67.42261904761908 
365.2356767937542 70.97023809523809 
356.1411240113314 77.3757936507936 
345.9178067856246 84.46031746031734 
336.7470625232807 92.92579365079351 
329.38514009998033 103.41785714285699 
323.69508941912983 108.2003968253967 
317.75498308213736 125.22976190476179 
311.27104275293794 128.02103174603164 
306.0961275315343 129.29999999999984 
300.38666121914713 132.56428571428552 
296.1570356049106 133.83333333333314 
286.67108722145133 144.7015873015871 
282.0604159080862 149.39404761904743 
277.37875816921826 151.91825396825377 
273.0255964838342 157.4944444444442 
268.62946450948925 158.2412698412696 
264.4899712224787 168.23690476190453 
261.25622921637535 174.02738095238078 
258.80451252582645 179.6920634920633 
255.2374947347111 185.7492063492062 
404.4073385984468 68.28412698412698 

323.2510786162324 121.46309523809515 
287.12523992269485 137.4646825396824 
530.5181566250682 47.880952380952394 
473.2421864224267 48.30714285714286 
532.3623794856292 47.41944444444448 
365.2356767937542 70.97023809523809 
356.1411240113314 77.3757936507936 
345.9178067856246 84.46031746031734 
336.7470625232807 92.92579365079351 
329.38514009998033 103.41785714285699 
323.69508941912983 108.2003968253967 
317.75498308213736 125.22976190476179 
311.27104275293794 128.02103174603164 
306.0961275315343 129.29999999999984 
300.38666121914713 132.56428571428552 
296.1570356049106 133.83333333333314 
286.67108722145133 144.7015873015871 
282.0604159080862 149.39404761904743 
277.37875816921826 151.91825396825377 
273.0255964838342 157.4944444444442 
268.62946450948925 158.2412698412696 
264.4899712224787 168.23690476190453 
261.25622921637535 174.02738095238078 
258.80451252582645 179.6920634920633 
255.2374947347111 185.7492063492062 
404.4073385984468 68.28412698412698 
389.9310713521761 70.85912698412697 

323.2510786162324 121.46309523809515 
287.12523992269485 137.4646825396824 
530.5181566250682 47.880952380952394 
457.3334620553078 63.19880952380954 
365.2356767937542 70.97023809523809 
356.1411240113314 77.3757936507936 
345.9178067856246 84.46031746031734 
336.7470625232807 92.92579365079351 
329.38514009998033 103.41785714285699 
323.69508941912983 108.2003968253967 
317.75498308213736 125.22976190476179 
311.27104275293794 128.02103174603164 
306.0961275315343 129.29999999999984 
300.38666121914713 132.56428571428552 
296.1570356049106 133.83333333333314 
286.67108722145133 144.7015873015871 
282.0604159080862 149.39404761904743 
277.37875816921826 151.91825396825377 
273.0255964838342 157.4944444444442 
268.62946450948925 158.2412698412696 
264.4899712224787 168.23690476190453 
261.25622921637535 174.02738095238078 
258.80451252582645 179.6920634920633 
255.2374947347111 185.7492063492062 
404.4073385984468 68.28412698412698 
389.9310713521761 70.85912698412697 

530.5181566250682 47.880952380952394 
568.3802878135893 11.88611111111111 
586.2502034051536 3.128968253968254 
356.1411240113314 77.3757936507936 
440.72318995880784 57.23492063492068 
287.12523992269485 137.4646825396824 
336.7470625232807 92.92579365079351 
325.63204096488465 111.23412698412689 
300.38666121914713 132.56428571428552 
282.0604159080862 149.39404761904743 
264.4899712224787 168.23690476190453 
389.9310713521761 70.85912698412697 
323.2510786162324 121.46309523809515 
365.2356767937542 70.97023809523809 
323.445033762988 120.4472222222221 
317.75498308213736 125.22976190476179 
311.27104275293794 128.02103174603164 
286.67108722145133 144.7015873015871 
273.0255964838342 157.4944444444442 
258.80451252582645 179.6920634920633 

323.2510786162324 121.46309523809515 
287.12523992269485 137.4646825396824 
530.5181566250682 47.880952380952394 
459.00985960456933 56.22857142857144 
365.2356767937542 70.97023809523809 
356.1411240113314 77.3757936507936 
345.9178067856246 84.46031746031734 
336.7470625232807 92.92579365079351 
329.38514009998033 103.41785714285699 
323.69508941912983 108.2003968253967 
317.75498308213736 125.22976190476179 
311.27104275293794 128.02103174603164 
306.0961275315343 129.29999999999984 
300.38666121914713 132.56428571428552 
296.1570356049106 133.83333333333314 
286.67108722145133 144.7015873015871 
282.0604159080862 149.39404761904743 
277.37875816921826 151.91825396825377 
273.0255964838342 157.4944444444442 
268.62946450948925 158.2412698412696 
264.4899712224787 168.23690476190453 
261.25622921637535 174.02738095238078 
258.80451252582645 179.6920634920633 
255.2374947347111 185.7492063492062 
404.4073385984468 68.28412698412698 
389.9310713521761 70.85912698412697 

323.2510786162324 121.46309523809515 
287.12523992269485 137.4646825396824 
530.5181566250682 47.880952380952394 
448.9851957465963 57.50992063492067 
365.2356767937542 70.97023809523809 
356.1411240113314 77.3757936507936 
345.9178067856246 84.46031746031734 
329.38514009998033 103.41785714285699 
323.69508941912983 108.2003968253967 
317.75498308213736 125.22976190476179 
311.27104275293794 128.02103174603164 
306.0961275315343 129.29999999999984 
300.38666121914713 132.56428571428552 
296.1570356049106 133.83333333333314 
286.67108722145133 144.7015873015871 
282.0604159080862 149.39404761904743 
277.37875816921826 151.91825396825377 
273.0255964838342 157.4944444444442 
268.62946450948925 158.2412698412696 
264.4899712224787 168.23690476190453 
261.25622921637535 174.02738095238078 
258.80451252582645 179.6920634920633 
255.2374947347111 185.7492063492062 
404.4073385984468 68.28412698412698 

323.2510786162324 121.46309523809515 
287.12523992269485 137.4646825396824 
530.5181566250682 47.880952380952394 
454.4146605115685 54.37341269841271 
365.2356767937542 70.97023809523809 
356.1411240113314 77.3757936507936 
345.9178067856246 84.46031746031734 
336.7470625232807 92.92579365079351 
329.38514009998033 103.41785714285699 
323.69508941912983 108.2003968253967 
317.75498308213736 125.22976190476179 
311.27104275293794 128.02103174603164 
306.0961275315343 129.29999999999984 
300.38666121914713 132.56428571428552 
296.1570356049106 133.83333333333314 
286.67108722145133 144.7015873015871 
282.0604159080862 149.39404761904743 
277.37875816921826 151.91825396825377 
273.0255964838342 157.4944444444442 
268.62946450948925 158.2412698412696 
264.4899712224787 168.23690476190453 
261.25622921637535 174.02738095238078 
258.80451252582645 179.6920634920633 
255.2374947347111 185.7492063492062 
404.4073385984468 68.28412698412698 

323.2510786162324 121.46309523809515 
287.12523992269485 137.4646825396824 
530.5181566250682 47.880952380952394 
451.387112222563 52.26230158730159 
362.64782712636224 73.94047619047618 
356.1411240113314 77.3757936507936 
345.9178067856246 84.46031746031734 
336.7470625232807 92.92579365079351 
329.38514009998033 103.41785714285699 
323.69508941912983 108.2003968253967 
317.75498308213736 125.22976190476179 
311.27104275293794 128.02103174603164 
306.0961275315343 129.29999999999984 
300.38666121914713 132.56428571428552 
296.1570356049106 133.83333333333314 
286.67108722145133 144.7015873015871 
282.0604159080862 149.39404761904743 
277.37875816921826 151.91825396825377 
273.0255964838342 157.4944444444442 
268.62946450948925 158.2412698412696 
264.4899712224787 168.23690476190453 
261.25622921637535 174.02738095238078 
258.80451252582645 179.6920634920633 
255.2374947347111 185.7492063492062 
404.4073385984468 68.28412698412698 
377.65152050728767 70.97023809523809 

323.2510786162324 121.46309523809515 
287.12523992269485 137.4646825396824 
530.5181566250682 47.880952380952394 
475.2522335306494 67.42261904761908 
365.2356767937542 70.97023809523809 
356.1411240113314 77.3757936507936 
345.9178067856246 84.46031746031734 
336.7470625232807 92.92579365079351 
329.38514009998033 103.41785714285699 
323.69508941912983 108.2003968253967 
317.75498308213736 125.22976190476179 
311.27104275293794 128.02103174603164 
306.0961275315343 129.29999999999984 
300.38666121914713 132.56428571428552 
296.1570356049106 133.83333333333314 
286.67108722145133 144.7015873015871 
282.0604159080862 149.39404761904743 
277.37875816921826 151.91825396825377 
273.0255964838342 157.4944444444442 
268.62946450948925 158.2412698412696 
264.4899712224787 168.23690476190453 
261.25622921637535 174.02738095238078 
258.80451252582645 179.6920634920633 
255.2374947347111 185.7492063492062 
404.4073385984468 68.28412698412698 

323.2510786162324 121.46309523809515 
287.12523992269485 137.4646825396824 
530.5181566250682 47.880952380952394 
463.3251559045285 69.54166666666669 
365.2356767937542 70.97023809523809 
356.1411240113314 77.3757936507936 
345.9178067856246 84.46031746031734 
336.7470625232807 92.92579365079351 
329.38514009998033 103.41785714285699 
323.69508941912983 108.2003968253967 
317.75498308213736 125.22976190476179 
306.0961275315343 129.29999999999984 
300.38666121914713 132.56428571428552 
296.1570356049106 133.83333333333314 
286.67108722145133 144.7015873015871 
282.0604159080862 149.39404761904743 
277.37875816921826 151.91825396825377 
273.0255964838342 157.4944444444442 
268.62946450948925 158.2412698412696 
264.4899712224787 168.23690476190453 
261.25622921637535 174.02738095238078 
258.80451252582645 179.6920634920633 
255.2374947347111 185.7492063492062 

323.2510786162324 121.46309523809515 
287.12523992269485 137.4646825396824 
530.5181566250682 47.880952380952394 
567.2716849849685 16.702777777777776 
365.2356767937542 70.97023809523809 
356.1411240113314 77.3757936507936 
345.9178067856246 84.46031746031734 
336.7470625232807 92.92579365079351 
329.38514009998033 103.41785714285699 
323.69508941912983 108.2003968253967 
317.75498308213736 125.22976190476179 
311.27104275293794 128.02103174603164 
306.0961275315343 129.29999999999984 
300.38666121914713 132.56428571428552 
296.1570356049106 133.83333333333314 
286.67108722145133 144.7015873015871 
282.0604159080862 149.39404761904743 
277.37875816921826 151.91825396825377 
273.0255964838342 157.4944444444442 
268.62946450948925 158.2412698412696 
264.4899712224787 168.23690476190453 
261.25622921637535 174.02738095238078 
258.80451252582645 179.6920634920633 
255.2374947347111 185.7492063492062 

323.2510786162324 121.46309523809515 
287.12523992269485 137.4646825396824 
530.5181566250682 47.880952380952394 
464.66612808331615 49.50714285714285 
365.2356767937542 70.97023809523809 
345.9178067856246 84.46031746031734 
336.7470625232807 92.92579365079351 
329.38514009998033 103.41785714285699 
323.69508941912983 108.2003968253967 
317.75498308213736 125.22976190476179 
311.27104275293794 128.02103174603164 
306.0961275315343 129.29999999999984 
300.38666121914713 132.56428571428552 
296.1570356049106 133.83333333333314 
286.67108722145133 144.7015873015871 
282.0604159080862 149.39404761904743 
277.37875816921826 151.91825396825377 
273.0255964838342 157.4944444444442 
268.62946450948925 158.2412698412696 
264.4899712224787 168.23690476190453 
261.25622921637535 174.02738095238078 
258.80451252582645 179.6920634920633 
255.2374947347111 185.7492063492062 
389.9310713521761 70.85912698412697 

323.2510786162324 121.46309523809515 
287.12523992269485 137.4646825396824 
530.5181566250682 47.880952380952394 
457.3334620553078 63.19880952380954 
365.2356767937542 70.97023809523809 
356.1411240113314 77.3757936507936 
345.9178067856246 84.46031746031734 
336.7470625232807 92.92579365079351 
329.38514009998033 103.41785714285699 
323.69508941912983 108.2003968253967 
317.75498308213736 125.22976190476179 
311.27104275293794 128.02103174603164 
306.0961275315343 129.29999999999984 
300.38666121914713 132.56428571428552 
296.1570356049106 133.83333333333314 
286.67108722145133 144.7015873015871 
282.0604159080862 149.39404761904743 
277.37875816921826 151.91825396825377 
273.0255964838342 157.4944444444442 
268.62946450948925 158.2412698412696 
264.4899712224787 168.23690476190453 
261.25622921637535 174.02738095238078 
258.80451252582645 179.6920634920633 
255.2374947347111 185.7492063492062 

323.2510786162324 121.46309523809515 
287.12523992269485 137.4646825396824 
530.5181566250682 47.880952380952394 
455.22934022924994 59.234523809523836 
365.2356767937542 70.97023809523809 
356.1411240113314 77.3757936507936 
345.9178067856246 84.46031746031734 
336.7470625232807 92.92579365079351 
329.38514009998033 103.41785714285699 
323.69508941912983 108.2003968253967 
317.75498308213736 125.22976190476179 
311.27104275293794 128.02103174603164 
306.0961275315343 129.29999999999984 
300.38666121914713 132.56428571428552 
296.1570356049106 133.83333333333314 
286.67108722145133 144.7015873015871 
282.0604159080862 149.39404761904743 
277.37875816921826 151.91825396825377 
273.0255964838342 157.4944444444442 
268.62946450948925 158.2412698412696 
264.4899712224787 168.23690476190453 
261.25622921637535 174.02738095238078 
258.80451252582645 179.6920634920633 
255.2374947347111 185.7492063492062 
404.4073385984468 68.28412698412698 

323.2510786162324 121.46309523809515 
287.12523992269485 137.4646825396824 
530.5181566250682 47.880952380952394 
365.2356767937542 70.97023809523809 
356.1411240113314 77.3757936507936 
345.9178067856246 84.46031746031734 
336.7470625232807 92.92579365079351 
329.38514009998033 103.41785714285699 
323.69508941912983 108.2003968253967 
317.75498308213736 125.22976190476179 
311.27104275293794 128.02103174603164 
306.0961275315343 129.29999999999984 
300.38666121914713 132.56428571428552 
296.1570356049106 133.83333333333314 
286.67108722145133 144.7015873015871 
282.0604159080862 149.39404761904743 
277.37875816921826 151.91825396825377 
273.0255964838342 157.4944444444442 
268.62946450948925 158.2412698412696 
264.4899712224787 168.23690476190453 
261.25622921637535 174.02738095238078 
258.80451252582645 179.6920634920633 
255.2374947347111 185.7492063492062 
404.4073385984468 68.28412698412698 

323.2510786162324 121.46309523809515 
287.12523992269485 137.4646825396824 
530.5181566250682 47.880952380952394 
472.80551907626983 65.72579365079369 
365.2356767937542 70.97023809523809 
356.1411240113314 77.3757936507936 
345.9178067856246 84.46031746031734 
336.7470625232807 92.92579365079351 
329.38514009998033 103.41785714285699 
323.69508941912983 108.2003968253967 
317.75498308213736 125.22976190476179 
311.27104275293794 128.02103174603164 
306.0961275315343 129.29999999999984 
300.38666121914713 132.56428571428552 
296.1570356049106 133.83333333333314 
286.67108722145133 144.7015873015871 
282.0604159080862 149.39404761904743 
277.37875816921826 151.91825396825377 
273.0255964838342 157.4944444444442 
268.62946450948925 158.2412698412696 
264.4899712224787 168.23690476190453 
261.25622921637535 174.02738095238078 
258.80451252582645 179.6920634920633 
255.2374947347111 185.7492063492062 
404.4073385984468 68.28412698412698 
389.9310713521761 70.85912698412697 

323.2510786162324 121.46309523809515 
287.12523992269485 137.4646825396824 
530.5181566250682 47.880952380952394 
469.1179993276346 58.07023809523814 
454.7153794058948 65.61904761904762 
457.3334620553078 63.19880952380954 
365.2356767937542 70.97023809523809 
356.1411240113314 77.3757936507936 
345.9178067856246 84.46031746031734 
336.7470625232807 92.92579365079351 
329.38514009998033 103.41785714285699 
323.69508941912983 108.2003968253967 
317.75498308213736 125.22976190476179 
311.27104275293794 128.02103174603164 
306.0961275315343 129.29999999999984 
300.38666121914713 132.56428571428552 
296.1570356049106 133.83333333333314 
286.67108722145133 144.7015873015871 
282.0604159080862 149.39404761904743 
277.37875816921826 151.91825396825377 
273.0255964838342 157.4944444444442 
268.62946450948925 158.2412698412696 
264.4899712224787 168.23690476190453 
261.25622921637535 174.02738095238078 
258.80451252582645 179.6920634920633 
255.2374947347111 185.7492063492062 
389.9310713521761 70.85912698412697 

323.2510786162324 121.46309523809515 
287.12523992269485 137.4646825396824 
530.5181566250682 47.880952380952394 
441.20989181409556 64.81031746031748 
474.10855312125943 57.40238095238098 
365.2356767937542 70.97023809523809 
356.1411240113314 77.3757936507936 
345.9178067856246 84.46031746031734 
336.7470625232807 92.92579365079351 
329.38514009998033 103.41785714285699 
323.69508941912983 108.2003968253967 
317.75498308213736 125.22976190476179 
311.27104275293794 128.02103174603164 
306.0961275315343 129.29999999999984 
300.38666121914713 132.56428571428552 
296.1570356049106 133.83333333333314 
286.67108722145133 144.7015873015871 
282.0604159080862 149.39404761904743 
277.37875816921826 151.91825396825377 
273.0255964838342 157.4944444444442 
268.62946450948925 158.2412698412696 
264.4899712224787 168.23690476190453 
261.25622921637535 174.02738095238078 
258.80451252582645 179.6920634920633 
255.2374947347111 185.7492063492062 

517.632023980507 38.878174603174614 
567.2716849849685 16.702777777777776 
573.2053967771047 4.923015873015873 
427.3878494770381 60.20277777777783 
345.9178067856246 84.46031746031734 
323.69508941912983 108.2003968253967 
306.8706015483465 129.77301587301574 
277.37875816921826 151.91825396825377 
261.25622921637535 174.02738095238078 
462.17273378168767 52.863095238095276 
404.4073385984468 68.28412698412698 
377.65152050728767 70.97023809523809 
376.17974618174276 79.46388888888885 
317.75498308213736 125.22976190476179 
296.1570356049106 133.83333333333314 
286.67108722145133 144.7015873015871 
268.62946450948925 158.2412698412696 
255.2374947347111 185.7492063492062 
253.44953932417087 218.06785714285706 
389.9310713521761 70.85912698412697 

323.2510786162324 121.46309523809515 
287.12523992269485 137.4646825396824 
530.5181566250682 47.880952380952394 
461.9014593199706 60.86388888888893 
365.2356767937542 70.97023809523809 
356.1411240113314 77.3757936507936 
345.9178067856246 84.46031746031734 
336.7470625232807 92.92579365079351 
329.38514009998033 103.41785714285699 
323.69508941912983 108.2003968253967 
317.75498308213736 125.22976190476179 
311.27104275293794 128.02103174603164 
306.0961275315343 129.29999999999984 
300.38666121914713 132.56428571428552 
296.1570356049106 133.83333333333314 
286.67108722145133 144.7015873015871 
282.0604159080862 149.39404761904743 
277.37875816921826 151.91825396825377 
273.0255964838342 157.4944444444442 
268.62946450948925 158.2412698412696 
264.4899712224787 168.23690476190453 
261.25622921637535 174.02738095238078 
258.80451252582645 179.6920634920633 
255.2374947347111 185.7492063492062 
404.4073385984468 68.28412698412698 

323.2510786162324 121.46309523809515 
287.12523992269485 137.4646825396824 
530.5181566250682 47.880952380952394 
365.2356767937542 70.97023809523809 
356.1411240113314 77.3757936507936 
345.9178067856246 84.46031746031734 
336.7470625232807 92.92579365079351 
329.38514009998033 103.41785714285699 
323.69508941912983 108.2003968253967 
317.75498308213736 125.22976190476179 
311.27104275293794 128.02103174603164 
306.0961275315343 129.29999999999984 
300.38666121914713 132.56428571428552 
296.1570356049106 133.83333333333314 
286.67108722145133 144.7015873015871 
282.0604159080862 149.39404761904743 
277.37875816921826 151.91825396825377 
273.0255964838342 157.4944444444442 
268.62946450948925 158.2412698412696 
264.4899712224787 168.23690476190453 
261.25622921637535 174.02738095238078 
258.80451252582645 179.6920634920633 
255.2374947347111 185.7492063492062 
404.4073385984468 68.28412698412698 

323.2510786162324 121.46309523809515 
287.12523992269485 137.4646825396824 
530.5181566250682 47.880952380952394 
567.2716849849685 16.702777777777776 
457.55943501850976 70.43968253968256 
472.28518155750345 49.12936507936507 
470.3767772352172 68.7214285714286 
365.2356767937542 70.97023809523809 
356.1411240113314 77.3757936507936 
345.9178067856246 84.46031746031734 
336.7470625232807 92.92579365079351 
329.38514009998033 103.41785714285699 
323.69508941912983 108.2003968253967 
317.75498308213736 125.22976190476179 
311.27104275293794 128.02103174603164 
306.0961275315343 129.29999999999984 
300.38666121914713 132.56428571428552 
296.1570356049106 133.83333333333314 
286.67108722145133 144.7015873015871 
282.0604159080862 149.39404761904743 
277.37875816921826 151.91825396825377 
273.0255964838342 157.4944444444442 
268.62946450948925 158.2412698412696 
264.4899712224787 168.23690476190453 
261.25622921637535 174.02738095238078 
258.80451252582645 179.6920634920633 
255.2374947347111 185.7492063492062 

323.2510786162324 121.46309523809515 
287.12523992269485 137.4646825396824 
530.5181566250682 47.880952380952394 
452.69506114202005 67.6587301587302 
365.2356767937542 70.97023809523809 
356.1411240113314 77.3757936507936 
345.9178067856246 84.46031746031734 
336.7470625232807 92.92579365079351 
329.38514009998033 103.41785714285699 
323.69508941912983 108.2003968253967 
317.75498308213736 125.22976190476179 
311.27104275293794 128.02103174603164 
306.0961275315343 129.29999999999984 
300.38666121914713 132.56428571428552 
296.1570356049106 133.83333333333314 
286.67108722145133 144.7015873015871 
282.0604159080862 149.39404761904743 
277.37875816921826 151.91825396825377 
273.0255964838342 157.4944444444442 
268.62946450948925 158.2412698412696 
264.4899712224787 168.23690476190453 
261.25622921637535 174.02738095238078 
258.80451252582645 179.6920634920633 
255.2374947347111 185.7492063492062 
404.4073385984468 68.28412698412698 

323.2510786162324 121.46309523809515 
287.12523992269485 137.4646825396824 
530.5181566250682 47.880952380952394 
454.4146605115685 54.37341269841271 
365.2356767937542 70.97023809523809 
356.1411240113314 77.3757936507936 
345.9178067856246 84.46031746031734 
336.7470625232807 92.92579365079351 
329.38514009998033 103.41785714285699 
323.69508941912983 108.2003968253967 
317.75498308213736 125.22976190476179 
311.27104275293794 128.02103174603164 
306.0961275315343 129.29999999999984 
300.38666121914713 132.56428571428552 
296.1570356049106 133.83333333333314 
286.67108722145133 144.7015873015871 
282.0604159080862 149.39404761904743 
277.37875816921826 151.91825396825377 
273.0255964838342 157.4944444444442 
268.62946450948925 158.2412698412696 
264.4899712224787 168.23690476190453 
261.25622921637535 174.02738095238078 
258.80451252582645 179.6920634920633 
255.2374947347111 185.7492063492062 
404.4073385984468 68.28412698412698 
389.9310713521761 70.85912698412697 

323.2510786162324 121.46309523809515 
287.12523992269485 137.4646825396824 
530.5181566250682 47.880952380952394 
567.2716849849685 16.702777777777776 
475.2522335306494 67.42261904761908 
365.2356767937542 70.97023809523809 
356.1411240113314 77.3757936507936 
345.9178067856246 84.46031746031734 
336.7470625232807 92.92579365079351 
329.38514009998033 103.41785714285699 
323.69508941912983 108.2003968253967 
317.75498308213736 125.22976190476179 
311.27104275293794 128.02103174603164 
306.0961275315343 129.29999999999984 
300.38666121914713 132.56428571428552 
296.1570356049106 133.83333333333314 
286.67108722145133 144.7015873015871 
282.0604159080862 149.39404761904743 
277.37875816921826 151.91825396825377 
273.0255964838342 157.4944444444442 
268.62946450948925 158.2412698412696 
264.4899712224787 168.23690476190453 
261.25622921637535 174.02738095238078 
258.80451252582645 179.6920634920633 
255.2374947347111 185.7492063492062 

323.2510786162324 121.46309523809515 
287.12523992269485 137.4646825396824 
530.5181566250682 47.880952380952394 
409.4620028109644 69.26785714285714 
365.2356767937542 70.97023809523809 
356.1411240113314 77.3757936507936 
345.9178067856246 84.46031746031734 
336.7470625232807 92.92579365079351 
329.38514009998033 103.41785714285699 
323.69508941912983 108.2003968253967 
317.75498308213736 125.22976190476179 
311.27104275293794 128.02103174603164 
306.0961275315343 129.29999999999984 
300.38666121914713 132.56428571428552 
296.1570356049106 133.83333333333314 
286.67108722145133 144.7015873015871 
282.0604159080862 149.39404761904743 
277.37875816921826 151.91825396825377 
273.0255964838342 157.4944444444442 
268.62946450948925 158.2412698412696 
264.4899712224787 168.23690476190453 
261.25622921637535 174.02738095238078 
258.80451252582645 179.6920634920633 
255.2374947347111 185.7492063492062 

323.2510786162324 121.46309523809515 
287.12523992269485 137.4646825396824 
530.5181566250682 47.880952380952394 
567.2716849849685 16.702777777777776 
463.06549664671013 55.39563492063492 
365.2356767937542 70.97023809523809 
356.1411240113314 77.3757936507936 
345.9178067856246 84.46031746031734 
336.7470625232807 92.92579365079351 
329.38514009998033 103.41785714285699 
323.69508941912983 108.2003968253967 
317.75498308213736 125.22976190476179 
311.27104275293794 128.02103174603164 
306.0961275315343 129.29999999999984 
300.38666121914713 132.56428571428552 
296.1570356049106 133.83333333333314 
286.67108722145133 144.7015873015871 
282.0604159080862 149.39404761904743 
277.37875816921826 151.91825396825377 
273.0255964838342 157.4944444444442 
268.62946450948925 158.2412698412696 
264.4899712224787 168.23690476190453 
261.25622921637535 174.02738095238078 
258.80451252582645 179.6920634920633 
255.2374947347111 185.7492063492062 
404.4073385984468 68.28412698412698 

323.2510786162324 121.46309523809515 
287.12523992269485 137.4646825396824 
530.5181566250682 47.880952380952394 
365.2356767937542 70.97023809523809 
356.1411240113314 77.3757936507936 
345.9178067856246 84.46031746031734 
336.7470625232807 92.92579365079351 
329.38514009998033 103.41785714285699 
323.69508941912983 108.2003968253967 
317.75498308213736 125.22976190476179 
311.27104275293794 128.02103174603164 
306.0961275315343 129.29999999999984 
300.38666121914713 132.56428571428552 
296.1570356049106 133.83333333333314 
286.67108722145133 144.7015873015871 
282.0604159080862 149.39404761904743 
277.37875816921826 151.91825396825377 
273.0255964838342 157.4944444444442 
268.62946450948925 158.2412698412696 
264.4899712224787 168.23690476190453 
261.25622921637535 174.02738095238078 
258.80451252582645 179.6920634920633 
255.2374947347111 185.7492063492062 
404.4073385984468 68.28412698412698 

323.2510786162324 121.46309523809515 
287.12523992269485 137.4646825396824 
530.5181566250682 47.880952380952394 
462.01681772060056 49.50714285714285 
365.2356767937542 70.97023809523809 
356.1411240113314 77.3757936507936 
345.9178067856246 84.46031746031734 
336.7470625232807 92.92579365079351 
329.38514009998033 103.41785714285699 
323.69508941912983 108.2003968253967 
317.75498308213736 125.22976190476179 
311.27104275293794 128.02103174603164 
306.0961275315343 129.29999999999984 
300.38666121914713 132.56428571428552 
296.1570356049106 133.83333333333314 
286.67108722145133 144.7015873015871 
282.0604159080862 149.39404761904743 
277.37875816921826 151.91825396825377 
273.0255964838342 157.4944444444442 
268.62946450948925 158.2412698412696 
264.4899712224787 168.23690476190453 
261.25622921637535 174.02738095238078 
258.80451252582645 179.6920634920633 
255.2374947347111 185.7492063492062 

323.2510786162324 121.46309523809515 
287.12523992269485 137.4646825396824 
530.5181566250682 47.880952380952394 
567.2716849849685 16.702777777777776 
457.87988621803123 55.44603174603174 
365.2356767937542 70.97023809523809 
356.1411240113314 77.3757936507936 
345.9178067856246 84.46031746031734 
336.7470625232807 92.92579365079351 
329.38514009998033 103.41785714285699 
323.69508941912983 108.2003968253967 
317.75498308213736 125.22976190476179 
311.27104275293794 128.02103174603164 
306.0961275315343 129.29999999999984 
300.38666121914713 132.56428571428552 
296.1570356049106 133.83333333333314 
286.67108722145133 144.7015873015871 
282.0604159080862 149.39404761904743 
277.37875816921826 151.91825396825377 
273.0255964838342 157.4944444444442 
268.62946450948925 158.2412698412696 
264.4899712224787 168.23690476190453 
261.25622921637535 174.02738095238078 
258.80451252582645 179.6920634920633 
255.2374947347111 185.7492063492062 
389.9310713521761 70.85912698412697 

