287.12523992269485 137.4646825396824 
253.44953932417087 218.06785714285706 
345.9178067856246 84.46031746031734 
311.27104275293794 128.02103174603164 
306.0961275315343 129.29999999999984 
300.38666121914713 132.56428571428552 
296.1570356049106 133.83333333333314 
286.67108722145133 144.7015873015871 
282.0604159080862 149.39404761904743 
277.37875816921826 151.91825396825377 
273.0255964838342 157.4944444444442 
268.62946450948925 158.2412698412696 
264.4899712224787 168.23690476190453 
261.25622921637535 174.02738095238078 
258.80451252582645 179.6920634920633 
255.2374947347111 185.7492063492062 
329.38514009998033 103.41785714285699 
336.7470625232807 92.92579365079351 
365.2356767937542 70.97023809523809 
320.070731591566 114.69246031746017 
356.1411240113314 77.3757936507936 
312.56065222919705 124.99047619047604 
318.2701185415843 121.72619047619035 
396.95488434134694 62.15992063492067 
466.2953779668175 34.916666666666686 
444.3190664448972 48.24285714285717 
414.9163531298986 55.075396825396865 
456.3179221739708 39.529761904761926 
453.79004629415937 44.17817460317462 
389.9310713521761 70.85912698412697 
407.639908473272 59.494047619047656 
546.9963033349355 14.696428571428564 
323.6756737875931 106.68214285714268 
489.4310433106742 26.104365079365078 
450.58884103150956 46.693650793650825 
455.9104862557594 42.114285714285735 
348.6904401676158 83.26944444444436 
430.04211278712586 49.187698412698424 
586.2502034051536 3.128968253968254 
553.5988534037849 13.630952380952376 
499.8439528434913 24.717063492063488 
562.0535369618356 11.30753968253968 
488.5846973154554 26.85714285714286 
568.5466102899845 8.351984126984126 
545.4259392633604 16.662698412698408 
317.7355674506006 123.71150793650779 
474.1830384551554 30.76111111111111 
545.4716973858039 15.861111111111105 
537.1596719772141 17.932936507936507 
499.8578437616924 21.27539682539682 
532.7167770884728 18.290079365079364 
573.2053967771047 4.923015873015873 
528.77783557435 19.919444444444444 

287.12523992269485 137.4646825396824 
253.44953932417087 218.06785714285706 
365.2356767937542 70.97023809523809 
345.9178067856246 84.46031746031734 
336.7470625232807 92.92579365079351 
311.27104275293794 128.02103174603164 
306.0961275315343 129.29999999999984 
296.1570356049106 133.83333333333314 
286.67108722145133 144.7015873015871 
282.0604159080862 149.39404761904743 
277.37875816921826 151.91825396825377 
273.0255964838342 157.4944444444442 
268.62946450948925 158.2412698412696 
264.4899712224787 168.23690476190453 
261.25622921637535 174.02738095238078 
258.80451252582645 179.6920634920633 
255.2374947347111 185.7492063492062 
323.69508941912983 108.2003968253967 
326.95029839335746 103.6551587301586 
295.7050034802791 135.08849206349186 
358.98166148254955 74.73134920634917 
329.38514009998033 103.41785714285699 
300.38666121914713 132.56428571428552 
344.70833257019626 86.02063492063482 
408.1800306511739 59.587698412698444 
412.3077585378773 58.83968253968257 
324.21022487857675 104.69682539682523 
356.1411240113314 77.3757936507936 
378.0108950859748 68.3952380952381 
312.56065222919705 124.99047619047604 
392.82102025127426 62.97301587301591 
339.1795566967025 92.06626984126973 
526.0157736632618 19.552380952380958 
413.62293783770576 55.51626984126988 
479.50966747333825 31.144047619047626 
314.454554807514 122.7944444444443 
534.4031961859636 14.814682539682535 
413.4153800615247 58.071031746031785 
575.3134468293505 1.794047619047619 
451.03541430150176 34.932142857142864 
573.2053967771047 4.923015873015873 
504.8236009924912 26.421825396825398 
486.82581877517106 28.53492063492064 
446.7886174189758 39.435317460317464 
319.9419902840341 116.01666666666655 
437.9339766477347 41.607539682539695 
468.90412047237857 32.00277777777778 
433.07394551295044 42.01666666666668 
532.6927497745376 19.233730158730157 
430.5237008101789 45.22857142857144 
504.85952764372615 21.912301587301588 
550.111571108458 12.095238095238093 
517.5616908313818 20.330555555555556 
545.3929074206227 12.122619047619049 
475.0209138249421 31.930158730158738 
540.6197797168282 13.075396825396826 
318.2701185415843 121.72619047619035 
488.4555262703969 26.85714285714286 
503.5966787969062 26.449206349206356 
507.290863213967 20.751190476190477 
377.64629386143696 70.71706349206347 
536.220156276922 13.778174603174604 
479.6841088008162 31.03849206349207 
464.75008620752726 32.35079365079366 
557.1866947061179 11.685714285714285 
427.6142610155111 45.8448412698413 
418.4699394593836 48.49365079365081 

323.2510786162324 121.46309523809515 
287.12523992269485 137.4646825396824 
253.44953932417087 218.06785714285706 
365.2356767937542 70.97023809523809 
356.1411240113314 77.3757936507936 
345.9178067856246 84.46031746031734 
323.69508941912983 108.2003968253967 
311.27104275293794 128.02103174603164 
300.38666121914713 132.56428571428552 
296.1570356049106 133.83333333333314 
286.67108722145133 144.7015873015871 
282.0604159080862 149.39404761904743 
277.37875816921826 151.91825396825377 
273.0255964838342 157.4944444444442 
268.62946450948925 158.2412698412696 
264.4899712224787 168.23690476190453 
261.25622921637535 174.02738095238078 
258.80451252582645 179.6920634920633 
255.2374947347111 185.7492063492062 
336.7470625232807 92.92579365079351 
389.9310713521761 70.85912698412697 
306.0961275315343 129.29999999999984 
573.2053967771047 4.923015873015873 
329.38514009998033 103.41785714285699 
426.85326510367804 52.86349206349208 
425.13838579024184 55.73134920634924 
393.10470534258803 66.35753968253971 
586.2502034051536 3.128968253968254 
295.7050034802791 135.08849206349186 
521.0883023455684 20.274603174603175 
462.79058920928003 40.78055555555558 
456.42888111213006 42.04801587301587 
323.445033762988 120.4472222222221 
312.56065222919705 124.99047619047604 
318.2701185415843 121.72619047619035 
536.5031669046922 11.685714285714285 
440.7708972327241 49.67261904761907 
525.2773224088774 18.778174603174612 
452.20724161736354 46.74444444444445 
307.552670161616 129.2408730158729 
464.10692200686395 37.34484126984127 
529.5455869564324 16.656349206349205 
491.4457372110509 22.975396825396825 
459.7706399771266 40.80952380952381 
486.82327474141954 28.112698412698414 
548.9991132910917 9.891666666666664 
503.5167134113964 21.348015873015868 
472.42164061934164 31.147619047619056 
452.87914294781 42.77301587301588 
451.45592136464904 47.00674603174604 
482.0797164878718 29.328174603174606 
534.240551430014 16.32380952380952 
546.3438372267466 11.567460317460315 
317.7355674506006 123.71150793650779 
500.0411852764231 22.24365079365079 
465.01624731599287 33.81547619047618 

287.12523992269485 137.4646825396824 
253.44953932417087 218.06785714285706 
365.2356767937542 70.97023809523809 
345.9178067856246 84.46031746031734 
323.69508941912983 108.2003968253967 
306.0961275315343 129.29999999999984 
300.38666121914713 132.56428571428552 
296.1570356049106 133.83333333333314 
286.67108722145133 144.7015873015871 
282.0604159080862 149.39404761904743 
277.37875816921826 151.91825396825377 
273.0255964838342 157.4944444444442 
268.62946450948925 158.2412698412696 
264.4899712224787 168.23690476190453 
261.25622921637535 174.02738095238078 
258.80451252582645 179.6920634920633 
255.2374947347111 185.7492063492062 
336.7470625232807 92.92579365079351 
318.2701185415843 121.72619047619035 
586.2502034051536 3.128968253968254 
311.27104275293794 128.02103174603164 
348.6904401676158 83.26944444444436 
416.0371739325953 60.881746031746076 
319.3273468715178 121.38055555555542 
405.48726788661855 62.380158730158776 
315.5117831374474 122.44880952380937 
323.445033762988 120.4472222222221 
329.38514009998033 103.41785714285699 
499.8741543895057 23.4531746031746 
397.0408146599526 68.69603174603174 
434.1455834609493 53.8809523809524 
487.9376081276584 23.871031746031747 
404.4073385984468 68.28412698412698 
312.56065222919705 124.99047619047604 
573.2053967771047 4.923015873015873 
465.5965817626909 34.182539682539705 
389.9310713521761 70.85912698412697 
477.94817930390076 32.555158730158745 
533.7957814486203 16.02103174603174 
356.1411240113314 77.3757936507936 
485.52724682989987 30.817857142857147 
500.0411852764231 22.24365079365079 
534.4031961859636 14.814682539682535 
548.9991132910917 9.891666666666664 
440.03277853855553 50.04801587301591 
448.6437091168159 41.70515873015873 
536.5031669046922 11.685714285714285 
477.11027358219235 33.72738095238096 
503.5167134113964 21.348015873015868 
417.94083881312366 55.75436507936511 
445.8439296606059 46.830555555555605 
479.6520330713638 31.90555555555556 
529.5455869564324 16.656349206349205 
525.0560948284494 19.56031746031746 

287.12523992269485 137.4646825396824 
253.44953932417087 218.06785714285706 
573.2053967771047 4.923015873015873 
365.2356767937542 70.97023809523809 
345.9178067856246 84.46031746031734 
323.69508941912983 108.2003968253967 
306.0961275315343 129.29999999999984 
300.38666121914713 132.56428571428552 
296.1570356049106 133.83333333333314 
286.67108722145133 144.7015873015871 
282.0604159080862 149.39404761904743 
277.37875816921826 151.91825396825377 
273.0255964838342 157.4944444444442 
268.62946450948925 158.2412698412696 
264.4899712224787 168.23690476190453 
261.25622921637535 174.02738095238078 
258.80451252582645 179.6920634920633 
255.2374947347111 185.7492063492062 
336.7470625232807 92.92579365079351 
329.38514009998033 103.41785714285699 
295.7050034802791 135.08849206349186 
316.3171419418664 115.02896825396813 
311.027727691715 118.18809523809512 
480.47289349401814 27.79047619047619 
533.6141122298707 13.194841269841264 
477.4399763780781 32.29920634920635 
491.4457372110509 22.975396825396825 
356.1411240113314 77.3757936507936 
527.8953002979979 17.703571428571422 
391.49407995302795 63.26309523809528 
463.7555442792837 37.61150793650794 
424.8473541173522 52.30476190476193 
378.0108950859748 68.3952380952381 
546.3438372267466 11.567460317460315 
412.78666416046906 60.699206349206385 
514.717704640394 19.219841269841268 
470.28169870372267 33.634126984127 
488.41282009511093 27.484126984126988 
575.3134468293505 1.794047619047619 
425.0630786191598 49.76904761904765 
459.9867105153492 39.63968253968256 
529.5455869564324 16.656349206349205 
452.87914294781 42.77301587301588 
548.9991132910917 9.891666666666664 
536.5031669046922 11.685714285714285 
318.52017419772613 109.47936507936492 
503.5167134113964 21.348015873015868 
500.0411852764231 22.24365079365079 

323.2510786162324 121.46309523809515 
287.12523992269485 137.4646825396824 
253.44953932417087 218.06785714285706 
586.2502034051536 3.128968253968254 
365.2356767937542 70.97023809523809 
356.1411240113314 77.3757936507936 
345.9178067856246 84.46031746031734 
336.7470625232807 92.92579365079351 
329.38514009998033 103.41785714285699 
323.69508941912983 108.2003968253967 
306.0961275315343 129.29999999999984 
300.38666121914713 132.56428571428552 
296.1570356049106 133.83333333333314 
286.67108722145133 144.7015873015871 
282.0604159080862 149.39404761904743 
277.37875816921826 151.91825396825377 
273.0255964838342 157.4944444444442 
268.62946450948925 158.2412698412696 
264.4899712224787 168.23690476190453 
261.25622921637535 174.02738095238078 
258.80451252582645 179.6920634920633 
255.2374947347111 185.7492063492062 
310.9522813899709 125.72777777777772 
317.75498308213736 125.22976190476179 
295.7050034802791 135.08849206349186 
484.7011914642301 31.036507936507945 
318.2701185415843 121.72619047619035 
324.21022487857675 104.69682539682523 
412.3806470899728 58.622222222222256 
516.8137421307721 18.450396825396822 
323.445033762988 120.4472222222221 
499.8741543895057 23.4531746031746 
377.5152276386425 70.85912698412697 
408.315516010988 58.84206349206353 
487.9376081276584 23.871031746031747 
434.5123915185796 48.350000000000016 
472.2310711923503 35.64801587301588 
573.2053967771047 4.923015873015873 
479.6520330713638 31.90555555555556 
390.42673879950837 68.3952380952381 
534.4031961859636 14.814682539682535 
548.9991132910917 9.891666666666664 
546.3438372267466 11.567460317460315 
500.0411852764231 22.24365079365079 
503.5167134113964 21.348015873015868 
529.5455869564324 16.656349206349205 
536.5031669046922 11.685714285714285 
471.75151508271097 37.09365079365081 
560.2206680324031 9.344047619047622 
447.6351129741395 41.26706349206351 
485.0043814354965 29.631349206349213 
404.4073385984468 68.28412698412698 
533.7957814486203 16.02103174603174 

287.12523992269485 137.4646825396824 
253.44953932417087 218.06785714285706 
365.2356767937542 70.97023809523809 
345.9178067856246 84.46031746031734 
336.7470625232807 92.92579365079351 
329.38514009998033 103.41785714285699 
323.69508941912983 108.2003968253967 
300.38666121914713 132.56428571428552 
296.1570356049106 133.83333333333314 
286.67108722145133 144.7015873015871 
282.0604159080862 149.39404761904743 
277.37875816921826 151.91825396825377 
273.0255964838342 157.4944444444442 
268.62946450948925 158.2412698412696 
264.4899712224787 168.23690476190453 
261.25622921637535 174.02738095238078 
258.80451252582645 179.6920634920633 
255.2374947347111 185.7492063492062 
310.14215078064484 129.1797619047618 
313.51063300303684 125.73730158730145 
318.9521871548538 121.19404761904751 
295.7050034802791 135.08849206349186 
389.9310713521761 70.85912698412697 
350.46410233997244 81.13690476190466 
431.74523461755587 52.41865079365084 
356.1411240113314 77.3757936507936 
400.9925832511862 61.64761904761907 
306.0961275315343 129.29999999999984 
395.45697124181817 67.31230158730159 
318.2701185415843 121.72619047619035 
441.9154905260576 49.538888888888934 
422.4022126230577 53.588888888888945 
317.7355674506006 123.71150793650779 
479.6520330713638 31.90555555555556 
516.8137421307721 18.450396825396822 
311.27104275293794 128.02103174603164 
453.8902387574629 42.10714285714289 
481.45948311178194 26.342460317460322 
575.3134468293505 1.794047619047619 
407.292051741817 59.95476190476195 
462.5560285477521 33.528968253968266 
573.2053967771047 4.923015873015873 
419.5716025867053 59.84365079365084 
461.0703309067224 36.00436507936508 
458.7839887152871 40.525000000000006 
422.1436065732307 59.43095238095242 
514.4070506333431 21.914285714285715 
548.9991132910917 9.891666666666664 
323.445033762988 120.4472222222221 
533.7957814486203 16.02103174603174 
442.1668763426926 43.19087301587304 
437.79841579056506 52.38214285714291 
529.5455869564324 16.656349206349205 
536.5031669046922 11.685714285714285 
500.0411852764231 22.24365079365079 
477.68744327931694 33.33849206349206 

287.12523992269485 137.4646825396824 
253.44953932417087 218.06785714285706 
365.2356767937542 70.97023809523809 
345.9178067856246 84.46031746031734 
336.7470625232807 92.92579365079351 
323.69508941912983 108.2003968253967 
311.27104275293794 128.02103174603164 
300.38666121914713 132.56428571428552 
296.1570356049106 133.83333333333314 
286.67108722145133 144.7015873015871 
282.0604159080862 149.39404761904743 
277.37875816921826 151.91825396825377 
273.0255964838342 157.4944444444442 
268.62946450948925 158.2412698412696 
264.4899712224787 168.23690476190453 
261.25622921637535 174.02738095238078 
258.80451252582645 179.6920634920633 
255.2374947347111 185.7492063492062 
356.1411240113314 77.3757936507936 
307.552670161616 129.2408730158729 
324.21022487857675 104.69682539682523 
393.59367577593827 67.85277777777776 
419.6300210596373 56.84206349206353 
424.5878477952486 55.15634920634925 
295.7050034802791 135.08849206349186 
318.52017419772613 109.47936507936492 
438.4725080204502 44.716269841269884 
404.1986955901892 64.818253968254 
312.56065222919705 124.99047619047604 
447.4766033559038 40.96269841269844 
329.38514009998033 103.41785714285699 
318.2701185415843 121.72619047619035 
461.32786086277565 40.1888888888889 
417.84785742438703 61.32579365079368 
389.9310713521761 70.85912698412697 
444.49807963770115 44.70714285714289 
421.3115115556382 56.0726190476191 
407.4374367190665 62.298809523809524 
573.2053967771047 4.923015873015873 
481.71701306783507 30.52698412698414 
546.3438372267466 11.567460317460315 
533.6141122298707 13.194841269841264 
306.0961275315343 129.29999999999984 
317.7355674506006 123.71150793650779 
429.8533382853442 49.75753968253972 
461.80853279458995 32.388492063492066 
529.5455869564324 16.656349206349205 
548.9991132910917 9.891666666666664 
500.0411852764231 22.24365079365079 
503.5167134113964 21.348015873015868 
479.6520330713638 31.90555555555556 
521.0883023455684 20.274603174603175 
532.9004853550153 15.777380952380947 
487.9376081276584 23.871031746031747 
586.2502034051536 3.128968253968254 
536.5031669046922 11.685714285714285 

323.2510786162324 121.46309523809515 
287.12523992269485 137.4646825396824 
253.44953932417087 218.06785714285706 
586.2502034051536 3.128968253968254 
365.2356767937542 70.97023809523809 
345.9178067856246 84.46031746031734 
323.69508941912983 108.2003968253967 
306.0961275315343 129.29999999999984 
300.38666121914713 132.56428571428552 
296.1570356049106 133.83333333333314 
286.67108722145133 144.7015873015871 
282.0604159080862 149.39404761904743 
277.37875816921826 151.91825396825377 
273.0255964838342 157.4944444444442 
268.62946450948925 158.2412698412696 
264.4899712224787 168.23690476190453 
261.25622921637535 174.02738095238078 
258.80451252582645 179.6920634920633 
255.2374947347111 185.7492063492062 
311.27104275293794 128.02103174603164 
336.7470625232807 92.92579365079351 
313.51063300303684 125.73730158730145 
537.0569301658439 14.814682539682535 
431.60035339563524 53.185714285714305 
447.1493072099763 48.532936507936526 
356.1411240113314 77.3757936507936 
317.75498308213736 125.22976190476179 
319.2200993154242 122.47301587301574 
304.60886344111793 131.60396825396813 
381.7000676332577 61.83531746031751 
329.38514009998033 103.41785714285699 
518.9433334867155 23.382142857142867 
573.2053967771047 4.923015873015873 
323.445033762988 120.4472222222221 
506.1681151944949 25.957142857142877 
522.6980838879978 19.377777777777776 
530.7914524548083 16.625 
545.3929074206227 12.122619047619049 
496.1999729603926 31.267460317460333 
548.9991132910917 9.891666666666664 
456.0838893216474 43.48452380952382 
467.15927569764324 41.39325396825398 
499.5910543793821 27.52539682539683 
417.1283110351823 53.851587301587344 
514.9176028384376 25.473412698412705 
476.5046486664637 33.94801587301588 
495.44568270020676 32.43690476190476 
505.47626587991635 26.54761904761905 
447.04483592938146 51.19801587301591 

323.2510786162324 121.46309523809515 
287.12523992269485 137.4646825396824 
253.44953932417087 218.06785714285706 
365.2356767937542 70.97023809523809 
356.1411240113314 77.3757936507936 
345.9178067856246 84.46031746031734 
336.7470625232807 92.92579365079351 
329.38514009998033 103.41785714285699 
323.69508941912983 108.2003968253967 
311.27104275293794 128.02103174603164 
306.0961275315343 129.29999999999984 
300.38666121914713 132.56428571428552 
296.1570356049106 133.83333333333314 
286.67108722145133 144.7015873015871 
282.0604159080862 149.39404761904743 
277.37875816921826 151.91825396825377 
273.0255964838342 157.4944444444442 
268.62946450948925 158.2412698412696 
264.4899712224787 168.23690476190453 
261.25622921637535 174.02738095238078 
258.80451252582645 179.6920634920633 
255.2374947347111 185.7492063492062 
413.1300652704476 58.36468253968253 
382.9668461216005 69.8734126984127 
418.48683954244103 58.25396825396826 
435.8326281895126 48.441269841269865 
453.8902387574629 42.10714285714289 
478.99584279899085 29.978968253968258 
429.8247311508182 52.261507936507954 
317.7355674506006 123.71150793650779 
463.4996045668534 37.5202380952381 
402.8599395053728 59.70317460317463 
507.47239263488245 19.251587301587307 
477.6469204383739 34.89166666666667 
536.6294821518705 10.627380952380951 
452.71702049224166 48.377380952380996 
464.5775672694085 36.31071428571428 
529.5303028760161 16.623809523809523 
385.5025521615263 66.32658730158732 
548.8931721557869 9.830158730158727 
456.7873023260498 39.45 
502.8886841536323 24.45873015873016 
312.56065222919705 124.99047619047604 
575.3134468293505 1.794047619047619 
573.2053967771047 4.923015873015873 
534.4031961859636 14.814682539682535 
535.9231082701989 12.122222222222216 
535.6239113824046 14.621428571428574 
323.445033762988 120.4472222222221 
536.5031669046922 11.685714285714285 
548.8716135081377 10.494841269841263 
503.2702328601899 20.21309523809524 
500.8276028589261 25.15 
549.1228959749272 8.833333333333332 
318.2701185415843 121.72619047619035 

287.12523992269485 137.4646825396824 
253.44953932417087 218.06785714285706 
365.2356767937542 70.97023809523809 
345.9178067856246 84.46031746031734 
336.7470625232807 92.92579365079351 
311.27104275293794 128.02103174603164 
306.0961275315343 129.29999999999984 
300.38666121914713 132.56428571428552 
296.1570356049106 133.83333333333314 
286.67108722145133 144.7015873015871 
282.0604159080862 149.39404761904743 
277.37875816921826 151.91825396825377 
273.0255964838342 157.4944444444442 
268.62946450948925 158.2412698412696 
264.4899712224787 168.23690476190453 
261.25622921637535 174.02738095238078 
258.80451252582645 179.6920634920633 
255.2374947347111 185.7492063492062 
329.38514009998033 103.41785714285699 
417.3911121449109 58.84960317460322 
418.66617371281126 56.48015873015877 
317.95904140461516 107.9511904761903 
405.1654490834812 60.36587301587305 
391.4571805166382 66.58611111111111 
333.6963812213892 100.33293650793638 
445.2688454447521 44.600793650793676 
396.8627270631111 64.12698412698415 
502.00965653072956 21.277380952380945 
573.2053967771047 4.923015873015873 
464.1425842790221 34.81587301587302 
586.2502034051536 3.128968253968254 
429.34214628945045 45.98809523809526 
356.1411240113314 77.3757936507936 
425.2934650359272 50.929365079365134 
433.5731709076654 45.54603174603179 
317.7355674506006 123.71150793650779 
449.3235831472767 40.617857142857176 
487.3920289102004 24.913095238095238 
463.7555442792837 37.61150793650794 
351.2816208703964 82.75634920634911 
461.32786086277565 40.1888888888889 
534.5064421014258 11.780952380952378 
367.77138283368 67.4234126984127 
536.5031669046922 11.685714285714285 
500.0411852764231 22.24365079365079 
312.56065222919705 124.99047619047604 
504.0143797875471 16.91626984126984 
473.5690688299221 31.07698412698413 
481.45948311178194 26.342460317460322 
529.5455869564324 16.656349206349205 
492.59203954484684 22.904761904761898 
546.6270928920238 7.024603174603174 
440.1124661676726 45.12738095238099 
544.7169232221249 11.385714285714284 
487.9376081276584 23.871031746031747 

323.2510786162324 121.46309523809515 
287.12523992269485 137.4646825396824 
253.44953932417087 218.06785714285706 
365.2356767937542 70.97023809523809 
345.9178067856246 84.46031746031734 
336.7470625232807 92.92579365079351 
329.38514009998033 103.41785714285699 
323.69508941912983 108.2003968253967 
311.27104275293794 128.02103174603164 
306.0961275315343 129.29999999999984 
300.38666121914713 132.56428571428552 
296.1570356049106 133.83333333333314 
286.67108722145133 144.7015873015871 
282.0604159080862 149.39404761904743 
277.37875816921826 151.91825396825377 
273.0255964838342 157.4944444444442 
268.62946450948925 158.2412698412696 
264.4899712224787 168.23690476190453 
261.25622921637535 174.02738095238078 
258.80451252582645 179.6920634920633 
255.2374947347111 185.7492063492062 
351.2816208703964 82.75634920634911 
448.6437091168159 41.70515873015873 
389.9310713521761 70.85912698412697 
460.9232599617043 41.59404761904762 
356.1411240113314 77.3757936507936 
422.9829041924741 55.25476190476193 
532.7167770884728 18.290079365079364 
410.8158910045678 58.73333333333337 
313.51063300303684 125.73730158730145 
435.4056618654303 45.592857142857156 
436.13305735964684 43.415079365079386 
318.2701185415843 121.72619047619035 
488.55673496619227 26.714285714285715 
575.3134468293505 1.794047619047619 
573.2053967771047 4.923015873015873 
323.445033762988 120.4472222222221 
320.17118719049193 121.52539682539667 
317.7355674506006 123.71150793650779 
481.71701306783507 30.52698412698414 
415.21895369833896 55.757539682539715 
312.58006786073366 126.50873015873003 
463.7555442792837 37.61150793650794 
461.32786086277565 40.1888888888889 
469.0328613218755 32.04325396825398 
401.06296593105725 61.550793650793686 
468.1955451103958 36.519047619047626 
548.9991132910917 9.891666666666664 
525.7636765240081 21.722619047619045 
500.0411852764231 22.24365079365079 
536.5031669046922 11.685714285714285 
479.6520330713638 31.90555555555556 
527.0439803112941 20.550396825396824 

323.2510786162324 121.46309523809515 
287.12523992269485 137.4646825396824 
253.44953932417087 218.06785714285706 
365.2356767937542 70.97023809523809 
356.1411240113314 77.3757936507936 
345.9178067856246 84.46031746031734 
323.69508941912983 108.2003968253967 
306.0961275315343 129.29999999999984 
300.38666121914713 132.56428571428552 
296.1570356049106 133.83333333333314 
286.67108722145133 144.7015873015871 
282.0604159080862 149.39404761904743 
277.37875816921826 151.91825396825377 
273.0255964838342 157.4944444444442 
268.62946450948925 158.2412698412696 
264.4899712224787 168.23690476190453 
261.25622921637535 174.02738095238078 
258.80451252582645 179.6920634920633 
255.2374947347111 185.7492063492062 
295.10703369418894 136.33492063492045 
382.9668461216005 69.8734126984127 
317.72840138001015 121.7162698412697 
445.7147586155474 46.830555555555605 
306.8440198462192 126.25952380952367 
329.38514009998033 103.41785714285699 
401.1556322339993 67.30238095238096 
424.7964908035063 58.622222222222256 
531.5868174501336 16.32380952380952 
420.9494790599112 62.49603174603178 
426.3887122429892 56.78293650793656 
401.4270461692426 65.10039682539684 
323.445033762988 120.4472222222221 
336.7470625232807 92.92579365079351 
312.55348615860635 122.99523809523795 
586.2502034051536 3.128968253968254 
467.5484559225988 33.53293650793651 
326.37743548491 107.46904761904749 
440.03277853855553 50.04801587301591 
465.1380946248403 40.47976190476193 
487.9376081276584 23.871031746031747 
466.10391082060687 37.16865079365082 
485.52724682989987 30.817857142857147 
533.7957814486203 16.02103174603174 
573.2053967771047 4.923015873015873 
436.15344871527157 51.21984126984131 
527.0439803112941 20.550396825396824 
421.17461826142556 61.22500000000004 
529.5455869564324 16.656349206349205 
548.9991132910917 9.891666666666664 
500.0411852764231 22.24365079365079 
536.5031669046922 11.685714285714285 
447.6351129741395 41.26706349206351 
486.0630034756929 28.03690476190476 
568.5466102899845 8.351984126984126 

287.12523992269485 137.4646825396824 
253.44953932417087 218.06785714285706 
365.2356767937542 70.97023809523809 
356.1411240113314 77.3757936507936 
345.9178067856246 84.46031746031734 
300.38666121914713 132.56428571428552 
296.1570356049106 133.83333333333314 
286.67108722145133 144.7015873015871 
282.0604159080862 149.39404761904743 
277.37875816921826 151.91825396825377 
273.0255964838342 157.4944444444442 
268.62946450948925 158.2412698412696 
264.4899712224787 168.23690476190453 
261.25622921637535 174.02738095238078 
258.80451252582645 179.6920634920633 
255.2374947347111 185.7492063492062 
305.15663426553266 127.83253968253959 
336.7470625232807 92.92579365079351 
479.93640140633204 40.411904761904786 
329.38514009998033 103.41785714285699 
534.4031961859636 14.814682539682535 
479.29594110577966 41.84761904761908 
317.7355674506006 123.71150793650779 
318.9521871548538 121.19404761904751 
358.98166148254955 74.73134920634917 
323.69508941912983 108.2003968253967 
586.2502034051536 3.128968253968254 
380.7409078819508 68.12738095238096 
351.2816208703964 82.75634920634911 
319.53618050058236 116.67777777777762 
438.9017025827109 48.61428571428574 
491.6148095477045 27.582142857142863 
482.1824296024953 35.119444444444454 
420.45868177177823 60.11349206349212 
573.2053967771047 4.923015873015873 
548.9991132910917 9.891666666666664 
312.56065222919705 124.99047619047604 
318.2701185415843 121.72619047619035 
465.43595998081577 42.00952380952382 
528.5642958798376 18.046031746031748 
491.5666602286806 30.45952380952383 
514.3152073020855 19.728968253968254 
503.5167134113964 21.348015873015868 
454.8284017380127 47.226984126984156 
433.0249574691525 59.80396825396831 
522.6980838879978 19.377777777777776 
509.89389158609015 21.126190476190477 
500.0411852764231 22.24365079365079 
545.3929074206227 12.122619047619049 
420.3340377537484 66.8968253968254 
530.7914524548083 16.625 
499.5910543793821 27.52539682539683 
434.08901222988055 55.255555555555596 

287.12523992269485 137.4646825396824 
253.44953932417087 218.06785714285706 
365.2356767937542 70.97023809523809 
336.7470625232807 92.92579365079351 
311.27104275293794 128.02103174603164 
306.0961275315343 129.29999999999984 
300.38666121914713 132.56428571428552 
296.1570356049106 133.83333333333314 
286.67108722145133 144.7015873015871 
282.0604159080862 149.39404761904743 
277.37875816921826 151.91825396825377 
273.0255964838342 157.4944444444442 
268.62946450948925 158.2412698412696 
264.4899712224787 168.23690476190453 
261.25622921637535 174.02738095238078 
258.80451252582645 179.6920634920633 
255.2374947347111 185.7492063492062 
356.1411240113314 77.3757936507936 
586.2502034051536 3.128968253968254 
318.2701185415843 121.72619047619035 
407.51501614156234 65.05674603174604 
573.2053967771047 4.923015873015873 
413.58219427122015 63.58412698412702 
318.5007585661894 107.96111111111092 
345.9178067856246 84.46031746031734 
469.97613933910685 30.955555555555556 
295.7759899057819 137.25674603174585 
329.38514009998033 103.41785714285699 
451.03541430150176 34.932142857142864 
415.67045382627737 60.88134920634925 
445.7773210395983 43.49722222222225 
524.9733922134697 20.870634920634917 
480.0494358894669 27.01031746031746 
427.7332587140003 53.540873015873046 
525.0560948284494 19.56031746031746 
500.0411852764231 22.24365079365079 
466.16647324465765 33.83531746031747 
548.9991132910917 9.891666666666664 
487.9376081276584 23.871031746031747 
469.0328613218755 32.04325396825398 
499.8741543895057 23.4531746031746 
529.5455869564324 16.656349206349205 
430.64626209644246 44.59404761904766 
503.5167134113964 21.348015873015868 
448.6437091168159 41.70515873015873 
429.7269864843512 47.53928571428574 
423.805511496927 56.499603174603216 
536.5031669046922 11.685714285714285 
421.5219173918489 59.50317460317464 
312.56065222919705 124.99047619047604 
379.2679154165475 67.1138888888889 

323.2510786162324 121.46309523809515 
287.12523992269485 137.4646825396824 
253.44953932417087 218.06785714285706 
345.9178067856246 84.46031746031734 
336.7470625232807 92.92579365079351 
323.69508941912983 108.2003968253967 
300.38666121914713 132.56428571428552 
296.1570356049106 133.83333333333314 
286.67108722145133 144.7015873015871 
282.0604159080862 149.39404761904743 
277.37875816921826 151.91825396825377 
273.0255964838342 157.4944444444442 
268.62946450948925 158.2412698412696 
264.4899712224787 168.23690476190453 
261.25622921637535 174.02738095238078 
258.80451252582645 179.6920634920633 
255.2374947347111 185.7492063492062 
573.2053967771047 4.923015873015873 
356.1411240113314 77.3757936507936 
311.27104275293794 128.02103174603164 
391.9914948849132 68.28412698412698 
318.2701185415843 121.72619047619035 
365.2356767937542 70.97023809523809 
429.06900969572206 54.32103174603176 
394.39227114818055 66.2269841269841 
415.70193802108366 65.02777777777781 
306.0961275315343 129.29999999999984 
423.805511496927 56.499603174603216 
417.45925475297884 57.05555555555561 
437.8484069580384 47.39365079365082 
482.89149410903997 29.450793650793667 
329.38514009998033 103.41785714285699 
471.91865039200707 34.26587301587302 
393.9375942412765 67.00793650793652 
440.83166841996353 45.06904761904765 
430.63932337205495 53.08373015873017 
452.1000525935937 44.730952380952395 
586.2502034051536 3.128968253968254 
461.43498459959454 37.72936507936509 
548.9991132910917 9.891666666666664 
491.4457372110509 22.975396825396825 
436.11141867635325 48.246428571428616 
500.0411852764231 22.24365079365079 
482.49510450238176 32.00674603174604 
317.7355674506006 123.71150793650779 
323.445033762988 120.4472222222221 
461.3556380441748 38.036111111111126 
527.8953002979979 17.703571428571422 
475.4273695286719 32.87857142857143 
540.6197797168282 13.075396825396826 
378.0108950859748 68.3952380952381 
546.3438372267466 11.567460317460315 
503.5167134113964 21.348015873015868 
479.5561310297822 32.29246031746031 
533.6141122298707 13.194841269841264 
505.19213067152725 18.6015873015873 

323.2510786162324 121.46309523809515 
287.12523992269485 137.4646825396824 
253.44953932417087 218.06785714285706 
365.2356767937542 70.97023809523809 
356.1411240113314 77.3757936507936 
345.9178067856246 84.46031746031734 
336.7470625232807 92.92579365079351 
329.38514009998033 103.41785714285699 
311.27104275293794 128.02103174603164 
306.0961275315343 129.29999999999984 
300.38666121914713 132.56428571428552 
296.1570356049106 133.83333333333314 
286.67108722145133 144.7015873015871 
282.0604159080862 149.39404761904743 
277.37875816921826 151.91825396825377 
273.0255964838342 157.4944444444442 
268.62946450948925 158.2412698412696 
264.4899712224787 168.23690476190453 
261.25622921637535 174.02738095238078 
258.80451252582645 179.6920634920633 
255.2374947347111 185.7492063492062 
586.2502034051536 3.128968253968254 
459.018933310191 39.33531746031748 
406.89215517421735 61.25992063492067 
326.95029839335746 103.6551587301586 
323.445033762988 120.4472222222221 
324.21022487857675 104.69682539682523 
429.8533382853442 49.75753968253972 
358.98166148254955 74.73134920634917 
404.4073385984468 68.28412698412698 
415.3770710390734 52.33253968253973 
463.7555442792837 37.61150793650794 
317.7355674506006 123.71150793650779 
533.7957814486203 16.02103174603174 
573.2053967771047 4.923015873015873 
318.2701185415843 121.72619047619035 
481.71701306783507 30.52698412698414 
471.75151508271097 37.09365079365081 
516.8137421307721 18.450396825396822 
377.5152276386425 70.85912698412697 
312.56065222919705 124.99047619047604 
488.93006999939024 28.827380952380953 
500.0411852764231 22.24365079365079 
548.9991132910917 9.891666666666664 
529.5455869564324 16.656349206349205 
474.1830384551554 30.76111111111111 
546.3438372267466 11.567460317460315 
503.5167134113964 21.348015873015868 
323.6756737875931 106.68214285714268 
435.9023076016753 48.6698412698413 
450.24249049040367 40.09563492063493 
536.5031669046922 11.685714285714285 

323.2510786162324 121.46309523809515 
287.12523992269485 137.4646825396824 
253.44953932417087 218.06785714285706 
365.2356767937542 70.97023809523809 
345.9178067856246 84.46031746031734 
336.7470625232807 92.92579365079351 
323.69508941912983 108.2003968253967 
311.27104275293794 128.02103174603164 
306.0961275315343 129.29999999999984 
300.38666121914713 132.56428571428552 
296.1570356049106 133.83333333333314 
286.67108722145133 144.7015873015871 
282.0604159080862 149.39404761904743 
277.37875816921826 151.91825396825377 
273.0255964838342 157.4944444444442 
268.62946450948925 158.2412698412696 
264.4899712224787 168.23690476190453 
261.25622921637535 174.02738095238078 
258.80451252582645 179.6920634920633 
255.2374947347111 185.7492063492062 
356.1411240113314 77.3757936507936 
313.51063300303684 125.73730158730145 
329.38514009998033 103.41785714285699 
378.0108950859748 68.3952380952381 
417.65913928380695 55.07777777777781 
573.2053967771047 4.923015873015873 
381.6626969528602 67.03928571428571 
405.09068004016416 57.06785714285717 
524.9733922134697 20.870634920634917 
536.9277591207855 14.814682539682535 
586.2502034051536 3.128968253968254 
323.445033762988 120.4472222222221 
497.6378208597982 25.334920634920636 
379.2679154165475 67.1138888888889 
318.2701185415843 121.72619047619035 
430.64626209644246 44.59404761904766 
498.03607264343333 25.229761904761904 
394.3136975950751 57.37738095238098 
426.23319491343494 53.92222222222223 
436.85166258323466 44.39523809523812 
451.03541430150176 34.932142857142864 
317.7355674506006 123.71150793650779 
443.75896964487526 39.35079365079365 
500.0411852764231 22.24365079365079 
499.8741543895057 23.4531746031746 
548.9991132910917 9.891666666666664 
466.16647324465765 33.83531746031747 
534.240551430014 16.32380952380952 
454.0187550518721 34.5063492063492 
503.02452602679335 21.817857142857136 
546.3438372267466 11.567460317460315 
475.0209138249421 31.930158730158738 
544.3214696816291 14.696428571428564 
481.45948311178194 26.342460317460322 
503.5167134113964 21.348015873015868 
474.6226620413067 32.03531746031747 

287.12523992269485 137.4646825396824 
253.44953932417087 218.06785714285706 
336.7470625232807 92.92579365079351 
323.69508941912983 108.2003968253967 
311.27104275293794 128.02103174603164 
306.0961275315343 129.29999999999984 
300.38666121914713 132.56428571428552 
296.1570356049106 133.83333333333314 
286.67108722145133 144.7015873015871 
282.0604159080862 149.39404761904743 
277.37875816921826 151.91825396825377 
273.0255964838342 157.4944444444442 
268.62946450948925 158.2412698412696 
264.4899712224787 168.23690476190453 
261.25622921637535 174.02738095238078 
258.80451252582645 179.6920634920633 
255.2374947347111 185.7492063492062 
329.38514009998033 103.41785714285699 
307.0266926738375 128.52857142857127 
326.95029839335746 103.6551587301586 
345.9178067856246 84.46031746031734 
350.46410233997244 81.13690476190466 
312.56065222919705 124.99047619047604 
356.1411240113314 77.3757936507936 
395.39681802828574 62.61309523809527 
573.2053967771047 4.923015873015873 
318.9521871548538 121.19404761904751 
407.30146492351594 60.94761904761908 
323.445033762988 120.4472222222221 
317.72840138001015 121.7162698412697 
417.5247821492228 53.86309523809528 
546.9059398488755 13.02063492063492 
409.94558076848875 55.98769841269846 
500.0411852764231 22.24365079365079 
586.2502034051536 3.128968253968254 
548.7245066764481 10.576587301587299 
435.9023076016753 48.6698412698413 
429.8533382853442 49.75753968253972 
466.2953779668175 34.916666666666686 
536.0421214306588 14.174603174603178 
568.5466102899845 8.351984126984126 
365.2356767937542 70.97023809523809 
528.9350698003424 19.59206349206349 
464.9011923243097 37.9015873015873 
548.9991132910917 9.891666666666664 
529.5455869564324 16.656349206349205 
498.03607264343333 25.229761904761904 
535.6239113824046 14.621428571428574 
427.61693482502227 50.04801587301591 
548.1080900120343 12.827380952380953 
524.9733922134697 20.870634920634917 
481.96249316728245 29.32857142857144 
529.159955126649 19.1452380952381 
450.24249049040367 40.09563492063493 
499.0693618710139 25.179365079365066 
548.536884888147 12.380555555555556 
388.0236589706146 65.25396825396827 
478.6802096659546 34.841269841269835 
482.0637018630779 29.185714285714294 
460.5866425000834 38.94007936507936 
499.7126300053115 22.59246031746031 
527.0439803112941 20.550396825396824 

287.12523992269485 137.4646825396824 
253.44953932417087 218.06785714285706 
573.2053967771047 4.923015873015873 
345.9178067856246 84.46031746031734 
323.69508941912983 108.2003968253967 
306.0961275315343 129.29999999999984 
300.38666121914713 132.56428571428552 
296.1570356049106 133.83333333333314 
286.67108722145133 144.7015873015871 
282.0604159080862 149.39404761904743 
277.37875816921826 151.91825396825377 
273.0255964838342 157.4944444444442 
268.62946450948925 158.2412698412696 
264.4899712224787 168.23690476190453 
261.25622921637535 174.02738095238078 
258.80451252582645 179.6920634920633 
255.2374947347111 185.7492063492062 
382.9668461216005 69.8734126984127 
536.5031669046922 11.685714285714285 
306.8440198462192 126.25952380952367 
336.7470625232807 92.92579365079351 
586.2502034051536 3.128968253968254 
324.21022487857675 104.69682539682523 
450.398166748606 42.36031746031747 
317.72840138001015 121.7162698412697 
358.98166148254955 74.73134920634917 
318.9521871548538 121.19404761904751 
365.2356767937542 70.97023809523809 
356.1411240113314 77.3757936507936 
329.38514009998033 103.41785714285699 
435.2894185412717 54.47817460317462 
393.33495901801734 62.51428571428576 
524.9733922134697 20.870634920634917 
449.12072200907795 52.52380952380954 
548.9991132910917 9.891666666666664 
527.0439803112941 20.550396825396824 
419.36271938596997 55.86547619047622 
482.5991667897038 32.31428571428572 
323.445033762988 120.4472222222221 
476.0042723219043 38.269047619047626 
312.56065222919705 124.99047619047604 
446.02897903353255 53.766269841269875 
494.89390683375956 30.773015873015865 
501.29358437142423 28.27896825396825 
529.5455869564324 16.656349206349205 
503.5167134113964 21.348015873015868 
463.17338504082664 39.785317460317465 

287.12523992269485 137.4646825396824 
253.44953932417087 218.06785714285706 
365.2356767937542 70.97023809523809 
356.1411240113314 77.3757936507936 
345.9178067856246 84.46031746031734 
336.7470625232807 92.92579365079351 
329.38514009998033 103.41785714285699 
311.27104275293794 128.02103174603164 
306.0961275315343 129.29999999999984 
300.38666121914713 132.56428571428552 
296.1570356049106 133.83333333333314 
286.67108722145133 144.7015873015871 
282.0604159080862 149.39404761904743 
277.37875816921826 151.91825396825377 
273.0255964838342 157.4944444444442 
268.62946450948925 158.2412698412696 
264.4899712224787 168.23690476190453 
261.25622921637535 174.02738095238078 
258.80451252582645 179.6920634920633 
255.2374947347111 185.7492063492062 
318.52017419772613 109.47936507936492 
323.69508941912983 108.2003968253967 
460.1857551888893 43.8607142857143 
411.65036339494947 58.01587301587307 
494.2377463325373 31.963095238095235 
410.32022355723564 61.19722222222225 
484.0007939406872 32.56666666666667 
405.8577705074777 69.4718253968254 
413.7965585309432 57.31587301587305 
573.2053967771047 4.923015873015873 
586.2502034051536 3.128968253968254 
497.538142484417 30.883730158730163 
389.9310713521761 70.85912698412697 
317.7355674506006 123.71150793650779 
461.0323581375425 39.22063492063493 
504.7991713214403 23.669841269841267 
461.39698529469143 36.09960317460317 
517.2491344754897 22.4218253968254 
318.2701185415843 121.72619047619035 
448.7459846524766 45.76150793650796 
315.66172128563517 125.05277777777764 
447.1347345843847 46.49166666666668 
426.9230457957762 53.87222222222225 
548.6941336224396 8.75674603174603 
479.5345960990361 33.224603174603175 
517.9562784278417 21.986904761904757 
500.8276028589261 25.15 
457.3103455933812 44.04365079365081 
437.09965702687305 46.78769841269845 
533.8664599178721 18.591666666666665 
494.2448207532368 31.805952380952387 
536.2127099355295 10.550793650793649 
529.8413217697198 19.603968253968258 

287.12523992269485 137.4646825396824 
253.44953932417087 218.06785714285706 
365.2356767937542 70.97023809523809 
345.9178067856246 84.46031746031734 
336.7470625232807 92.92579365079351 
329.38514009998033 103.41785714285699 
300.38666121914713 132.56428571428552 
296.1570356049106 133.83333333333314 
286.67108722145133 144.7015873015871 
282.0604159080862 149.39404761904743 
277.37875816921826 151.91825396825377 
273.0255964838342 157.4944444444442 
268.62946450948925 158.2412698412696 
264.4899712224787 168.23690476190453 
261.25622921637535 174.02738095238078 
258.80451252582645 179.6920634920633 
255.2374947347111 185.7492063492062 
440.72318995880784 57.23492063492068 
389.9310713521761 70.85912698412697 
308.9190415630798 127.68174603174592 
306.0961275315343 129.29999999999984 
461.16182205730235 50.66230158730164 
323.6756737875931 106.68214285714268 
351.93279854432166 79.63769841269834 
313.24272084246655 124.4583333333332 
318.9521871548538 121.19404761904751 
573.2053967771047 4.923015873015873 
428.7520568707845 59.2539682539683 
312.56065222919705 124.99047619047604 
311.39825016381496 125.39007936507923 
586.2502034051536 3.128968253968254 
358.98166148254955 74.73134920634917 
514.3747916683214 22.344444444444445 
412.97847638092213 65.04722222222226 
317.7355674506006 123.71150793650779 
500.8276028589261 25.15 
319.53618050058236 116.67777777777762 
492.64277928687494 29.87936507936508 
423.13058962655003 64.22936507936512 
336.2191891117469 98.67142857142844 
399.64567705397997 66.6746031746032 
467.5484559225988 33.53293650793651 
533.7957814486203 16.02103174603174 
548.9991132910917 9.891666666666664 
461.32786086277565 40.1888888888889 
536.5031669046922 11.685714285714285 
484.8155933144296 33.36626984126984 
529.5455869564324 16.656349206349205 
516.8137421307721 18.450396825396822 
443.11917024476634 53.727777777777824 
458.2139360487922 52.1103174603175 
356.1411240113314 77.3757936507936 
504.9176029076327 23.70436507936508 
318.2701185415843 121.72619047619035 

287.12523992269485 137.4646825396824 
253.44953932417087 218.06785714285706 
365.2356767937542 70.97023809523809 
345.9178067856246 84.46031746031734 
336.7470625232807 92.92579365079351 
323.69508941912983 108.2003968253967 
306.0961275315343 129.29999999999984 
300.38666121914713 132.56428571428552 
296.1570356049106 133.83333333333314 
286.67108722145133 144.7015873015871 
282.0604159080862 149.39404761904743 
277.37875816921826 151.91825396825377 
273.0255964838342 157.4944444444442 
268.62946450948925 158.2412698412696 
264.4899712224787 168.23690476190453 
261.25622921637535 174.02738095238078 
258.80451252582645 179.6920634920633 
255.2374947347111 185.7492063492062 
389.9310713521761 70.85912698412697 
329.38514009998033 103.41785714285699 
320.1515362443658 118.6238095238094 
586.2502034051536 3.128968253968254 
312.56065222919705 124.99047619047604 
311.27104275293794 128.02103174603164 
431.3539502877895 55.43849206349208 
423.805511496927 56.499603174603216 
573.2053967771047 4.923015873015873 
295.10703369418894 136.33492063492045 
479.6520330713638 31.90555555555556 
442.54237656758744 49.73214285714289 
575.9666834139961 4.493650793650794 
318.2701185415843 121.72619047619035 
534.4031961859636 14.814682539682535 
462.27160046788396 39.779761904761926 
423.0649678235149 57.761507936507975 
438.24939098267015 50.98412698412704 
458.79533369116797 45.66785714285717 
356.1411240113314 77.3757936507936 
470.84061173636155 35.688492063492085 
487.9376081276584 23.871031746031747 
317.7355674506006 123.71150793650779 
533.7957814486203 16.02103174603174 
397.9393250055462 65.38928571428573 
420.38110657075686 60.25357142857144 
405.1034990349633 64.84603174603177 
461.48816966362693 45.13293650793656 
503.5167134113964 21.348015873015868 
527.0439803112941 20.550396825396824 
548.9991132910917 9.891666666666664 
500.0411852764231 22.24365079365079 
529.5455869564324 16.656349206349205 
434.1079982295914 52.72539682539685 
536.5031669046922 11.685714285714285 
481.45948311178194 26.342460317460322 
524.9733922134697 20.870634920634917 
474.2793909625223 32.4452380952381 
445.9241418575613 46.501190476190494 

287.12523992269485 137.4646825396824 
253.44953932417087 218.06785714285706 
365.2356767937542 70.97023809523809 
345.9178067856246 84.46031746031734 
336.7470625232807 92.92579365079351 
329.38514009998033 103.41785714285699 
323.69508941912983 108.2003968253967 
317.75498308213736 125.22976190476179 
306.0961275315343 129.29999999999984 
300.38666121914713 132.56428571428552 
296.1570356049106 133.83333333333314 
286.67108722145133 144.7015873015871 
282.0604159080862 149.39404761904743 
277.37875816921826 151.91825396825377 
273.0255964838342 157.4944444444442 
268.62946450948925 158.2412698412696 
264.4899712224787 168.23690476190453 
261.25622921637535 174.02738095238078 
258.80451252582645 179.6920634920633 
255.2374947347111 185.7492063492062 
356.1411240113314 77.3757936507936 
305.5615764405507 131.28531746031732 
312.6169024253988 126.25119047619039 
394.2348059580911 65.57420634920638 
586.2502034051536 3.128968253968254 
307.53870183778434 127.53015873015863 
429.8790358622196 52.29801587301592 
318.2701185415843 121.72619047619035 
426.4910387156819 53.47222222222224 
387.05019170208294 68.44563492063493 
463.7555442792837 37.61150793650794 
394.2035984467725 66.41865079365078 
429.55724662016706 52.3726190476191 
464.424396168928 33.433730158730164 
437.67624123908155 47.92539682539687 
465.99835510723045 33.03611111111112 
491.9641631613901 25.382936507936506 
351.2816208703964 82.75634920634911 
481.71701306783507 30.52698412698414 
479.6520330713638 31.90555555555556 
445.7773210395983 43.49722222222225 
435.9416597740642 49.50674603174606 
548.9991132910917 9.891666666666664 
525.0560948284494 19.56031746031746 
323.445033762988 120.4472222222221 
573.2053967771047 4.923015873015873 
546.3438372267466 11.567460317460315 
485.93096333557503 26.85714285714286 
458.065393444141 38.26349206349209 
457.14289380731526 40.25317460317463 
503.5167134113964 21.348015873015868 
432.08470810207166 50.927380952381 
500.0411852764231 22.24365079365079 
406.52004904037045 58.011904761904795 
450.14929269396004 42.007936507936535 
533.6141122298707 13.194841269841264 
532.7167770884728 18.290079365079364 
318.85292329743174 121.3325396825396 
426.3735962614132 54.637698412698455 
450.21676324903206 40.932539682539705 

287.12523992269485 137.4646825396824 
253.44953932417087 218.06785714285706 
365.2356767937542 70.97023809523809 
323.69508941912983 108.2003968253967 
311.27104275293794 128.02103174603164 
306.0961275315343 129.29999999999984 
300.38666121914713 132.56428571428552 
296.1570356049106 133.83333333333314 
286.67108722145133 144.7015873015871 
282.0604159080862 149.39404761904743 
277.37875816921826 151.91825396825377 
273.0255964838342 157.4944444444442 
268.62946450948925 158.2412698412696 
264.4899712224787 168.23690476190453 
261.25622921637535 174.02738095238078 
258.80451252582645 179.6920634920633 
255.2374947347111 185.7492063492062 
572.950245962712 7.851984126984127 
348.6904401676158 83.26944444444436 
336.7470625232807 92.92579365079351 
345.9178067856246 84.46031746031734 
295.7050034802791 135.08849206349186 
408.315516010988 58.84206349206353 
461.0703309067224 36.00436507936508 
479.6520330713638 31.90555555555556 
434.5123915185796 48.350000000000016 
448.6437091168159 41.70515873015873 
573.2053967771047 4.923015873015873 
487.75426661292744 22.902777777777775 
465.5965817626909 34.182539682539705 
445.90622576175815 44.57857142857148 
425.55651129228494 52.62301587301591 
410.6053722963244 58.43134920634924 
318.52017419772613 109.47936507936492 
407.59504250373345 59.70753968253971 
546.3438372267466 11.567460317460315 
533.6141122298707 13.194841269841264 
378.0108950859748 68.3952380952381 
449.90773676335743 38.69047619047621 
503.5167134113964 21.348015873015868 
434.6482991016272 46.194444444444464 
394.6696699390956 60.35833333333336 
548.9991132910917 9.891666666666664 
481.45948311178194 26.342460317460322 
500.0411852764231 22.24365079365079 
469.0328613218755 32.04325396825398 
525.0560948284494 19.56031746031746 
575.3134468293505 1.794047619047619 
414.45571603456557 56.926587301587354 
329.38514009998033 103.41785714285699 
536.5031669046922 11.685714285714285 
311.61679285894274 116.78492063492051 
532.7167770884728 18.290079365079364 
356.1411240113314 77.3757936507936 

287.12523992269485 137.4646825396824 
253.44953932417087 218.06785714285706 
586.2502034051536 3.128968253968254 
365.2356767937542 70.97023809523809 
345.9178067856246 84.46031746031734 
323.69508941912983 108.2003968253967 
311.27104275293794 128.02103174603164 
300.38666121914713 132.56428571428552 
296.1570356049106 133.83333333333314 
286.67108722145133 144.7015873015871 
282.0604159080862 149.39404761904743 
277.37875816921826 151.91825396825377 
273.0255964838342 157.4944444444442 
268.62946450948925 158.2412698412696 
264.4899712224787 168.23690476190453 
261.25622921637535 174.02738095238078 
258.80451252582645 179.6920634920633 
255.2374947347111 185.7492063492062 
389.9310713521761 70.85912698412697 
312.55348615860635 122.99523809523795 
401.1388163746652 66.81468253968254 
318.2701185415843 121.72619047619035 
318.9521871548538 121.19404761904751 
413.58219427122015 63.58412698412702 
440.7271369190508 46.52182539682541 
358.98166148254955 74.73134920634917 
400.5810067037501 69.46785714285714 
425.5511767808228 57.36388888888892 
336.7470625232807 92.92579365079351 
306.0961275315343 129.29999999999984 
573.2053967771047 4.923015873015873 
414.5927123909818 60.69285714285719 
429.3047375000147 53.64761904761906 
329.38514009998033 103.41785714285699 
469.97613933910685 30.955555555555556 
356.1411240113314 77.3757936507936 
467.56577804134815 37.902380952380966 
435.9023076016753 48.6698412698413 
467.77073989841915 36.32023809523811 
491.4457372110509 22.975396825396825 
468.10153468714134 35.121428571428574 
423.9299142398378 57.904761904761955 
486.0630034756929 28.03690476190476 
522.9231981701749 19.85079365079365 
504.5342194655515 21.277380952380945 
533.2666275979576 19.117460317460317 
546.3438372267466 11.567460317460315 
503.5167134113964 21.348015873015868 
548.9991132910917 9.891666666666664 
323.445033762988 120.4472222222221 
500.0411852764231 22.24365079365079 
450.24249049040367 40.09563492063493 
481.71701306783507 30.52698412698414 
489.76850525264217 27.969841269841275 
533.6141122298707 13.194841269841264 
482.0797164878718 29.328174603174606 
428.12659356879885 55.767460317460355 

287.12523992269485 137.4646825396824 
253.44953932417087 218.06785714285706 
586.2502034051536 3.128968253968254 
365.2356767937542 70.97023809523809 
356.1411240113314 77.3757936507936 
345.9178067856246 84.46031746031734 
336.7470625232807 92.92579365079351 
323.69508941912983 108.2003968253967 
311.27104275293794 128.02103174603164 
306.0961275315343 129.29999999999984 
300.38666121914713 132.56428571428552 
296.1570356049106 133.83333333333314 
286.67108722145133 144.7015873015871 
282.0604159080862 149.39404761904743 
277.37875816921826 151.91825396825377 
273.0255964838342 157.4944444444442 
268.62946450948925 158.2412698412696 
264.4899712224787 168.23690476190453 
261.25622921637535 174.02738095238078 
258.80451252582645 179.6920634920633 
255.2374947347111 185.7492063492062 
318.2701185415843 121.72619047619035 
318.52017419772613 109.47936507936492 
317.3355169014132 127.57698412698399 
358.98166148254955 74.73134920634917 
389.9310713521761 70.85912698412697 
329.38514009998033 103.41785714285699 
536.220156276922 13.778174603174604 
416.7433662660773 50.927380952381 
392.8742029684781 59.528174603174634 
529.5269648749573 16.761507936507936 
499.8741543895057 23.4531746031746 
442.56048951582187 45.22817460317463 
307.552670161616 129.2408730158729 
317.7355674506006 123.71150793650779 
451.66437106325 40.20674603174604 
437.67624123908155 47.92539682539687 
487.9376081276584 23.871031746031747 
573.2053967771047 4.923015873015873 
487.74037569472654 26.344444444444445 
429.7893440970841 49.866269841269855 
444.5945597592005 40.61349206349207 
473.19300226586034 30.54523809523809 
529.5455869564324 16.656349206349205 
485.66475169205756 28.142063492063492 
462.5560285477521 33.528968253968266 
500.0411852764231 22.24365079365079 
481.71701306783507 30.52698412698414 
546.3438372267466 11.567460317460315 
482.0797164878718 29.328174603174606 
468.90412047237857 32.00277777777778 
548.9991132910917 9.891666666666664 
485.8796619609619 27.068650793650793 
457.8820519294102 37.29523809523812 
568.5466102899845 8.351984126984126 
517.9562784278417 21.986904761904757 
401.68049774234504 59.50158730158735 

323.2510786162324 121.46309523809515 
287.12523992269485 137.4646825396824 
253.44953932417087 218.06785714285706 
573.2053967771047 4.923015873015873 
365.2356767937542 70.97023809523809 
356.1411240113314 77.3757936507936 
345.9178067856246 84.46031746031734 
336.7470625232807 92.92579365079351 
323.69508941912983 108.2003968253967 
311.27104275293794 128.02103174603164 
306.0961275315343 129.29999999999984 
300.38666121914713 132.56428571428552 
296.1570356049106 133.83333333333314 
286.67108722145133 144.7015873015871 
282.0604159080862 149.39404761904743 
277.37875816921826 151.91825396825377 
273.0255964838342 157.4944444444442 
268.62946450948925 158.2412698412696 
264.4899712224787 168.23690476190453 
261.25622921637535 174.02738095238078 
258.80451252582645 179.6920634920633 
255.2374947347111 185.7492063492062 
405.8577705074777 69.4718253968254 
389.9310713521761 70.85912698412697 
329.38514009998033 103.41785714285699 
413.4698520117501 65.00912698412701 
312.56065222919705 124.99047619047604 
323.445033762988 120.4472222222221 
295.7759899057819 137.25674603174585 
481.71701306783507 30.52698412698414 
586.2502034051536 3.128968253968254 
467.5484559225988 33.53293650793651 
487.9376081276584 23.871031746031747 
479.6520330713638 31.90555555555556 
425.8568824213266 63.91230158730163 
435.7744940065297 50.27936507936512 
318.2701185415843 121.72619047619035 
536.5031669046922 11.685714285714285 
317.7355674506006 123.71150793650779 
426.9092137174646 50.74285714285716 
465.1380946248403 40.47976190476193 
548.9991132910917 9.891666666666664 
527.0439803112941 20.550396825396824 
525.7636765240081 21.722619047619045 
500.0411852764231 22.24365079365079 
469.0328613218755 32.04325396825398 
533.7957814486203 16.02103174603174 
529.5455869564324 16.656349206349205 
448.6437091168159 41.70515873015873 

287.12523992269485 137.4646825396824 
253.44953932417087 218.06785714285706 
365.2356767937542 70.97023809523809 
345.9178067856246 84.46031746031734 
311.27104275293794 128.02103174603164 
306.0961275315343 129.29999999999984 
300.38666121914713 132.56428571428552 
296.1570356049106 133.83333333333314 
286.67108722145133 144.7015873015871 
282.0604159080862 149.39404761904743 
277.37875816921826 151.91825396825377 
273.0255964838342 157.4944444444442 
268.62946450948925 158.2412698412696 
264.4899712224787 168.23690476190453 
261.25622921637535 174.02738095238078 
258.80451252582645 179.6920634920633 
255.2374947347111 185.7492063492062 
324.21022487857675 104.69682539682523 
427.6757889071889 59.64722222222226 
317.7355674506006 123.71150793650779 
423.56638872320417 62.29603174603178 
534.4031961859636 14.814682539682535 
336.7470625232807 92.92579365079351 
436.6136777612097 57.12857142857145 
295.7050034802791 135.08849206349186 
402.6350400892095 67.38373015873017 
389.9310713521761 70.85912698412697 
356.1411240113314 77.3757936507936 
459.9867105153492 39.63968253968256 
573.2053967771047 4.923015873015873 
435.82861200657464 58.651587301587334 
318.2701185415843 121.72619047619035 
325.2674532085102 104.35119047619033 
312.56065222919705 124.99047619047604 
318.5007585661894 107.96111111111092 
438.72145695488706 56.44761904761907 
442.70834861473173 54.6873015873016 
443.1815895660231 50.79126984126989 
457.55902709884134 42.21706349206352 
575.3134468293505 1.794047619047619 
534.240551430014 16.32380952380952 
329.38514009998033 103.41785714285699 
492.0847772905547 26.104365079365078 
406.63555251645863 63.352777777777824 
482.0797164878718 29.328174603174606 
488.93006999939024 28.827380952380953 
449.57699062648436 45.95555555555556 
466.0956237008158 34.56269841269842 
524.9733922134697 20.870634920634917 
536.5031669046922 11.685714285714285 
453.5638822863289 44.19523809523809 
548.9991132910917 9.891666666666664 
529.5455869564324 16.656349206349205 
527.0439803112941 20.550396825396824 
503.5167134113964 21.348015873015868 
500.0411852764231 22.24365079365079 
546.3438372267466 11.567460317460315 
462.4244176704862 38.32658730158732 

323.2510786162324 121.46309523809515 
287.12523992269485 137.4646825396824 
253.44953932417087 218.06785714285706 
365.2356767937542 70.97023809523809 
345.9178067856246 84.46031746031734 
323.69508941912983 108.2003968253967 
311.27104275293794 128.02103174603164 
300.38666121914713 132.56428571428552 
296.1570356049106 133.83333333333314 
286.67108722145133 144.7015873015871 
282.0604159080862 149.39404761904743 
277.37875816921826 151.91825396825377 
273.0255964838342 157.4944444444442 
268.62946450948925 158.2412698412696 
264.4899712224787 168.23690476190453 
261.25622921637535 174.02738095238078 
258.80451252582645 179.6920634920633 
255.2374947347111 185.7492063492062 
382.9668461216005 69.8734126984127 
336.7470625232807 92.92579365079351 
356.1411240113314 77.3757936507936 
427.45292401337457 55.009920634920675 
417.3911121449109 58.84960317460322 
316.6322664292687 125.77222222222213 
429.5185845582979 48.35238095238098 
421.33277993737084 55.300396825396845 
329.38514009998033 103.41785714285699 
440.1039246555895 45.348015873015896 
307.552670161616 129.2408730158729 
461.0703309067224 36.00436507936508 
323.445033762988 120.4472222222221 
449.7674228056275 43.06984126984128 
516.8137421307721 18.450396825396822 
575.3134468293505 1.794047619047619 
573.2053967771047 4.923015873015873 
466.2953779668175 34.916666666666686 
458.065393444141 38.26349206349209 
306.0961275315343 129.29999999999984 
499.8741543895057 23.4531746031746 
449.90773676335743 38.69047619047621 
529.5455869564324 16.656349206349205 
317.7355674506006 123.71150793650779 
470.15657501068705 33.40793650793651 
390.42673879950837 68.3952380952381 
484.4428238621521 25.916666666666664 
392.8290052567516 64.98015873015875 
391.4571805166382 66.58611111111111 
399.38798807001996 62.319444444444485 
318.2701185415843 121.72619047619035 
503.02452602679335 21.817857142857136 
500.0411852764231 22.24365079365079 
548.9991132910917 9.891666666666664 
536.5031669046922 11.685714285714285 
479.6520330713638 31.90555555555556 
503.5167134113964 21.348015873015868 
477.94817930390076 32.555158730158745 
445.90622576175815 44.57857142857148 
481.45948311178194 26.342460317460322 

