586.2502034051536 3.128968253968254 
573.2053967771047 4.923015873015873 
349.6400234399892 80.3325396825396 
356.1411240113314 77.3757936507936 
365.2356767937542 70.97023809523809 
367.77138283368 67.4234126984127 
338.0097646176406 90.28492063492054 
287.12523992269485 137.4646825396824 
318.52017419772613 109.47936507936492 
296.1570356049106 133.83333333333314 
316.64049380233365 115.66507936507925 
305.5615764405507 131.28531746031732 
300.38666121914713 132.56428571428552 
268.62946450948925 158.2412698412696 
306.0961275315343 129.29999999999984 
273.0255964838342 157.4944444444442 
277.37875816921826 151.91825396825377 
295.10703369418894 136.33492063492045 
255.2374947347111 185.7492063492062 
282.0604159080862 149.39404761904743 
286.67108722145133 144.7015873015871 
258.80451252582645 179.6920634920633 
261.25622921637535 174.02738095238078 
264.4899712224787 168.23690476190453 
253.44953932417087 218.06785714285706 

586.2502034051536 3.128968253968254 
573.2053967771047 4.923015873015873 
389.9310713521761 70.85912698412697 
326.6818112185 104.50198412698397 
318.52017419772613 109.47936507936492 
365.2356767937542 70.97023809523809 
356.1411240113314 77.3757936507936 
336.7470625232807 92.92579365079351 
345.9178067856246 84.46031746031734 
329.38514009998033 103.41785714285699 
304.5002138829539 125.17380952380941 
287.12523992269485 137.4646825396824 
296.1570356049106 133.83333333333314 
277.37875816921826 151.91825396825377 
304.44645308149387 126.49880952380937 
273.0255964838342 157.4944444444442 
300.38666121914713 132.56428571428552 
286.67108722145133 144.7015873015871 
255.2374947347111 185.7492063492062 
258.80451252582645 179.6920634920633 
261.25622921637535 174.02738095238078 
282.0604159080862 149.39404761904743 
253.44953932417087 218.06785714285706 
264.4899712224787 168.23690476190453 
268.62946450948925 158.2412698412696 

586.2502034051536 3.128968253968254 
573.2053967771047 4.923015873015873 
537.0569301658439 14.814682539682535 
468.1955451103958 36.519047619047626 
488.5846973154554 26.85714285714286 
348.6904401676158 83.26944444444436 
356.1411240113314 77.3757936507936 
365.2356767937542 70.97023809523809 
336.7470625232807 92.92579365079351 
345.9178067856246 84.46031746031734 
323.69508941912983 108.2003968253967 
300.38666121914713 132.56428571428552 
312.8107078853389 112.74365079365063 
296.1570356049106 133.83333333333314 
287.12523992269485 137.4646825396824 
277.37875816921826 151.91825396825377 
268.62946450948925 158.2412698412696 
273.0255964838342 157.4944444444442 
255.2374947347111 185.7492063492062 
258.80451252582645 179.6920634920633 
282.0604159080862 149.39404761904743 
286.67108722145133 144.7015873015871 
261.25622921637535 174.02738095238078 
264.4899712224787 168.23690476190453 
253.44953932417087 218.06785714285706 

586.2502034051536 3.128968253968254 
573.2053967771047 4.923015873015873 
534.4031961859636 14.814682539682535 
365.2356767937542 70.97023809523809 
356.1411240113314 77.3757936507936 
345.9178067856246 84.46031746031734 
336.7470625232807 92.92579365079351 
329.38514009998033 103.41785714285699 
322.1738359937905 109.20833333333323 
296.1570356049106 133.83333333333314 
287.12523992269485 137.4646825396824 
323.69508941912983 108.2003968253967 
268.62946450948925 158.2412698412696 
306.8440198462192 126.25952380952367 
306.0961275315343 129.29999999999984 
282.0604159080862 149.39404761904743 
277.37875816921826 151.91825396825377 
273.0255964838342 157.4944444444442 
300.38666121914713 132.56428571428552 
286.67108722145133 144.7015873015871 
255.2374947347111 185.7492063492062 
258.80451252582645 179.6920634920633 
261.25622921637535 174.02738095238078 
253.44953932417087 218.06785714285706 
264.4899712224787 168.23690476190453 

586.2502034051536 3.128968253968254 
573.2053967771047 4.923015873015873 
365.2356767937542 70.97023809523809 
356.1411240113314 77.3757936507936 
345.9178067856246 84.46031746031734 
306.8440198462192 126.25952380952367 
336.7470625232807 92.92579365079351 
324.21022487857675 104.69682539682523 
287.12523992269485 137.4646825396824 
300.38666121914713 132.56428571428552 
296.1570356049106 133.83333333333314 
273.0255964838342 157.4944444444442 
286.67108722145133 144.7015873015871 
317.7355674506006 123.71150793650779 
255.2374947347111 185.7492063492062 
277.37875816921826 151.91825396825377 
258.80451252582645 179.6920634920633 
261.25622921637535 174.02738095238078 
282.0604159080862 149.39404761904743 
264.4899712224787 168.23690476190453 
268.62946450948925 158.2412698412696 
253.44953932417087 218.06785714285706 

586.2502034051536 3.128968253968254 
573.2053967771047 4.923015873015873 
492.33547310386257 20.537698412698415 
377.5152276386425 70.85912698412697 
345.9178067856246 84.46031746031734 
361.7505850167539 74.7722222222222 
356.1411240113314 77.3757936507936 
365.2356767937542 70.97023809523809 
349.6400234399892 80.3325396825396 
338.0097646176406 90.28492063492054 
336.7470625232807 92.92579365079351 
287.12523992269485 137.4646825396824 
323.6756737875931 106.68214285714268 
300.38666121914713 132.56428571428552 
322.2721547888382 107.80436507936497 
296.1570356049106 133.83333333333314 
306.0961275315343 129.29999999999984 
268.62946450948925 158.2412698412696 
273.0255964838342 157.4944444444442 
277.37875816921826 151.91825396825377 
286.67108722145133 144.7015873015871 
255.2374947347111 185.7492063492062 
258.80451252582645 179.6920634920633 
261.25622921637535 174.02738095238078 
264.4899712224787 168.23690476190453 
282.0604159080862 149.39404761904743 
253.44953932417087 218.06785714285706 

586.2502034051536 3.128968253968254 
573.2053967771047 4.923015873015873 
349.00721473458464 79.36428571428563 
365.2356767937542 70.97023809523809 
355.6422529570027 74.44563492063489 
357.45424738438686 73.07658730158731 
358.810767702333 71.86706349206351 
348.5909332700358 80.43769841269834 
287.12523992269485 137.4646825396824 
336.7470625232807 92.92579365079351 
296.1570356049106 133.83333333333314 
268.62946450948925 158.2412698412696 
306.0961275315343 129.29999999999984 
300.38666121914713 132.56428571428552 
286.67108722145133 144.7015873015871 
277.37875816921826 151.91825396825377 
282.0604159080862 149.39404761904743 
304.69375715841716 132.10198412698398 
255.2374947347111 185.7492063492062 
258.80451252582645 179.6920634920633 
261.25622921637535 174.02738095238078 
264.4899712224787 168.23690476190453 
253.44953932417087 218.06785714285706 
273.0255964838342 157.4944444444442 

586.2502034051536 3.128968253968254 
573.2053967771047 4.923015873015873 
536.5031669046922 11.685714285714285 
372.63935439669433 66.30476190476189 
365.2356767937542 70.97023809523809 
356.1411240113314 77.3757936507936 
336.7470625232807 92.92579365079351 
345.9178067856246 84.46031746031734 
299.6055836641843 129.4749999999999 
287.12523992269485 137.4646825396824 
294.48089512663546 134.55357142857127 
292.31368614833207 136.31547619047606 
286.67108722145133 144.7015873015871 
282.0604159080862 149.39404761904743 
285.3459924076135 148.78809523809505 
273.0255964838342 157.4944444444442 
277.37875816921826 151.91825396825377 
255.2374947347111 185.7492063492062 
258.80451252582645 179.6920634920633 
261.25622921637535 174.02738095238078 
264.4899712224787 168.23690476190453 
268.62946450948925 158.2412698412696 
253.44953932417087 218.06785714285706 

586.2502034051536 3.128968253968254 
573.2053967771047 4.923015873015873 
537.0569301658439 14.814682539682535 
375.5614934906133 70.70039682539685 
362.96987116361623 75.79047619047614 
363.26256232907514 74.43611111111107 
359.1394774624064 76.45992063492059 
365.2356767937542 70.97023809523809 
356.1411240113314 77.3757936507936 
345.9178067856246 84.46031746031734 
336.7470625232807 92.92579365079351 
318.52017419772613 109.47936507936492 
277.37875816921826 151.91825396825377 
287.12523992269485 137.4646825396824 
306.8440198462192 126.25952380952367 
323.69508941912983 108.2003968253967 
268.62946450948925 158.2412698412696 
306.0961275315343 129.29999999999984 
300.38666121914713 132.56428571428552 
296.1570356049106 133.83333333333314 
286.67108722145133 144.7015873015871 
282.0604159080862 149.39404761904743 
255.2374947347111 185.7492063492062 
258.80451252582645 179.6920634920633 
261.25622921637535 174.02738095238078 
264.4899712224787 168.23690476190453 
253.44953932417087 218.06785714285706 
273.0255964838342 157.4944444444442 

573.2053967771047 4.923015873015873 
536.7682214332394 13.679761904761902 
434.00550094020844 49.54285714285718 
455.39899011605127 38.912698412698425 
365.2356767937542 70.97023809523809 
356.1411240113314 77.3757936507936 
345.9178067856246 84.46031746031734 
336.7470625232807 92.92579365079351 
318.52017419772613 109.47936507936492 
300.38666121914713 132.56428571428552 
306.8440198462192 126.25952380952367 
295.10703369418894 136.33492063492045 
282.0604159080862 149.39404761904743 
291.95071474640935 140.9309523809522 
296.1570356049106 133.83333333333314 
277.37875816921826 151.91825396825377 
286.67108722145133 144.7015873015871 
255.2374947347111 185.7492063492062 
258.80451252582645 179.6920634920633 
261.25622921637535 174.02738095238078 
264.4899712224787 168.23690476190453 
268.62946450948925 158.2412698412696 
273.0255964838342 157.4944444444442 

586.2502034051536 3.128968253968254 
573.2053967771047 4.923015873015873 
548.9991132910917 9.891666666666664 
345.4701161487026 85.65198412698402 
348.6904401676158 83.26944444444436 
345.9178067856246 84.46031746031734 
345.5599198842863 84.50357142857133 
356.1411240113314 77.3757936507936 
365.2356767937542 70.97023809523809 
321.34976926648005 99.97142857142843 
329.8822559792641 92.57579365079353 
321.8843203574637 97.98611111111097 
316.17485404507636 101.25039682539669 
327.0592355788673 96.70714285714271 
310.234747708084 118.2797619047618 
315.94421402047124 115.0154761904761 
304.7990116587407 128.18849206349202 
287.12523992269485 137.4646825396824 
296.1570356049106 133.83333333333314 
298.31507132954124 130.97976190476183 
268.62946450948925 158.2412698412696 
282.0604159080862 149.39404761904743 
273.0255964838342 157.4944444444442 
286.67108722145133 144.7015873015871 
277.37875816921826 151.91825396825377 
255.2374947347111 185.7492063492062 
258.80451252582645 179.6920634920633 
253.44953932417087 218.06785714285706 
261.25622921637535 174.02738095238078 
264.4899712224787 168.23690476190453 

586.2502034051536 3.128968253968254 
573.2053967771047 4.923015873015873 
465.5965817626909 34.182539682539705 
467.5484559225988 33.53293650793651 
358.6006385713361 75.88888888888881 
356.1411240113314 77.3757936507936 
365.2356767937542 70.97023809523809 
336.7470625232807 92.92579365079351 
345.9178067856246 84.46031746031734 
306.8440198462192 126.25952380952367 
311.35372289614486 113.886111111111 
300.38666121914713 132.56428571428552 
306.0961275315343 129.29999999999984 
287.12523992269485 137.4646825396824 
303.6054972155073 129.75476190476178 
296.1570356049106 133.83333333333314 
286.67108722145133 144.7015873015871 
273.0255964838342 157.4944444444442 
277.37875816921826 151.91825396825377 
255.2374947347111 185.7492063492062 
258.80451252582645 179.6920634920633 
261.25622921637535 174.02738095238078 
264.4899712224787 168.23690476190453 
282.0604159080862 149.39404761904743 
253.44953932417087 218.06785714285706 
268.62946450948925 158.2412698412696 

586.2502034051536 3.128968253968254 
573.2053967771047 4.923015873015873 
546.9059398488755 13.02063492063492 
477.6469204383739 34.89166666666667 
378.0108950859748 68.3952380952381 
365.2356767937542 70.97023809523809 
356.1411240113314 77.3757936507936 
345.9178067856246 84.46031746031734 
331.0375962108934 96.19007936507921 
336.7470625232807 92.92579365079351 
296.1570356049106 133.83333333333314 
287.12523992269485 137.4646825396824 
313.0935812467839 113.62896825396814 
319.27123415572504 113.24325396825387 
282.0604159080862 149.39404761904743 
323.89313174826196 105.65873015873007 
306.0961275315343 129.29999999999984 
273.0255964838342 157.4944444444442 
300.38666121914713 132.56428571428552 
277.37875816921826 151.91825396825377 
286.67108722145133 144.7015873015871 
255.2374947347111 185.7492063492062 
258.80451252582645 179.6920634920633 
261.25622921637535 174.02738095238078 
253.44953932417087 218.06785714285706 
264.4899712224787 168.23690476190453 
268.62946450948925 158.2412698412696 

575.3134468293505 1.794047619047619 
388.8023845236713 70.08015873015873 
336.7470625232807 92.92579365079351 
365.2356767937542 70.97023809523809 
356.1411240113314 77.3757936507936 
345.9178067856246 84.46031746031734 
324.924825171492 99.68849206349189 
299.19668701635766 127.3992063492063 
303.7219989631365 123.2805555555555 
287.12523992269485 137.4646825396824 
298.31507132954124 130.97976190476183 
296.1570356049106 133.83333333333314 
286.67108722145133 144.7015873015871 
273.0255964838342 157.4944444444442 
282.0604159080862 149.39404761904743 
294.5428355653858 136.73809523809513 
255.2374947347111 185.7492063492062 
258.80451252582645 179.6920634920633 
261.25622921637535 174.02738095238078 
264.4899712224787 168.23690476190453 
268.62946450948925 158.2412698412696 
253.44953932417087 218.06785714285706 
277.37875816921826 151.91825396825377 

586.2502034051536 3.128968253968254 
573.2053967771047 4.923015873015873 
493.50417459944885 31.241269841269844 
423.37283507495863 57.038888888888934 
389.9310713521761 70.85912698412697 
390.39401725293834 69.88095238095237 
336.7470625232807 92.92579365079351 
365.2356767937542 70.97023809523809 
356.1411240113314 77.3757936507936 
345.9178067856246 84.46031746031734 
323.69508941912983 108.2003968253967 
311.3748976974681 114.47420634920621 
296.1570356049106 133.83333333333314 
318.52017419772613 109.47936507936492 
300.38666121914713 132.56428571428552 
287.12523992269485 137.4646825396824 
286.67108722145133 144.7015873015871 
282.0604159080862 149.39404761904743 
273.0255964838342 157.4944444444442 
255.2374947347111 185.7492063492062 
258.80451252582645 179.6920634920633 
261.25622921637535 174.02738095238078 
277.37875816921826 151.91825396825377 
264.4899712224787 168.23690476190453 
268.62946450948925 158.2412698412696 
253.44953932417087 218.06785714285706 

586.2502034051536 3.128968253968254 
573.2053967771047 4.923015873015873 
537.0569301658439 14.814682539682535 
513.0704716633707 21.672619047619044 
425.067043961976 51.57500000000004 
365.2356767937542 70.97023809523809 
356.1411240113314 77.3757936507936 
345.9178067856246 84.46031746031734 
336.7470625232807 92.92579365079351 
287.12523992269485 137.4646825396824 
322.33903047110925 105.91150793650783 
318.52017419772613 109.47936507936492 
306.0961275315343 129.29999999999984 
311.41943927086413 115.6349206349205 
300.38666121914713 132.56428571428552 
296.1570356049106 133.83333333333314 
282.0604159080862 149.39404761904743 
286.67108722145133 144.7015873015871 
273.0255964838342 157.4944444444442 
277.37875816921826 151.91825396825377 
255.2374947347111 185.7492063492062 
258.80451252582645 179.6920634920633 
261.25622921637535 174.02738095238078 
264.4899712224787 168.23690476190453 
253.44953932417087 218.06785714285706 
268.62946450948925 158.2412698412696 

586.2502034051536 3.128968253968254 
573.2053967771047 4.923015873015873 
537.0569301658439 14.814682539682535 
336.7470625232807 92.92579365079351 
365.2356767937542 70.97023809523809 
356.1411240113314 77.3757936507936 
345.9178067856246 84.46031746031734 
323.69508941912983 108.2003968253967 
300.5221284623076 128.96785714285704 
277.37875816921826 151.91825396825377 
299.6554195955283 130.29007936507927 
287.12523992269485 137.4646825396824 
296.1570356049106 133.83333333333314 
268.62946450948925 158.2412698412696 
295.10703369418894 136.33492063492045 
282.0604159080862 149.39404761904743 
286.67108722145133 144.7015873015871 
255.2374947347111 185.7492063492062 
258.80451252582645 179.6920634920633 
261.25622921637535 174.02738095238078 
264.4899712224787 168.23690476190453 
253.44953932417087 218.06785714285706 
273.0255964838342 157.4944444444442 

586.2502034051536 3.128968253968254 
573.2053967771047 4.923015873015873 
537.0569301658439 14.814682539682535 
356.1411240113314 77.3757936507936 
365.2356767937542 70.97023809523809 
343.4189510768131 83.87896825396817 
309.4656520785765 114.11190476190465 
287.12523992269485 137.4646825396824 
298.9728796785045 128.2464285714285 
286.67108722145133 144.7015873015871 
296.1570356049106 133.83333333333314 
268.62946450948925 158.2412698412696 
282.0604159080862 149.39404761904743 
294.5802330579598 135.5107142857142 
303.66359391270504 123.5539682539682 
285.7949611933475 146.249603174603 
285.9072230071764 146.0511904761903 
255.2374947347111 185.7492063492062 
258.80451252582645 179.6920634920633 
261.25622921637535 174.02738095238078 
264.4899712224787 168.23690476190453 
253.44953932417087 218.06785714285706 
277.37875816921826 151.91825396825377 
273.0255964838342 157.4944444444442 

586.2502034051536 3.128968253968254 
573.2053967771047 4.923015873015873 
498.86538161492297 28.217460317460315 
365.2356767937542 70.97023809523809 
356.1411240113314 77.3757936507936 
345.9178067856246 84.46031746031734 
336.7470625232807 92.92579365079351 
323.69508941912983 108.2003968253967 
332.87886269096526 98.7134920634919 
329.38514009998033 103.41785714285699 
300.38666121914713 132.56428571428552 
318.52017419772613 109.47936507936492 
282.0604159080862 149.39404761904743 
306.0961275315343 129.29999999999984 
287.12523992269485 137.4646825396824 
268.62946450948925 158.2412698412696 
273.0255964838342 157.4944444444442 
277.37875816921826 151.91825396825377 
296.1570356049106 133.83333333333314 
255.2374947347111 185.7492063492062 
258.80451252582645 179.6920634920633 
261.25622921637535 174.02738095238078 
286.67108722145133 144.7015873015871 
264.4899712224787 168.23690476190453 
253.44953932417087 218.06785714285706 

575.3134468293505 1.794047619047619 
380.54660112590057 64.84841269841273 
361.67215897664977 73.77222222222223 
365.2356767937542 70.97023809523809 
338.0097646176406 90.28492063492054 
349.00721473458464 79.36428571428563 
336.7470625232807 92.92579365079351 
313.22978768683953 119.29801587301583 
300.38666121914713 132.56428571428552 
306.0961275315343 129.29999999999984 
329.38514009998033 103.41785714285699 
277.37875816921826 151.91825396825377 
268.62946450948925 158.2412698412696 
286.67108722145133 144.7015873015871 
273.0255964838342 157.4944444444442 
296.1570356049106 133.83333333333314 
255.2374947347111 185.7492063492062 
258.80451252582645 179.6920634920633 
261.25622921637535 174.02738095238078 
282.0604159080862 149.39404761904743 
287.12523992269485 137.4646825396824 
264.4899712224787 168.23690476190453 
253.44953932417087 218.06785714285706 

586.2502034051536 3.128968253968254 
573.2053967771047 4.923015873015873 
496.69104489460926 29.590873015873022 
382.7562442369407 64.97817460317464 
336.7470625232807 92.92579365079351 
365.2356767937542 70.97023809523809 
356.1411240113314 77.3757936507936 
297.47702568459647 127.31349206349199 
345.9178067856246 84.46031746031734 
292.7127466871583 130.19047619047615 
273.0255964838342 157.4944444444442 
292.5824527051844 135.21111111111102 
286.67108722145133 144.7015873015871 
277.37875816921826 151.91825396825377 
316.9235626283911 122.44880952380939 
255.2374947347111 185.7492063492062 
282.0604159080862 149.39404761904743 
258.80451252582645 179.6920634920633 
261.25622921637535 174.02738095238078 
264.4899712224787 168.23690476190453 
268.62946450948925 158.2412698412696 
287.12523992269485 137.4646825396824 
253.44953932417087 218.06785714285706 

586.2502034051536 3.128968253968254 
573.2053967771047 4.923015873015873 
534.5064421014258 11.780952380952378 
365.2356767937542 70.97023809523809 
356.1411240113314 77.3757936507936 
345.9178067856246 84.46031746031734 
336.7470625232807 92.92579365079351 
318.5007585661894 107.96111111111092 
324.21022487857675 104.69682539682523 
296.1570356049106 133.83333333333314 
286.67108722145133 144.7015873015871 
300.38666121914713 132.56428571428552 
306.8440198462192 126.25952380952367 
273.0255964838342 157.4944444444442 
255.2374947347111 185.7492063492062 
277.37875816921826 151.91825396825377 
258.80451252582645 179.6920634920633 
261.25622921637535 174.02738095238078 
282.0604159080862 149.39404761904743 
264.4899712224787 168.23690476190453 
287.12523992269485 137.4646825396824 
253.44953932417087 218.06785714285706 
268.62946450948925 158.2412698412696 

586.2502034051536 3.128968253968254 
573.2053967771047 4.923015873015873 
537.0569301658439 14.814682539682535 
336.7470625232807 92.92579365079351 
365.2356767937542 70.97023809523809 
356.1411240113314 77.3757936507936 
345.9178067856246 84.46031746031734 
324.21022487857675 104.69682539682523 
318.52017419772613 109.47936507936492 
306.0961275315343 129.29999999999984 
323.69508941912983 108.2003968253967 
300.38666121914713 132.56428571428552 
296.1570356049106 133.83333333333314 
273.0255964838342 157.4944444444442 
277.37875816921826 151.91825396825377 
286.67108722145133 144.7015873015871 
287.12523992269485 137.4646825396824 
282.0604159080862 149.39404761904743 
255.2374947347111 185.7492063492062 
258.80451252582645 179.6920634920633 
261.25622921637535 174.02738095238078 
264.4899712224787 168.23690476190453 
253.44953932417087 218.06785714285706 
268.62946450948925 158.2412698412696 

586.2502034051536 3.128968253968254 
573.2053967771047 4.923015873015873 
534.7097140821676 14.579761904761902 
365.2356767937542 70.97023809523809 
356.1411240113314 77.3757936507936 
336.7470625232807 92.92579365079351 
345.9178067856246 84.46031746031734 
287.12523992269485 137.4646825396824 
296.1570356049106 133.83333333333314 
323.69508941912983 108.2003968253967 
300.38666121914713 132.56428571428552 
329.38514009998033 103.41785714285699 
306.0961275315343 129.29999999999984 
277.37875816921826 151.91825396825377 
286.67108722145133 144.7015873015871 
273.0255964838342 157.4944444444442 
255.2374947347111 185.7492063492062 
258.80451252582645 179.6920634920633 
282.0604159080862 149.39404761904743 
261.25622921637535 174.02738095238078 
264.4899712224787 168.23690476190453 
253.44953932417087 218.06785714285706 
268.62946450948925 158.2412698412696 

586.2502034051536 3.128968253968254 
573.2053967771047 4.923015873015873 
501.42275541648274 28.27896825396825 
445.8439296606059 46.830555555555605 
336.7470625232807 92.92579365079351 
348.6904401676158 83.26944444444436 
365.2356767937542 70.97023809523809 
356.1411240113314 77.3757936507936 
345.9178067856246 84.46031746031734 
318.52017419772613 109.47936507936492 
312.8107078853389 112.74365079365063 
331.10520051860857 100.84603174603158 
323.69508941912983 108.2003968253967 
287.12523992269485 137.4646825396824 
312.58006786073366 126.50873015873003 
306.0961275315343 129.29999999999984 
296.1570356049106 133.83333333333314 
282.0604159080862 149.39404761904743 
273.0255964838342 157.4944444444442 
286.67108722145133 144.7015873015871 
300.38666121914713 132.56428571428552 
277.37875816921826 151.91825396825377 
255.2374947347111 185.7492063492062 
258.80451252582645 179.6920634920633 
253.44953932417087 218.06785714285706 
261.25622921637535 174.02738095238078 
264.4899712224787 168.23690476190453 
268.62946450948925 158.2412698412696 

586.2502034051536 3.128968253968254 
573.2053967771047 4.923015873015873 
537.0569301658439 14.814682539682535 
372.63935439669433 66.30476190476189 
365.2356767937542 70.97023809523809 
356.1411240113314 77.3757936507936 
336.7470625232807 92.92579365079351 
345.9178067856246 84.46031746031734 
312.56065222919705 124.99047619047604 
324.21022487857675 104.69682539682523 
323.6756737875931 106.68214285714268 
286.67108722145133 144.7015873015871 
306.0961275315343 129.29999999999984 
287.12523992269485 137.4646825396824 
273.0255964838342 157.4944444444442 
300.38666121914713 132.56428571428552 
277.37875816921826 151.91825396825377 
296.1570356049106 133.83333333333314 
282.0604159080862 149.39404761904743 
255.2374947347111 185.7492063492062 
258.80451252582645 179.6920634920633 
261.25622921637535 174.02738095238078 
264.4899712224787 168.23690476190453 
253.44953932417087 218.06785714285706 
268.62946450948925 158.2412698412696 

586.2502034051536 3.128968253968254 
573.2053967771047 4.923015873015873 
365.2356767937542 70.97023809523809 
356.1411240113314 77.3757936507936 
345.9178067856246 84.46031746031734 
336.7470625232807 92.92579365079351 
329.0450713705939 99.40317460317443 
323.6169202662225 103.88571428571412 
287.12523992269485 137.4646825396824 
311.41943927086413 115.13730158730148 
328.9134165715638 100.21825396825379 
323.1852499795485 105.78452380952363 
296.1570356049106 133.83333333333314 
268.62946450948925 158.2412698412696 
273.0255964838342 157.4944444444442 
277.37875816921826 151.91825396825377 
306.0961275315343 129.29999999999984 
282.0604159080862 149.39404761904743 
255.2374947347111 185.7492063492062 
258.80451252582645 179.6920634920633 
253.44953932417087 218.06785714285706 
261.25622921637535 174.02738095238078 

586.2502034051536 3.128968253968254 
573.2053967771047 4.923015873015873 
536.5031669046922 11.685714285714285 
358.6006385713361 75.88888888888881 
365.2356767937542 70.97023809523809 
356.1411240113314 77.3757936507936 
348.3773213456292 82.9734126984126 
345.9178067856246 84.46031746031734 
336.7470625232807 92.92579365079351 
324.21022487857675 104.69682539682523 
305.03308774213167 126.0289682539682 
287.12523992269485 137.4646825396824 
295.10703369418894 136.33492063492045 
296.1570356049106 133.83333333333314 
268.62946450948925 158.2412698412696 
300.38666121914713 132.56428571428552 
273.0255964838342 157.4944444444442 
277.37875816921826 151.91825396825377 
286.67108722145133 144.7015873015871 
255.2374947347111 185.7492063492062 
258.80451252582645 179.6920634920633 
261.25622921637535 174.02738095238078 
282.0604159080862 149.39404761904743 
264.4899712224787 168.23690476190453 
253.44953932417087 218.06785714285706 

586.2502034051536 3.128968253968254 
573.2053967771047 4.923015873015873 
534.4031961859636 14.814682539682535 
356.1411240113314 77.3757936507936 
365.2356767937542 70.97023809523809 
345.9178067856246 84.46031746031734 
336.7470625232807 92.92579365079351 
320.9361699066736 99.56865079365069 
318.52017419772613 109.47936507936492 
300.38666121914713 132.56428571428552 
296.1570356049106 133.83333333333314 
295.10703369418894 136.33492063492045 
286.67108722145133 144.7015873015871 
313.61788055913047 124.64484126984112 
305.2400214055331 128.72023809523796 
273.0255964838342 157.4944444444442 
277.37875816921826 151.91825396825377 
287.12523992269485 137.4646825396824 
282.0604159080862 149.39404761904743 
255.2374947347111 185.7492063492062 
258.80451252582645 179.6920634920633 
261.25622921637535 174.02738095238078 
264.4899712224787 168.23690476190453 
253.44953932417087 218.06785714285706 
268.62946450948925 158.2412698412696 

586.2502034051536 3.128968253968254 
573.2053967771047 4.923015873015873 
488.91292624880015 30.45952380952383 
458.4183316179956 40.251190476190494 
356.2750616624072 75.41388888888886 
358.41440820516885 74.34047619047621 
365.2356767937542 70.97023809523809 
351.3600838586174 77.76071428571424 
338.0097646176406 90.28492063492054 
349.6400234399892 80.3325396825396 
318.5007585661894 107.96111111111092 
300.38666121914713 132.56428571428552 
296.1570356049106 133.83333333333314 
306.0961275315343 129.29999999999984 
286.67108722145133 144.7015873015871 
282.0604159080862 149.39404761904743 
268.62946450948925 158.2412698412696 
277.37875816921826 151.91825396825377 
287.12523992269485 137.4646825396824 
255.2374947347111 185.7492063492062 
258.80451252582645 179.6920634920633 
261.25622921637535 174.02738095238078 
264.4899712224787 168.23690476190453 
253.44953932417087 218.06785714285706 
273.0255964838342 157.4944444444442 

