253.44953932417087 218.06785714285706 
255.2374947347111 185.7492063492062 
258.80451252582645 179.6920634920633 
261.25622921637535 174.02738095238078 
264.4899712224787 168.23690476190453 
268.62946450948925 158.2412698412696 
273.0255964838342 157.4944444444442 
277.37875816921826 151.91825396825377 
282.0604159080862 149.39404761904743 
286.67108722145133 144.7015873015871 
287.12523992269485 137.4646825396824 
296.1570356049106 133.83333333333314 
300.38666121914713 132.56428571428552 
306.0961275315343 129.29999999999984 
312.56065222919705 124.99047619047604 
314.454554807514 122.7944444444443 
323.445033762988 120.4472222222221 
323.69508941912983 108.2003968253967 
324.21022487857675 104.69682539682523 
325.2674532085102 104.35119047619033 
329.38514009998033 103.41785714285699 
336.7470625232807 92.92579365079351 
345.9178067856246 84.46031746031734 
356.1411240113314 77.3757936507936 
365.2356767937542 70.97023809523809 
378.5340200797497 68.10238095238095 
383.0238655953174 66.90555555555557 
388.75733730545664 61.01785714285719 
404.87732088619595 59.394047619047676 
414.38322756078554 56.526190476190514 
415.3887663091881 53.28134920634925 
415.8727384864056 49.86865079365083 
424.6065447864924 49.44166666666671 
434.36389580747095 46.20595238095243 
437.8025928894673 42.700000000000024 
444.9956969915519 39.779761904761926 
454.75304801253054 36.54404761904764 
461.80853279458995 32.388492063492066 
472.5501148280784 29.896031746031753 
480.0494358894669 27.01031746031746 
487.9376081276584 23.871031746031747 
500.0411852764231 22.24365079365079 
525.0560948284494 19.56031746031746 
531.5868174501336 16.32380952380952 
534.4031961859636 14.814682539682535 
546.9059398488755 13.02063492063492 
573.2053967771047 4.923015873015873 
451.0713925333239 39.12777777777779 
413.06678853874763 58.65119047619052 
432.2206156851192 48.771825396825434 
469.0328613218755 32.04325396825398 
481.45948311178194 26.342460317460322 

253.44953932417087 218.06785714285706 
255.2374947347111 185.7492063492062 
258.80451252582645 179.6920634920633 
261.25622921637535 174.02738095238078 
264.4899712224787 168.23690476190453 
268.62946450948925 158.2412698412696 
273.0255964838342 157.4944444444442 
277.37875816921826 151.91825396825377 
282.0604159080862 149.39404761904743 
286.67108722145133 144.7015873015871 
287.12523992269485 137.4646825396824 
296.1570356049106 133.83333333333314 
300.38666121914713 132.56428571428552 
306.8440198462192 126.25952380952367 
311.35372289614486 113.886111111111 
318.52017419772613 109.47936507936492 
323.69508941912983 108.2003968253967 
324.89229349184626 104.16468253968239 
329.38514009998033 103.41785714285699 
336.7470625232807 92.92579365079351 
345.91130747986347 87.79007936507931 
345.9178067856246 84.46031746031734 
347.2877740962005 82.8190476190475 
350.52585694768004 82.50555555555545 
356.1411240113314 77.3757936507936 
358.98166148254955 74.73134920634917 
365.2356767937542 70.97023809523809 
378.0108950859748 68.3952380952381 
393.464130063076 62.51428571428576 
403.6874472887829 55.42976190476195 
414.59842428180383 54.81428571428576 
416.4626655810035 52.85476190476196 
427.02118195475975 45.15238095238099 
444.9956969915519 39.779761904761926 
455.8073176116241 33.61587301587302 
469.0328613218755 32.04325396825398 
470.83859248563255 30.434523809523814 
475.2068374104132 26.540476190476188 
487.9376081276584 23.871031746031747 
491.95394432182434 19.775793650793645 
516.8137421307721 18.450396825396822 
531.9813077215974 13.013095238095234 
536.5031669046922 11.685714285714285 
573.2053967771047 4.923015873015873 
306.0961275315343 129.29999999999984 
391.4571805166382 66.58611111111111 
425.2384691767186 52.42777777777783 

253.44953932417087 218.06785714285706 
255.2374947347111 185.7492063492062 
258.80451252582645 179.6920634920633 
261.25622921637535 174.02738095238078 
264.4899712224787 168.23690476190453 
268.62946450948925 158.2412698412696 
273.0255964838342 157.4944444444442 
277.37875816921826 151.91825396825377 
282.0604159080862 149.39404761904743 
287.12523992269485 137.4646825396824 
296.1570356049106 133.83333333333314 
300.38666121914713 132.56428571428552 
306.0961275315343 129.29999999999984 
309.75059396581366 122.6492063492062 
318.2701185415843 121.72619047619035 
323.69508941912983 108.2003968253967 
324.21022487857675 104.69682539682523 
324.6243338595787 101.67460317460302 
331.10520051860857 100.84603174603158 
336.7470625232807 92.92579365079351 
345.9178067856246 84.46031746031734 
350.52585694768004 82.50555555555545 
356.1411240113314 77.3757936507936 
365.2356767937542 70.97023809523809 
378.0108950859748 68.3952380952381 
385.16410671332557 67.96428571428572 
393.464130063076 62.51428571428576 
398.7608093232918 56.035714285714334 
420.3734236705172 52.44365079365084 
421.42604035540455 51.244841269841295 
427.7211484524352 48.35198412698415 
440.76257587557666 42.781746031746046 
445.68261724098653 41.26746031746035 
451.7512665637846 38.0404761904762 
467.5484559225988 33.53293650793651 
469.7127353523361 30.955952380952397 
481.45948311178194 26.342460317460322 
491.4457372110509 22.975396825396825 
534.4031961859636 14.814682539682535 
573.2053967771047 4.923015873015873 
286.67108722145133 144.7015873015871 
440.7271369190508 46.52182539682541 
500.0411852764231 22.24365079365079 
417.94083881312366 55.75436507936511 
419.0287891247771 55.42976190476195 
425.2934650359272 50.929365079365134 
449.3235831472767 40.617857142857176 
536.5031669046922 11.685714285714285 

253.44953932417087 218.06785714285706 
255.2374947347111 185.7492063492062 
258.80451252582645 179.6920634920633 
261.25622921637535 174.02738095238078 
264.4899712224787 168.23690476190453 
268.62946450948925 158.2412698412696 
273.0255964838342 157.4944444444442 
277.37875816921826 151.91825396825377 
282.0604159080862 149.39404761904743 
286.67108722145133 144.7015873015871 
287.12523992269485 137.4646825396824 
296.1570356049106 133.83333333333314 
300.38666121914713 132.56428571428552 
306.0961275315343 129.29999999999984 
313.61788055913047 124.64484126984112 
319.3273468715178 121.38055555555542 
321.25982080205966 120.48690476190461 
323.6756737875931 106.68214285714268 
329.38514009998033 103.41785714285699 
336.7470625232807 92.92579365079351 
345.9178067856246 84.46031746031734 
350.52585694768004 82.50555555555545 
356.1411240113314 77.3757936507936 
365.2356767937542 70.97023809523809 
380.0509336785683 67.31230158730159 
385.0023428426987 66.65277777777779 
398.4885433520965 63.60476190476194 
404.16556502345566 59.84365079365084 
404.90593186071806 55.45912698412702 
404.99872172700003 54.71150793650796 
420.132560532226 51.38412698412699 
424.554717228515 50.18174603174606 
424.8200616438235 49.804761904761946 
435.14306778138535 43.71111111111114 
437.9339766477347 41.607539682539695 
438.6825584243542 41.23055555555557 
449.36758255627905 38.564682539682536 
451.03541430150176 34.932142857142864 
466.16647324465765 33.83531746031747 
479.50966747333825 31.144047619047626 
485.01706258386577 30.86904761904762 
491.4457372110509 22.975396825396825 
500.0411852764231 22.24365079365079 
522.9231981701749 19.85079365079365 
531.5868174501336 16.32380952380952 
536.5031669046922 11.685714285714285 
573.2053967771047 4.923015873015873 
312.56065222919705 124.99047619047604 
317.7355674506006 123.71150793650779 
318.2701185415843 121.72619047619035 
323.445033762988 120.4472222222221 
434.2123035107272 48.692063492063504 
491.43219619266455 29.07222222222223 

253.44953932417087 218.06785714285706 
255.2374947347111 185.7492063492062 
258.80451252582645 179.6920634920633 
261.25622921637535 174.02738095238078 
264.4899712224787 168.23690476190453 
268.62946450948925 158.2412698412696 
273.0255964838342 157.4944444444442 
277.37875816921826 151.91825396825377 
282.0604159080862 149.39404761904743 
286.67108722145133 144.7015873015871 
287.12523992269485 137.4646825396824 
296.1570356049106 133.83333333333314 
300.38666121914713 132.56428571428552 
306.0961275315343 129.29999999999984 
311.34086919428887 115.55634920634908 
322.86187197433753 106.38174603174586 
328.9134165715638 100.21825396825379 
332.34350952759684 95.2273809523808 
336.7470625232807 92.92579365079351 
345.9178067856246 84.46031746031734 
356.1411240113314 77.3757936507936 
358.98166148254955 74.73134920634917 
365.2356767937542 70.97023809523809 
393.4133754577597 68.3952380952381 
402.349261696727 67.02857142857145 
411.6655530695255 62.070238095238146 
415.01515195101166 59.51230158730162 
415.8529161479073 58.74365079365082 
419.4991990212424 54.777777777777814 
425.2384691767186 52.42777777777783 
429.7225162469494 47.69325396825402 
443.39097608805383 45.98412698412702 
445.62762138177806 42.765873015873034 
450.11166845200876 38.031349206349226 
462.1909613283612 37.92023809523811 
469.68559572069773 35.02936507936509 
469.7127353523361 30.955952380952397 
480.95367150799393 28.831349206349206 
488.5846973154554 26.85714285714286 
499.4199139183698 24.73253968253968 
500.0411852764231 22.24365079365079 
503.5167134113964 21.348015873015868 
529.159955126649 19.1452380952381 
537.0569301658439 14.814682539682535 
548.536884888147 12.380555555555556 
548.9991132910917 9.891666666666664 
573.2053967771047 4.923015873015873 
535.5944588462077 18.91150793650793 
521.7649516592741 20.944047619047613 

253.44953932417087 218.06785714285706 
255.2374947347111 185.7492063492062 
258.80451252582645 179.6920634920633 
261.25622921637535 174.02738095238078 
264.4899712224787 168.23690476190453 
275.17545854117213 167.49007936507917 
278.3523860470572 157.62103174603152 
287.4978742724074 148.88293650793634 
298.1567798889737 144.6226190476189 
303.6810890351757 140.51547619047605 
306.8706015483465 129.77301587301574 
307.949980915832 129.68293650793638 
311.27104275293794 128.02103174603164 
312.56065222919705 124.99047619047604 
317.7355674506006 123.71150793650779 
318.2701185415843 121.72619047619035 
320.070731591566 114.69246031746017 
324.21022487857675 104.69682539682523 
329.38514009998033 103.41785714285699 
332.94061729867286 100.08214285714271 
349.02661336816897 92.8146825396824 
349.3151783836841 90.15158730158718 
350.52585694768004 82.50555555555545 
356.1411240113314 77.3757936507936 
357.5480656079731 74.50793650793646 
365.2356767937542 70.97023809523809 
379.2679154165475 67.1138888888889 
402.6683642559515 63.17738095238099 
406.52004904037045 58.011904761904795 
414.648845215909 52.283333333333374 
425.06900903006465 49.49047619047622 
426.5019667098562 45.41865079365082 
446.4746184883392 38.85317460317464 
450.55994104877584 37.68214285714287 
466.8242541087694 35.5 
467.5484559225988 33.53293650793651 
469.45904264353356 29.509920634920643 
480.9155306045013 24.896428571428572 
492.4628684997883 22.904761904761898 
500.0411852764231 22.24365079365079 
504.0235852608911 18.148412698412695 
523.3224912595565 16.540079365079368 
533.2210018751606 14.749206349206343 
534.0098003794882 9.884126984126985 
573.2053967771047 4.923015873015873 
546.7404558139846 8.256746031746033 

253.44953932417087 218.06785714285706 
255.2374947347111 185.7492063492062 
258.80451252582645 179.6920634920633 
261.25622921637535 174.02738095238078 
264.4899712224787 168.23690476190453 
268.62946450948925 158.2412698412696 
273.0255964838342 157.4944444444442 
277.37875816921826 151.91825396825377 
282.0604159080862 149.39404761904743 
286.67108722145133 144.7015873015871 
287.12523992269485 137.4646825396824 
296.1570356049106 133.83333333333314 
300.38666121914713 132.56428571428552 
306.0961275315343 129.29999999999984 
312.56065222919705 124.99047619047604 
313.7009401609269 121.62261904761893 
319.92257465249736 114.49841269841258 
323.69508941912983 108.2003968253967 
327.03481805917437 101.12817460317444 
336.7470625232807 92.92579365079351 
345.9178067856246 84.46031746031734 
348.9565097553234 80.24722222222216 
356.1411240113314 77.3757936507936 
365.2356767937542 70.97023809523809 
379.2679154165475 67.1138888888889 
387.8696110871439 63.63253968253973 
392.8742029684781 59.528174603174634 
398.7608093232918 56.035714285714334 
403.097520194185 52.44365079365084 
415.3770710390734 52.33253968253973 
422.99644292563306 50.2837301587302 
430.564276942185 46.85555555555558 
431.42140663047843 44.975793650793676 
435.76622324413285 42.67063492063494 
448.6437091168159 41.70515873015873 
448.695825246157 37.63174603174604 
449.7445108673198 36.375 
461.76430231586414 34.93412698412699 
462.7244650153394 31.450793650793663 
469.0849774512165 27.969841269841275 
487.9376081276584 23.871031746031747 
500.0411852764231 22.24365079365079 
532.7167770884728 18.290079365079364 
533.6141122298707 13.194841269841264 
573.2053967771047 4.923015873015873 
295.7050034802791 135.08849206349186 
377.5152276386425 70.85912698412697 

253.44953932417087 218.06785714285706 
255.2374947347111 185.7492063492062 
258.80451252582645 179.6920634920633 
261.25622921637535 174.02738095238078 
264.4899712224787 168.23690476190453 
268.62946450948925 158.2412698412696 
273.0255964838342 157.4944444444442 
277.37875816921826 151.91825396825377 
282.0604159080862 149.39404761904743 
286.67108722145133 144.7015873015871 
287.12523992269485 137.4646825396824 
296.1570356049106 133.83333333333314 
300.38666121914713 132.56428571428552 
306.8440198462192 126.25952380952367 
313.24272084246655 124.4583333333332 
318.52017419772613 109.47936507936492 
324.21022487857675 104.69682539682523 
329.38514009998033 103.41785714285699 
333.8069623014288 97.73412698412682 
336.7470625232807 92.92579365079351 
341.79546452758404 87.12023809523797 
345.129345255724 84.02539682539673 
350.46410233997244 81.13690476190466 
356.1411240113314 77.3757936507936 
357.2854181213357 77.28611111111105 
365.2356767937542 70.97023809523809 
378.0108950859748 68.3952380952381 
380.51747406191697 67.33373015873016 
385.5025521615263 66.32658730158732 
393.24718282102435 59.8210317460318 
401.5325555976773 58.44285714285719 
411.55438985356335 56.2742063492064 
415.8727384864056 49.86865079365083 
420.3754344790275 45.01468253968257 
436.2618906914651 40.20674603174604 
452.6097678901787 39.10992063492065 
456.64402721290566 34.14603174603175 
467.5484559225988 33.53293650793651 
469.97613933910685 30.955555555555556 
474.63193604358975 29.740079365079364 
487.9376081276584 23.871031746031747 
500.0411852764231 22.24365079365079 
531.5868174501336 16.32380952380952 
534.4031961859636 14.814682539682535 
548.9991132910917 9.891666666666664 
573.2053967771047 4.923015873015873 
306.0961275315343 129.29999999999984 
318.2701185415843 121.72619047619035 
323.69508941912983 108.2003968253967 
350.219397835847 82.87817460317451 
436.25487500784624 43.80793650793653 
491.4457372110509 22.975396825396825 
311.93407242634225 125.11230158730146 

253.44953932417087 218.06785714285706 
255.2374947347111 185.7492063492062 
258.80451252582645 179.6920634920633 
261.25622921637535 174.02738095238078 
264.4899712224787 168.23690476190453 
268.62946450948925 158.2412698412696 
273.0255964838342 157.4944444444442 
277.37875816921826 151.91825396825377 
282.0604159080862 149.39404761904743 
286.67108722145133 144.7015873015871 
287.12523992269485 137.4646825396824 
296.1570356049106 133.83333333333314 
300.38666121914713 132.56428571428552 
306.0961275315343 129.29999999999984 
307.552670161616 129.2408730158729 
311.5420952950434 113.5003968253967 
318.52017419772613 109.47936507936492 
323.74163428425726 100.35714285714269 
336.7470625232807 92.92579365079351 
345.9178067856246 84.46031746031734 
351.0847385856377 80.93611111111107 
356.1411240113314 77.3757936507936 
358.98166148254955 74.73134920634917 
365.2356767937542 70.97023809523809 
365.5113409655487 69.73214285714286 
377.59063384190114 69.62103174603175 
392.92628946493835 64.76666666666668 
393.3968945166615 62.396031746031795 
401.68049774234504 59.50158730158735 
401.7742189383171 59.46071428571433 
417.3006714657328 53.8726190476191 
434.2630593626257 50.995634920634956 
437.67624123908155 47.92539682539687 
447.2834792656416 43.413095238095266 
451.0897744872921 37.92857142857145 
463.8649927795127 35.35357142857144 
470.8432780062453 29.202380952380963 
475.22418082300726 25.308333333333337 
491.93161741706336 18.543650793650794 
528.1717875547167 13.160714285714285 
533.8837398062979 8.651984126984127 
546.6270928920238 7.024603174603174 
323.69508941912983 108.2003968253967 
443.29264561832156 47.80793650793651 
467.735507338777 34.79960317460319 
428.7966004269061 53.845238095238145 

253.44953932417087 218.06785714285706 
255.2374947347111 185.7492063492062 
258.80451252582645 179.6920634920633 
261.25622921637535 174.02738095238078 
264.4899712224787 168.23690476190453 
268.62946450948925 158.2412698412696 
273.0255964838342 157.4944444444442 
277.37875816921826 151.91825396825377 
282.0604159080862 149.39404761904743 
287.12523992269485 137.4646825396824 
296.1570356049106 133.83333333333314 
300.38666121914713 132.56428571428552 
306.0961275315343 129.29999999999984 
312.56065222919705 124.99047619047604 
318.2701185415843 121.72619047619035 
318.9521871548538 121.19404761904751 
323.445033762988 120.4472222222221 
323.69508941912983 108.2003968253967 
329.38514009998033 103.41785714285699 
336.7470625232807 92.92579365079351 
341.79546452758404 87.12023809523797 
345.9178067856246 84.46031746031734 
348.3773213456292 82.9734126984126 
356.1411240113314 77.3757936507936 
357.5480656079731 74.50793650793646 
360.32069898996434 73.31706349206344 
365.2356767937542 70.97023809523809 
372.8897926572688 68.66190476190475 
381.6626969528602 67.03928571428571 
391.0255532806566 62.14285714285718 
391.88601417856717 59.95476190476195 
397.21584363887206 57.27420634920638 
406.996175059808 53.588888888888945 
410.15211725332057 52.0992063492064 
420.3754344790275 45.01468253968257 
425.6544258028464 41.7186507936508 
436.4314082479353 41.40912698412699 
440.7645866840871 35.35277777777779 
456.64402721290566 34.14603174603175 
462.7980478255551 30.22738095238095 
481.3797499901963 26.128571428571426 
490.9209488780286 23.445238095238093 
500.0411852764231 22.24365079365079 
503.02452602679335 21.817857142857136 
525.0560948284494 19.56031746031746 
537.1596719772141 17.932936507936507 
286.67108722145133 144.7015873015871 
311.27104275293794 128.02103174603164 
415.43112104917395 51.19603174603176 
454.0187550518721 34.5063492063492 
484.4428238621521 25.916666666666664 
451.03541430150176 34.932142857142864 
439.2184596851744 40.53888888888891 

253.44953932417087 218.06785714285706 
255.2374947347111 185.7492063492062 
258.80451252582645 179.6920634920633 
261.25622921637535 174.02738095238078 
264.4899712224787 168.23690476190453 
268.62946450948925 158.2412698412696 
273.0255964838342 157.4944444444442 
277.37875816921826 151.91825396825377 
282.0604159080862 149.39404761904743 
286.67108722145133 144.7015873015871 
287.12523992269485 137.4646825396824 
296.1570356049106 133.83333333333314 
300.38666121914713 132.56428571428552 
306.0961275315343 129.29999999999984 
311.93407242634225 125.11230158730146 
312.55348615860635 122.99523809523795 
318.52017419772613 109.47936507936492 
323.69508941912983 108.2003968253967 
324.21022487857675 104.69682539682523 
329.38514009998033 103.41785714285699 
333.3410636035581 101.76547619047604 
334.4335421042836 97.61230158730142 
336.7470625232807 92.92579365079351 
345.9178067856246 84.46031746031734 
348.3773213456292 82.9734126984126 
350.46410233997244 81.13690476190466 
356.1411240113314 77.3757936507936 
365.2356767937542 70.97023809523809 
370.24864730309673 69.48055555555555 
380.4719645288037 62.396031746031795 
409.5950600197378 58.724206349206405 
413.3794060214013 56.15555555555557 
414.46656811532756 55.027777777777814 
425.2934650359272 50.929365079365134 
432.2206156851192 48.771825396825434 
437.67624123908155 47.92539682539687 
441.76294973882057 44.748015873015895 
449.1944121022181 40.617857142857176 
451.62209551872604 38.0404761904762 
457.7709152837724 37.204761904761924 
464.8872318427607 35.045238095238105 
469.5835643072776 30.955952380952397 
482.0797164878718 29.328174603174606 
484.4874578230013 27.969841269841275 
491.4457372110509 22.975396825396825 
500.0411852764231 22.24365079365079 
527.308875926214 21.20039682539683 
532.7167770884728 18.290079365079364 
534.240551430014 16.32380952380952 
536.5031669046922 11.685714285714285 
548.9991132910917 9.891666666666664 
573.2053967771047 4.923015873015873 
311.27104275293794 128.02103174603164 
424.1405785817641 53.290476190476234 

253.44953932417087 218.06785714285706 
255.2374947347111 185.7492063492062 
258.80451252582645 179.6920634920633 
261.25622921637535 174.02738095238078 
264.4899712224787 168.23690476190453 
268.62946450948925 158.2412698412696 
273.0255964838342 157.4944444444442 
277.37875816921826 151.91825396825377 
282.0604159080862 149.39404761904743 
286.67108722145133 144.7015873015871 
287.12523992269485 137.4646825396824 
296.1570356049106 133.83333333333314 
300.38666121914713 132.56428571428552 
306.0961275315343 129.29999999999984 
313.24272084246655 124.4583333333332 
319.5654643332094 115.5646825396824 
323.69508941912983 108.2003968253967 
329.38514009998033 103.41785714285699 
336.7470625232807 92.92579365079351 
343.6965331764916 86.91944444444432 
345.9178067856246 84.46031746031734 
350.46410233997244 81.13690476190466 
356.1411240113314 77.3757936507936 
365.2356767937542 70.97023809523809 
385.5209700570144 70.18174603174602 
396.0138065522996 63.86587301587306 
401.5325555976773 58.44285714285719 
411.65036339494947 58.01587301587307 
415.9183887941195 55.31865079365084 
417.2178766275631 53.91349206349211 
427.6144293706179 51.76507936507941 
434.36389580747095 46.20595238095243 
445.90622576175815 44.57857142857148 
448.3339091782661 42.0011904761905 
454.8636877989832 40.16865079365081 
461.0703309067224 36.00436507936508 
466.2953779668175 34.916666666666686 
477.94817930390076 32.555158730158745 
481.45948311178194 26.342460317460322 
500.0411852764231 22.24365079365079 
521.7649516592741 20.944047619047613 
529.5455869564324 16.656349206349205 
534.4031961859636 14.814682539682535 
536.5031669046922 11.685714285714285 
548.9991132910917 9.891666666666664 
573.2053967771047 4.923015873015873 
295.7050034802791 135.08849206349186 
312.56065222919705 124.99047619047604 
318.2701185415843 121.72619047619035 
448.6437091168159 41.70515873015873 

253.44953932417087 218.06785714285706 
255.2374947347111 185.7492063492062 
258.80451252582645 179.6920634920633 
261.25622921637535 174.02738095238078 
264.4899712224787 168.23690476190453 
268.62946450948925 158.2412698412696 
273.0255964838342 157.4944444444442 
277.37875816921826 151.91825396825377 
282.0604159080862 149.39404761904743 
286.67108722145133 144.7015873015871 
287.12523992269485 137.4646825396824 
296.1570356049106 133.83333333333314 
300.38666121914713 132.56428571428552 
306.0961275315343 129.29999999999984 
310.672351493757 120.59642857142846 
316.3713789047332 115.8468253968253 
323.69508941912983 108.2003968253967 
324.21022487857675 104.69682539682523 
329.38514009998033 103.41785714285699 
331.10520051860857 100.84603174603158 
336.7470625232807 92.92579365079351 
345.9178067856246 84.46031746031734 
348.6904401676158 83.26944444444436 
350.52585694768004 82.50555555555545 
356.1411240113314 77.3757936507936 
365.2356767937542 70.97023809523809 
377.2076283048678 65.53730158730161 
391.88601417856717 59.95476190476195 
402.66299662365617 59.64523809523814 
416.6555967026209 54.05714285714289 
422.59410145106574 47.20119047619052 
429.29275487499785 44.41190476190477 
439.3702366979346 43.31111111111114 
447.6339426805907 38.80158730158732 
454.23580880397816 37.53968253968255 
455.6179556762955 36.33015873015874 
463.49801432323034 33.426984126984124 
474.1830384551554 30.76111111111111 
481.45948311178194 26.342460317460322 
487.9376081276584 23.871031746031747 
491.95394432182434 19.775793650793645 
516.8137421307721 18.450396825396822 
534.4031961859636 14.814682539682535 
536.5031669046922 11.685714285714285 
573.2053967771047 4.923015873015873 
295.7759899057819 137.25674603174585 
437.04474890768034 44.39523809523812 
437.6561548822825 43.50634920634924 
461.0703309067224 36.00436507936508 

253.44953932417087 218.06785714285706 
255.2374947347111 185.7492063492062 
258.80451252582645 179.6920634920633 
261.25622921637535 174.02738095238078 
264.4899712224787 168.23690476190453 
268.62946450948925 158.2412698412696 
273.0255964838342 157.4944444444442 
277.37875816921826 151.91825396825377 
282.0604159080862 149.39404761904743 
286.67108722145133 144.7015873015871 
287.12523992269485 137.4646825396824 
296.1570356049106 133.83333333333314 
300.38666121914713 132.56428571428552 
306.0961275315343 129.29999999999984 
307.552670161616 129.2408730158729 
312.56065222919705 124.99047619047604 
317.76485128322776 122.59841269841256 
319.3273468715178 121.38055555555542 
320.0374833922485 118.50317460317446 
323.69508941912983 108.2003968253967 
329.38514009998033 103.41785714285699 
334.4335421042836 97.61230158730142 
336.7470625232807 92.92579365079351 
341.5945873320231 90.7392857142856 
345.9178067856246 84.46031746031734 
350.02104635120264 79.17499999999995 
356.1411240113314 77.3757936507936 
356.55072583420167 74.17579365079364 
365.2356767937542 70.97023809523809 
378.0108950859748 68.3952380952381 
378.15152756093937 67.08015873015876 
384.4962684585025 59.99523809523813 
398.3374685057553 57.22023809523814 
412.90653925120523 52.94563492063496 
414.82731075684654 49.058333333333344 
417.9148484112859 48.04920634920637 
421.9312515027092 44.3714285714286 
429.69120865440135 40.87698412698414 
437.0414123839499 38.005555555555574 
437.51837254098376 36.79880952380954 
448.8284077947494 34.132936507936506 
459.4940734305142 32.48809523809525 
468.64604177582555 30.71071428571429 
468.81195345573656 26.52380952380953 
485.48171688620783 25.19960317460318 
487.9376081276584 23.871031746031747 
492.56721200834477 21.672619047619044 
501.99814121985656 20.045238095238098 
504.0143797875471 16.91626984126984 
531.8527081215454 11.780952380952378 
573.2053967771047 4.923015873015873 
377.2381395572881 68.81150793650792 

253.44953932417087 218.06785714285706 
255.2374947347111 185.7492063492062 
258.80451252582645 179.6920634920633 
261.25622921637535 174.02738095238078 
264.4899712224787 168.23690476190453 
268.62946450948925 158.2412698412696 
273.0255964838342 157.4944444444442 
277.37875816921826 151.91825396825377 
282.0604159080862 149.39404761904743 
287.12523992269485 137.4646825396824 
296.1570356049106 133.83333333333314 
300.38666121914713 132.56428571428552 
302.2333485328541 130.951984126984 
306.0961275315343 129.29999999999984 
312.58006786073366 126.50873015873003 
314.454554807514 122.7944444444443 
320.17118719049193 121.52539682539667 
323.69508941912983 108.2003968253967 
324.21022487857675 104.69682539682523 
326.1112935274843 104.49603174603155 
329.38514009998033 103.41785714285699 
334.8740867892173 101.68174603174587 
336.7470625232807 92.92579365079351 
341.79546452758404 87.12023809523797 
345.9178067856246 84.46031746031734 
350.46410233997244 81.13690476190466 
356.1411240113314 77.3757936507936 
365.2356767937542 70.97023809523809 
369.41294882242846 70.73253968253968 
380.09797295435334 68.06666666666666 
392.20638377789135 63.345634920634936 
402.908099366058 56.900000000000034 
405.4590306717519 53.60198412698415 
414.7536879366208 48.33095238095238 
415.60488004214704 46.50436507936511 
422.8031178955354 42.437301587301604 
430.2088860957138 40.027380952380966 
444.84778481249094 37.4968253968254 
451.03541430150176 34.932142857142864 
466.16647324465765 33.83531746031747 
467.52670984090236 33.07817460317462 
481.14472069856737 27.351984126984128 
487.9376081276584 23.871031746031747 
500.0411852764231 22.24365079365079 
521.489787853011 17.571428571428562 
536.5031669046922 11.685714285714285 
573.2053967771047 4.923015873015873 
286.67108722145133 144.7015873015871 
311.27104275293794 128.02103174603164 
318.2701185415843 121.72619047619035 
443.75896964487526 39.35079365079365 
529.5455869564324 16.656349206349205 
531.5868174501336 16.32380952380952 
475.0209138249421 31.930158730158738 

253.44953932417087 218.06785714285706 
255.2374947347111 185.7492063492062 
258.80451252582645 179.6920634920633 
261.25622921637535 174.02738095238078 
264.4899712224787 168.23690476190453 
268.62946450948925 158.2412698412696 
273.0255964838342 157.4944444444442 
277.37875816921826 151.91825396825377 
282.0604159080862 149.39404761904743 
286.67108722145133 144.7015873015871 
287.12523992269485 137.4646825396824 
296.1570356049106 133.83333333333314 
300.38666121914713 132.56428571428552 
306.0961275315343 129.29999999999984 
306.77819614480387 128.767857142857 
312.56065222919705 124.99047619047604 
313.24272084246655 124.4583333333332 
316.96109343378856 123.23849206349192 
318.2701185415843 121.72619047619035 
321.22841552042536 121.17976190476175 
323.69508941912983 108.2003968253967 
324.21022487857675 104.69682539682523 
326.95029839335746 103.6551587301586 
329.38514009998033 103.41785714285699 
333.9184066448367 101.11587301587286 
336.7470625232807 92.92579365079351 
341.79546452758404 87.12023809523797 
345.9178067856246 84.46031746031734 
348.6904401676158 83.26944444444436 
356.1411240113314 77.3757936507936 
365.2356767937542 70.97023809523809 
378.0108950859748 68.3952380952381 
388.094877691646 66.46984126984128 
406.488506633303 59.921031746031794 
413.723681810868 59.43333333333338 
420.8998736102391 56.807936507936546 
430.79124668097285 53.28134920634925 
431.31546546448976 51.89404761904766 
434.36389580747095 46.20595238095243 
449.29644351563815 44.69126984126988 
458.36353771099937 39.64007936507939 
466.378103042562 35.58452380952383 
474.2793909625223 32.4452380952381 
488.4555262703969 26.85714285714286 
508.6211359290839 23.871031746031747 
530.7068983489835 21.27619047619048 
537.0569301658439 14.814682539682535 
573.2053967771047 4.923015873015873 
295.7759899057819 137.25674603174585 
311.27104275293794 128.02103174603164 
318.9521871548538 121.19404761904751 
377.5152276386425 70.85912698412697 
425.57760510891023 56.51746031746037 

253.44953932417087 218.06785714285706 
255.2374947347111 185.7492063492062 
261.25622921637535 174.02738095238078 
264.4899712224787 168.23690476190453 
268.62946450948925 158.2412698412696 
273.0255964838342 157.4944444444442 
277.37875816921826 151.91825396825377 
286.67108722145133 144.7015873015871 
287.12523992269485 137.4646825396824 
296.1570356049106 133.83333333333314 
298.72450568079466 129.5492063492063 
303.76387805194406 127.49365079365073 
310.48070920983463 124.5309523809523 
315.5065885152396 118.65079365079363 
318.52017419772613 109.47936507936492 
323.69508941912983 108.2003968253967 
329.38514009998033 103.41785714285699 
336.7470625232807 92.92579365079351 
345.9178067856246 84.46031746031734 
348.6904401676158 83.26944444444436 
356.1411240113314 77.3757936507936 
365.2356767937542 70.97023809523809 
377.5152276386425 70.85912698412697 
384.93348311179716 68.60079365079365 
405.78543379887975 65.68849206349209 
408.7037970151379 65.59880952380955 
411.65036339494947 58.01587301587307 
415.601652574148 54.25912698412702 
425.89377105198423 53.79682539682546 
431.74523461755587 52.41865079365084 
435.7744940065297 50.27936507936512 
438.04169138347595 47.157142857142894 
439.25952491720216 45.07896825396827 
444.36093400246784 42.01269841269843 
448.695825246157 37.63174603174604 
461.0703309067224 36.00436507936508 
464.75008620752726 32.35079365079366 
469.0328613218755 32.04325396825398 
481.45948311178194 26.342460317460322 
487.9376081276584 23.871031746031747 
500.0411852764231 22.24365079365079 
517.1572866956236 20.780952380952378 
525.0560948284494 19.56031746031746 
534.4031961859636 14.814682539682535 
536.5031669046922 11.685714285714285 
573.2053967771047 4.923015873015873 

253.44953932417087 218.06785714285706 
255.2374947347111 185.7492063492062 
258.80451252582645 179.6920634920633 
261.25622921637535 174.02738095238078 
264.4899712224787 168.23690476190453 
268.62946450948925 158.2412698412696 
273.0255964838342 157.4944444444442 
277.37875816921826 151.91825396825377 
282.0604159080862 149.39404761904743 
286.67108722145133 144.7015873015871 
287.12523992269485 137.4646825396824 
296.1570356049106 133.83333333333314 
302.2333485328541 130.951984126984 
306.8440198462192 126.25952380952367 
312.0189350676228 124.98055555555543 
317.7355674506006 123.71150793650779 
318.52017419772613 109.47936507936492 
323.6756737875931 106.68214285714268 
324.54613086913645 100.73412698412682 
336.7470625232807 92.92579365079351 
345.9178067856246 84.46031746031734 
348.6904401676158 83.26944444444436 
350.46410233997244 81.13690476190466 
356.1411240113314 77.3757936507936 
365.2356767937542 70.97023809523809 
370.19596708444936 70.93095238095238 
376.9329312027705 66.83531746031747 
379.63626604813544 63.64801587301592 
398.93667543630653 58.03769841269846 
403.03134725524404 56.179365079365134 
406.9615990715514 53.800396825396845 
407.36452569139584 50.12301587301593 
420.06303672531874 47.12500000000003 
430.74806085724344 44.45912698412701 
438.0245055138703 40.0404761904762 
444.7435606545968 38.6373015873016 
460.75556849350784 37.0138888888889 
462.7244650153394 31.450793650793663 
470.66441157212444 28.97936507936508 
481.14472069856737 27.351984126984128 
488.5846973154554 26.85714285714286 
500.0411852764231 22.24365079365079 
527.0439803112941 20.550396825396824 
532.9004853550153 15.777380952380947 
536.5031669046922 11.685714285714285 
548.9991132910917 9.891666666666664 
573.2053967771047 4.923015873015873 
300.38666121914713 132.56428571428552 
324.21022487857675 104.69682539682523 
394.3105984293365 63.462301587301624 
417.63535330881075 49.70238095238102 
527.4351533150794 19.785317460317458 
534.4031961859636 14.814682539682535 

253.44953932417087 218.06785714285706 
255.2374947347111 185.7492063492062 
258.80451252582645 179.6920634920633 
261.25622921637535 174.02738095238078 
264.4899712224787 168.23690476190453 
268.62946450948925 158.2412698412696 
273.0255964838342 157.4944444444442 
277.37875816921826 151.91825396825377 
282.0604159080862 149.39404761904743 
287.12523992269485 137.4646825396824 
296.1570356049106 133.83333333333314 
300.38666121914713 132.56428571428552 
306.0961275315343 129.29999999999984 
312.55348615860635 122.99523809523795 
318.68422752258635 118.70396825396813 
323.69508941912983 108.2003968253967 
329.38514009998033 103.41785714285699 
336.7470625232807 92.92579365079351 
345.9178067856246 84.46031746031734 
356.1411240113314 77.3757936507936 
365.2356767937542 70.97023809523809 
384.6120116594379 65.4063492063492 
403.4474910960119 63.89246031746034 
403.9272827214023 60.147619047619074 
413.9303772602197 56.2242063492064 
415.76674016513533 55.31865079365084 
422.8372815344118 50.80000000000004 
424.0765994938424 45.767857142857174 
436.21654095363135 42.22579365079366 
459.7706399771266 40.80952380952381 
461.23483807796714 34.38928571428573 
469.97613933910685 30.955555555555556 
482.87257326880024 26.897619047619045 
491.93161741706336 18.543650793650794 
510.05835722373314 16.583333333333336 
523.2101907803043 15.307936507936507 
534.5064421014258 11.780952380952378 
546.6270928920238 7.024603174603174 
573.2053967771047 4.923015873015873 
575.3134468293505 1.794047619047619 
286.67108722145133 144.7015873015871 
318.2701185415843 121.72619047619035 
413.3368804824691 60.07500000000006 
415.6220425489968 55.471428571428596 
423.5609931469533 48.62222222222226 
480.15056891735856 29.9170634920635 
311.27104275293794 128.02103174603164 

253.44953932417087 218.06785714285706 
255.2374947347111 185.7492063492062 
258.80451252582645 179.6920634920633 
261.25622921637535 174.02738095238078 
264.4899712224787 168.23690476190453 
268.62946450948925 158.2412698412696 
273.0255964838342 157.4944444444442 
277.37875816921826 151.91825396825377 
282.0604159080862 149.39404761904743 
286.67108722145133 144.7015873015871 
287.12523992269485 137.4646825396824 
296.1570356049106 133.83333333333314 
306.0961275315343 129.29999999999984 
307.281024704239 128.76111111111098 
313.61071448854 122.64960317460303 
317.72840138001015 121.7162698412697 
323.69508941912983 108.2003968253967 
325.2674532085102 104.35119047619033 
329.38514009998033 103.41785714285699 
336.7470625232807 92.92579365079351 
345.9178067856246 84.46031746031734 
348.6904401676158 83.26944444444436 
350.46410233997244 81.13690476190466 
356.1411240113314 77.3757936507936 
365.2356767937542 70.97023809523809 
389.9310713521761 70.85912698412697 
402.7878385115275 67.6952380952381 
408.1867886957004 65.41825396825398 
410.17066704533124 58.37539682539685 
421.71744902349263 55.043253968254014 
425.89377105198423 53.79682539682546 
427.9941719905595 53.18253968253971 
439.7098632572697 48.092857142857156 
441.0756551776834 45.381349206349235 
442.1668763426926 43.19087301587304 
451.43992477607907 40.23134920634923 
461.32786086277565 40.1888888888889 
468.0015571118811 35.29920634920636 
470.7981309302699 30.56944444444446 
486.82327474141954 28.112698412698414 
487.9376081276584 23.871031746031747 
500.0411852764231 22.24365079365079 
516.8137421307721 18.450396825396822 
536.5031669046922 11.685714285714285 
573.2053967771047 4.923015873015873 
322.3170491319931 120.1412698412697 
402.7238736611011 69.8734126984127 
409.78766481621 64.98015873015875 
415.9772524703165 57.895634920634976 
499.8741543895057 23.4531746031746 
529.5455869564324 16.656349206349205 

253.44953932417087 218.06785714285706 
255.2374947347111 185.7492063492062 
258.80451252582645 179.6920634920633 
261.25622921637535 174.02738095238078 
264.4899712224787 168.23690476190453 
268.62946450948925 158.2412698412696 
273.0255964838342 157.4944444444442 
277.37875816921826 151.91825396825377 
282.0604159080862 149.39404761904743 
287.12523992269485 137.4646825396824 
296.1570356049106 133.83333333333314 
300.38666121914713 132.56428571428552 
306.0961275315343 129.29999999999984 
307.552670161616 129.2408730158729 
311.50062674725274 121.74999999999989 
318.9681010504922 118.076984126984 
323.69508941912983 108.2003968253967 
326.1112935274843 104.49603174603155 
329.5380756631153 102.80158730158718 
336.33461075319127 97.41150793650777 
336.7470625232807 92.92579365079351 
345.9178067856246 84.46031746031734 
356.1411240113314 77.3757936507936 
358.98166148254955 74.73134920634917 
365.2356767937542 70.97023809523809 
376.9946670463416 70.48492063492064 
378.0108950859748 68.3952380952381 
389.0421127343694 66.0884920634921 
403.91294571620085 64.53650793650796 
405.3318443785703 55.99920634920638 
406.996175059808 53.588888888888945 
425.2032339344785 52.42777777777783 
428.0969598575364 46.171825396825426 
436.3156504357806 44.434523809523874 
448.0574693591358 43.50833333333336 
448.48611206259585 36.50992063492063 
467.5484559225988 33.53293650793651 
470.66441157212444 28.97936507936508 
487.9376081276584 23.871031746031747 
504.7991713214403 23.669841269841267 
514.3747916683214 22.344444444444445 
534.4031961859636 14.814682539682535 
536.5031669046922 11.685714285714285 
573.2053967771047 4.923015873015873 
286.67108722145133 144.7015873015871 
318.2701185415843 121.72619047619035 
322.783969454904 117.90595238095224 
329.38514009998033 103.41785714285699 

253.44953932417087 218.06785714285706 
255.2374947347111 185.7492063492062 
258.80451252582645 179.6920634920633 
261.25622921637535 174.02738095238078 
264.4899712224787 168.23690476190453 
268.62946450948925 158.2412698412696 
273.0255964838342 157.4944444444442 
277.37875816921826 151.91825396825377 
282.0604159080862 149.39404761904743 
286.67108722145133 144.7015873015871 
287.12523992269485 137.4646825396824 
296.1570356049106 133.83333333333314 
300.38666121914713 132.56428571428552 
306.0961275315343 129.29999999999984 
306.8440198462192 126.25952380952367 
312.97165001038314 121.54484126984114 
318.58171089628996 121.12261904761893 
323.26821246839046 117.35119047619038 
323.6756737875931 106.68214285714268 
328.76854156299476 101.62579365079357 
334.574652930724 100.57579365079349 
336.7470625232807 92.92579365079351 
341.5945873320231 90.7392857142856 
345.9178067856246 84.46031746031734 
351.87104393661406 78.26904761904757 
356.1411240113314 77.3757936507936 
365.2356767937542 70.97023809523809 
367.77138283368 67.4234126984127 
370.92732502719264 65.93373015873019 
379.4248211360166 64.17539682539686 
382.13337114644 61.19246031746036 
393.1495117117047 52.94563492063496 
416.567504572314 49.29761904761908 
419.13169561032174 49.01349206349212 
420.3754344790275 45.01468253968257 
436.0916127263035 40.428968253968286 
454.75304801253054 36.54404761904764 
455.54613961577047 34.255952380952394 
458.87369126819453 32.82896825396827 
478.30159219296644 27.16111111111112 
494.58870002631124 22.332936507936505 
504.85952764372615 21.912301587301588 
533.6141122298707 13.194841269841264 
534.5064421014258 11.780952380952378 
573.2053967771047 4.923015873015873 
312.56065222919705 124.99047619047604 
469.4132811834012 31.45912698412699 
492.18070233272636 27.117063492063497 

253.44953932417087 218.06785714285706 
255.2374947347111 185.7492063492062 
258.80451252582645 179.6920634920633 
261.25622921637535 174.02738095238078 
264.4899712224787 168.23690476190453 
268.62946450948925 158.2412698412696 
273.0255964838342 157.4944444444442 
277.37875816921826 151.91825396825377 
282.0604159080862 149.39404761904743 
286.67108722145133 144.7015873015871 
287.12523992269485 137.4646825396824 
296.1570356049106 133.83333333333314 
300.38666121914713 132.56428571428552 
306.0961275315343 129.29999999999984 
312.56065222919705 124.99047619047604 
318.2701185415843 121.72619047619035 
323.69508941912983 108.2003968253967 
329.2633118651615 105.93769841269831 
329.38514009998033 103.41785714285699 
336.7470625232807 92.92579365079351 
345.9178067856246 84.46031746031734 
356.1411240113314 77.3757936507936 
365.2356767937542 70.97023809523809 
378.0108950859748 68.3952380952381 
389.3993876011583 67.02182539682542 
393.42391007634666 65.38214285714288 
404.87732088619595 59.394047619047676 
414.8710501263609 57.21785714285718 
420.33063832476125 48.14444444444448 
420.86759184285603 47.390476190476235 
431.09220440109215 44.136904761904795 
435.4719889638166 41.30158730158731 
443.77487026102835 37.58333333333336 
458.8225246319789 35.20793650793653 
462.59135839591323 33.17976190476192 
468.8262339381291 28.54166666666667 
480.0494358894669 27.01031746031746 
480.9155306045013 24.896428571428572 
487.9376081276584 23.871031746031747 
500.0411852764231 22.24365079365079 
525.0560948284494 19.56031746031746 
534.114487453359 13.679761904761902 
534.5064421014258 11.780952380952378 
573.2053967771047 4.923015873015873 
295.10703369418894 136.33492063492045 
423.38571805596894 47.24523809523815 
439.4284184669695 40.38134920634922 
450.52607168191196 37.539285714285725 
461.46286474796744 35.18253968253969 
462.28860438066243 33.62976190476192 
484.30952932939044 24.684523809523814 
536.5031669046922 11.685714285714285 

253.44953932417087 218.06785714285706 
255.2374947347111 185.7492063492062 
258.80451252582645 179.6920634920633 
261.25622921637535 174.02738095238078 
264.4899712224787 168.23690476190453 
268.62946450948925 158.2412698412696 
273.0255964838342 157.4944444444442 
277.37875816921826 151.91825396825377 
282.0604159080862 149.39404761904743 
287.12523992269485 137.4646825396824 
296.1570356049106 133.83333333333314 
300.38666121914713 132.56428571428552 
306.0961275315343 129.29999999999984 
306.8440198462192 126.25952380952367 
312.56065222919705 124.99047619047604 
318.2701185415843 121.72619047619035 
318.68422752258635 118.70396825396813 
323.69508941912983 108.2003968253967 
324.21022487857675 104.69682539682523 
329.38514009998033 103.41785714285699 
336.7470625232807 92.92579365079351 
342.2095735085861 84.09801587301575 
348.6904401676158 83.26944444444436 
350.46410233997244 81.13690476190466 
355.01235956804726 78.05476190476185 
356.1411240113314 77.3757936507936 
365.2356767937542 70.97023809523809 
378.0108950859748 68.3952380952381 
387.3853581397426 67.6952380952381 
397.0763503286637 65.09087301587304 
398.92167631459444 63.115079365079374 
403.6874472887829 55.42976190476195 
416.4626655810035 52.85476190476196 
427.6661525932265 49.85039682539684 
429.7225162469494 47.69325396825402 
433.5731709076654 45.54603174603179 
441.8077688216886 44.67103174603177 
445.62762138177806 42.765873015873034 
449.3235831472767 40.617857142857176 
451.7512665637846 38.0404761904762 
468.1955451103958 36.519047619047626 
469.7127353523361 30.955952380952397 
481.45948311178194 26.342460317460322 
491.9641631613901 25.382936507936506 
500.0411852764231 22.24365079365079 
534.240551430014 16.32380952380952 
534.4031961859636 14.814682539682535 
555.8029627429818 13.274999999999997 
573.2053967771047 4.923015873015873 
286.67108722145133 144.7015873015871 
329.2208007593371 104.46230158730145 
336.2694671715937 101.12738095238089 
396.3255248654826 65.92182539682545 
441.957296397355 44.62420634920636 
465.14862663721743 38.031349206349226 
553.5988534037849 13.630952380952376 
465.94069551987104 37.95198412698414 

253.44953932417087 218.06785714285706 
255.2374947347111 185.7492063492062 
258.80451252582645 179.6920634920633 
261.25622921637535 174.02738095238078 
264.4899712224787 168.23690476190453 
268.62946450948925 158.2412698412696 
273.0255964838342 157.4944444444442 
277.37875816921826 151.91825396825377 
282.0604159080862 149.39404761904743 
286.67108722145133 144.7015873015871 
287.12523992269485 137.4646825396824 
295.7759899057819 137.25674603174585 
296.1570356049106 133.83333333333314 
300.38666121914713 132.56428571428552 
306.0961275315343 129.29999999999984 
312.56065222919705 124.99047619047604 
315.4932384820636 123.76746031746025 
318.5007585661894 107.96111111111092 
338.5558843623242 94.95238095238079 
341.32851774431555 93.7615079365078 
345.9178067856246 84.46031746031734 
348.6904401676158 83.26944444444436 
351.2816208703964 82.75634920634911 
356.1411240113314 77.3757936507936 
365.2356767937542 70.97023809523809 
378.0108950859748 68.3952380952381 
380.0509336785683 67.31230158730159 
394.52720092483906 64.73730158730162 
398.0945378888142 63.93452380952385 
401.5325555976773 58.44285714285719 
407.2288066375684 57.82301587301591 
421.398122369171 53.45555555555561 
427.6144293706179 51.76507936507941 
432.70335208505503 49.93531746031749 
438.20217742303765 47.70198412698414 
443.37834962250946 45.29722222222225 
449.3175423845557 43.15912698412701 
452.13438682261517 42.75674603174607 
461.3460126917171 38.78055555555557 
462.18675749484186 34.58492063492065 
474.2793909625223 32.4452380952381 
481.3124121667637 31.932142857142868 
488.03789180064155 27.95396825396826 
502.8570497789892 25.128571428571426 
503.02452602679335 21.817857142857136 
532.7167770884728 18.290079365079364 
534.0098003794882 9.884126984126985 
546.7404558139846 8.256746031746033 
434.1729180340638 49.841269841269856 
435.9023076016753 48.6698412698413 
442.1896223890722 47.06428571428575 
452.7872138254383 42.40952380952383 
487.87041555283736 31.264682539682546 

253.44953932417087 218.06785714285706 
255.2374947347111 185.7492063492062 
258.80451252582645 179.6920634920633 
261.25622921637535 174.02738095238078 
264.4899712224787 168.23690476190453 
268.62946450948925 158.2412698412696 
273.0255964838342 157.4944444444442 
277.37875816921826 151.91825396825377 
282.0604159080862 149.39404761904743 
286.67108722145133 144.7015873015871 
287.12523992269485 137.4646825396824 
296.1570356049106 133.83333333333314 
300.38666121914713 132.56428571428552 
307.552670161616 129.2408730158729 
309.1092023530565 125.83928571428561 
312.56065222919705 124.99047619047604 
316.53731457848124 121.8301587301586 
318.2732514756813 120.58611111111098 
319.92257465249736 114.49841269841258 
320.60464326576687 113.96626984126974 
323.69508941912983 108.2003968253967 
329.38514009998033 103.41785714285699 
336.7470625232807 92.92579365079351 
336.7763463559078 91.81269841269828 
345.9178067856246 84.46031746031734 
348.6904401676158 83.26944444444436 
356.1411240113314 77.3757936507936 
360.32069898996434 73.31706349206344 
365.2356767937542 70.97023809523809 
378.0108950859748 68.3952380952381 
387.3425866688309 67.60873015873017 
394.52720092483906 64.73730158730162 
401.5325555976773 58.44285714285719 
405.6494212606986 56.95317460317464 
407.9064603440587 56.16309523809529 
410.2737377438338 55.17738095238099 
415.8727384864056 49.86865079365083 
430.64626209644246 44.59404761904766 
453.15560500633836 43.91785714285717 
454.6317616198826 41.59206349206349 
463.78025445946884 39.435317460317464 
472.9366989744318 36.53174603174604 
473.17723486226237 34.18809523809523 
477.73298145248805 31.65158730158731 
484.0111679411912 30.762301587301597 
484.7393777448701 29.65357142857144 
499.12132882243185 24.396428571428576 
499.84953862611076 23.28769841269841 
522.0724161456505 19.654365079365075 
530.3489520994135 13.496031746031745 
573.2053967771047 4.923015873015873 
295.7050034802791 135.08849206349186 
306.0961275315343 129.29999999999984 
429.8533382853442 49.75753968253972 
497.0189285897583 29.54246031746033 

253.44953932417087 218.06785714285706 
255.2374947347111 185.7492063492062 
258.80451252582645 179.6920634920633 
261.25622921637535 174.02738095238078 
264.4899712224787 168.23690476190453 
268.62946450948925 158.2412698412696 
273.0255964838342 157.4944444444442 
277.37875816921826 151.91825396825377 
282.0604159080862 149.39404761904743 
286.67108722145133 144.7015873015871 
287.12523992269485 137.4646825396824 
296.1570356049106 133.83333333333314 
300.38666121914713 132.56428571428552 
306.8440198462192 126.25952380952367 
312.56065222919705 124.99047619047604 
317.72840138001015 121.7162698412697 
320.17118719049193 121.52539682539667 
323.69508941912983 108.2003968253967 
329.38514009998033 103.41785714285699 
336.7470625232807 92.92579365079351 
345.9178067856246 84.46031746031734 
348.3773213456292 82.9734126984126 
351.2816208703964 82.75634920634911 
356.1411240113314 77.3757936507936 
365.2356767937542 70.97023809523809 
379.2679154165475 67.1138888888889 
388.5374920975849 63.12023809523814 
399.54818419852603 61.37658730158735 
405.1654490834812 60.36587301587305 
413.69781130001473 52.766666666666715 
419.9373364035857 51.714682539682585 
425.2934650359272 50.929365079365134 
430.04211278712586 49.187698412698424 
437.67624123908155 47.92539682539687 
439.5013130467541 41.76230158730161 
448.695825246157 37.63174603174604 
452.12422946911767 33.07817460317462 
461.80853279458995 32.388492063492066 
469.7127353523361 30.955952380952397 
484.4874578230013 27.969841269841275 
493.68788322863224 26.6015873015873 
500.0411852764231 22.24365079365079 
514.717704640394 19.219841269841268 
533.6141122298707 13.194841269841264 
551.3786967925096 13.028174603174596 
573.2053967771047 4.923015873015873 
306.0961275315343 129.29999999999984 
377.5152276386425 70.85912698412697 
427.6776467554116 50.29285714285717 

253.44953932417087 218.06785714285706 
255.2374947347111 185.7492063492062 
258.80451252582645 179.6920634920633 
261.25622921637535 174.02738095238078 
264.4899712224787 168.23690476190453 
268.62946450948925 158.2412698412696 
273.0255964838342 157.4944444444442 
277.37875816921826 151.91825396825377 
282.0604159080862 149.39404761904743 
286.67108722145133 144.7015873015871 
287.12523992269485 137.4646825396824 
296.1570356049106 133.83333333333314 
300.38666121914713 132.56428571428552 
306.8440198462192 126.25952380952367 
312.56065222919705 124.99047619047604 
313.61788055913047 124.64484126984112 
318.2701185415843 121.72619047619035 
321.22841552042536 121.17976190476175 
321.8516022408713 118.07936507936496 
323.6756737875931 106.68214285714268 
324.21022487857675 104.69682539682523 
329.38514009998033 103.41785714285699 
336.7470625232807 92.92579365079351 
341.79546452758404 87.12023809523797 
345.9178067856246 84.46031746031734 
348.6904401676158 83.26944444444436 
350.46410233997244 81.13690476190466 
356.1411240113314 77.3757936507936 
365.2356767937542 70.97023809523809 
370.24864730309673 69.48055555555555 
378.0108950859748 68.3952380952381 
380.4719645288037 62.396031746031795 
401.5325555976773 58.44285714285719 
415.8727384864056 49.86865079365083 
428.9854460348385 44.62539682539684 
442.1668763426926 43.19087301587304 
448.6437091168159 41.70515873015873 
461.32786086277565 40.1888888888889 
462.7191919539751 37.71507936507938 
469.0328613218755 32.04325396825398 
472.42164061934164 31.147619047619056 
482.89149410903997 29.450793650793667 
488.5846973154554 26.85714285714286 
492.0847772905547 26.104365079365078 
500.0411852764231 22.24365079365079 
522.9231981701749 19.85079365079365 
534.240551430014 16.32380952380952 
573.2053967771047 4.923015873015873 
306.0961275315343 129.29999999999984 
318.9521871548538 121.19404761904751 
401.2789109579904 62.16785714285719 
410.97131488393546 57.98888888888892 
481.71701306783507 30.52698412698414 

253.44953932417087 218.06785714285706 
255.2374947347111 185.7492063492062 
258.80451252582645 179.6920634920633 
261.25622921637535 174.02738095238078 
264.4899712224787 168.23690476190453 
268.62946450948925 158.2412698412696 
273.0255964838342 157.4944444444442 
277.37875816921826 151.91825396825377 
282.0604159080862 149.39404761904743 
286.67108722145133 144.7015873015871 
287.12523992269485 137.4646825396824 
296.1570356049106 133.83333333333314 
300.38666121914713 132.56428571428552 
306.0961275315343 129.29999999999984 
307.0266926738375 128.52857142857127 
311.27104275293794 128.02103174603164 
312.56065222919705 124.99047619047604 
317.187452390146 119.86031746031735 
319.92257465249736 114.49841269841258 
323.69508941912983 108.2003968253967 
329.38514009998033 103.41785714285699 
336.7470625232807 92.92579365079351 
340.79833705993394 91.12539682539673 
345.9178067856246 84.46031746031734 
350.46410233997244 81.13690476190466 
355.49908261575996 80.39325396825392 
356.1411240113314 77.3757936507936 
357.2854181213357 77.28611111111105 
365.2356767937542 70.97023809523809 
377.5152276386425 70.85912698412697 
382.52819814798517 69.36944444444444 
394.313009914967 64.83015873015876 
399.72653728949075 61.73015873015878 
415.0701478102204 58.01388888888894 
418.52477398269565 55.05833333333338 
419.14617790417384 52.29365079365082 
425.2934650359272 50.929365079365134 
427.7211484524352 48.35198412698415 
439.1135576790509 45.767857142857174 
441.3751501108048 44.59603174603178 
445.68261724098653 41.26746031746035 
448.695825246157 37.63174603174604 
461.76430231586414 34.93412698412699 
469.7127353523361 30.955952380952397 
481.45948311178194 26.342460317460322 
499.8741543895057 23.4531746031746 
500.0411852764231 22.24365079365079 
536.9277591207855 14.814682539682535 
548.9991132910917 9.891666666666664 
573.2053967771047 4.923015873015873 
295.10703369418894 136.33492063492045 
393.3980129933549 67.96626984126985 
403.52913445844666 60.881746031746076 
423.4409624656822 51.939285714285745 

253.44953932417087 218.06785714285706 
255.2374947347111 185.7492063492062 
258.80451252582645 179.6920634920633 
261.25622921637535 174.02738095238078 
264.4899712224787 168.23690476190453 
268.62946450948925 158.2412698412696 
273.0255964838342 157.4944444444442 
277.37875816921826 151.91825396825377 
282.0604159080862 149.39404761904743 
287.12523992269485 137.4646825396824 
296.1570356049106 133.83333333333314 
300.38666121914713 132.56428571428552 
306.0961275315343 129.29999999999984 
311.27104275293794 128.02103174603164 
314.9255091872172 121.37023809523795 
323.69508941912983 108.2003968253967 
329.38514009998033 103.41785714285699 
336.7470625232807 92.92579365079351 
345.9178067856246 84.46031746031734 
350.46410233997244 81.13690476190466 
356.1411240113314 77.3757936507936 
365.2356767937542 70.97023809523809 
367.77138283368 67.4234126984127 
388.75733730545664 61.01785714285719 
401.5325555976773 58.44285714285719 
414.38322756078554 56.526190476190514 
415.8727384864056 49.86865079365083 
427.55803468522026 47.08055555555558 
435.77791851424763 43.61944444444447 
442.49041527944416 40.34841269841271 
449.90773676335743 38.69047619047621 
454.75304801253054 36.54404761904764 
461.76430231586414 34.93412698412699 
461.80853279458995 32.388492063492066 
469.0328613218755 32.04325396825398 
474.63193604358975 29.740079365079364 
484.4874578230013 27.969841269841275 
487.9376081276584 23.871031746031747 
500.0411852764231 22.24365079365079 
516.8137421307721 18.450396825396822 
531.5868174501336 16.32380952380952 
536.5031669046922 11.685714285714285 
573.2053967771047 4.923015873015873 
286.67108722145133 144.7015873015871 
313.5300486345736 127.25555555555543 
469.97613933910685 30.955555555555556 

