323.69508941912983 108.2003968253967 
311.27104275293794 128.02103174603164 
300.38666121914713 132.56428571428552 
296.1570356049106 133.83333333333314 
286.67108722145133 144.7015873015871 
282.0604159080862 149.39404761904743 
277.37875816921826 151.91825396825377 
273.0255964838342 157.4944444444442 
268.62946450948925 158.2412698412696 
264.4899712224787 168.23690476190453 
261.25622921637535 174.02738095238078 
258.80451252582645 179.6920634920633 
255.2374947347111 185.7492063492062 
323.2510786162324 121.46309523809515 
287.12523992269485 137.4646825396824 
356.1411240113314 77.3757936507936 
312.55348615860635 122.99523809523795 
336.7470625232807 92.92579365079351 
306.0961275315343 129.29999999999984 
318.2701185415843 121.72619047619035 
446.51480647243415 39.365873015873035 
378.0108950859748 68.3952380952381 
455.4786655692571 39.12658730158733 
295.10703369418894 136.33492063492045 
351.2816208703964 82.75634920634911 
406.0332407817887 61.01785714285719 
421.07925492472697 56.5996031746032 
443.53146572206384 39.79166666666669 
457.9225309971736 38.184523809523824 
425.53322841575965 50.72261904761907 
473.3027278751632 29.26785714285714 
418.57931666709504 58.328571428571465 
419.9551040161769 57.11904761904766 
499.8741543895057 23.4531746031746 
469.2027732945816 30.51825396825397 
458.238011946469 32.57103174603174 
441.7627209588512 43.67658730158734 
500.0411852764231 22.24365079365079 
487.9376081276584 23.871031746031747 
481.3797499901963 26.128571428571426 
455.5560180082192 39.092460317460336 
392.94322786475084 66.3654761904762 
323.445033762988 120.4472222222221 

365.2356767937542 70.97023809523809 
345.9178067856246 84.46031746031734 
336.7470625232807 92.92579365079351 
329.38514009998033 103.41785714285699 
311.27104275293794 128.02103174603164 
306.0961275315343 129.29999999999984 
300.38666121914713 132.56428571428552 
296.1570356049106 133.83333333333314 
286.67108722145133 144.7015873015871 
282.0604159080862 149.39404761904743 
277.37875816921826 151.91825396825377 
273.0255964838342 157.4944444444442 
268.62946450948925 158.2412698412696 
323.2510786162324 121.46309523809515 
287.12523992269485 137.4646825396824 
350.46410233997244 81.13690476190466 
323.6756737875931 106.68214285714268 
312.58006786073366 126.50873015873003 
356.1411240113314 77.3757936507936 
424.037620861645 49.39761904761907 
323.445033762988 120.4472222222221 
415.4225506822153 50.51388888888892 
393.92586054512026 56.2742063492064 
317.7355674506006 123.71150793650779 
401.3041039625481 51.720634920634964 
382.2956017227717 66.22658730158733 
318.2701185415843 121.72619047619035 
434.0346682608745 45.20396825396828 
377.3065846303848 67.39325396825397 
399.66491625687644 54.976984126984185 

365.2356767937542 70.97023809523809 
356.1411240113314 77.3757936507936 
345.9178067856246 84.46031746031734 
336.7470625232807 92.92579365079351 
329.38514009998033 103.41785714285699 
323.69508941912983 108.2003968253967 
311.27104275293794 128.02103174603164 
306.0961275315343 129.29999999999984 
300.38666121914713 132.56428571428552 
296.1570356049106 133.83333333333314 
286.67108722145133 144.7015873015871 
282.0604159080862 149.39404761904743 
277.37875816921826 151.91825396825377 
273.0255964838342 157.4944444444442 
268.62946450948925 158.2412698412696 
264.4899712224787 168.23690476190453 
287.12523992269485 137.4646825396824 
311.35372289614486 114.38373015873003 
395.46761440245547 63.57380952380955 
389.9081904042023 66.31388888888891 
421.9021389104619 46.684920634920665 
392.32489719829744 65.9138888888889 
401.5129867054024 56.34682539682543 
355.01235956804726 78.05476190476185 
350.52585694768004 82.50555555555545 

345.9178067856246 84.46031746031734 
323.69508941912983 108.2003968253967 
311.27104275293794 128.02103174603164 
306.0961275315343 129.29999999999984 
296.1570356049106 133.83333333333314 
286.67108722145133 144.7015873015871 
323.2510786162324 121.46309523809515 
300.38666121914713 132.56428571428552 
317.7355674506006 123.71150793650779 
336.7470625232807 92.92579365079351 
320.17118719049193 121.52539682539667 
329.38514009998033 103.41785714285699 
312.56065222919705 124.99047619047604 
318.2701185415843 121.72619047619035 
410.34587745672286 64.31944444444447 
437.67624123908155 47.92539682539687 
448.0574693591358 43.50833333333336 
391.9914948849132 68.28412698412698 
465.41324024796 33.21428571428573 
448.6437091168159 41.70515873015873 
461.76430231586414 34.93412698412699 
473.767920041743 28.696031746031746 
323.445033762988 120.4472222222221 
408.68177929515593 64.96230158730161 
439.4401809311066 44.37976190476192 
457.8820519294102 37.29523809523812 
525.0560948284494 19.56031746031746 
537.1596719772141 17.932936507936507 
380.1626283561285 79.972619047619 
416.7433662660773 50.927380952381 
499.8578437616924 21.27539682539682 
532.7167770884728 18.290079365079364 
545.4259392633604 16.662698412698408 
487.75426661292744 22.902777777777775 
429.8533382853442 49.75753968253972 

365.2356767937542 70.97023809523809 
345.9178067856246 84.46031746031734 
323.69508941912983 108.2003968253967 
311.27104275293794 128.02103174603164 
306.0961275315343 129.29999999999984 
300.38666121914713 132.56428571428552 
296.1570356049106 133.83333333333314 
286.67108722145133 144.7015873015871 
282.0604159080862 149.39404761904743 
277.37875816921826 151.91825396825377 
273.0255964838342 157.4944444444442 
268.62946450948925 158.2412698412696 
264.4899712224787 168.23690476190453 
261.25622921637535 174.02738095238078 
258.80451252582645 179.6920634920633 
255.2374947347111 185.7492063492062 
287.12523992269485 137.4646825396824 
378.0108950859748 68.3952380952381 
312.58006786073366 126.50873015873003 
348.6904401676158 83.26944444444436 
356.1411240113314 77.3757936507936 
318.52017419772613 109.47936507936492 
329.38514009998033 103.41785714285699 
391.9914948849132 68.28412698412698 
307.552670161616 129.2408730158729 
402.2883678533467 67.76706349206349 
318.2701185415843 121.72619047619035 
336.7470625232807 92.92579365079351 
317.7355674506006 123.71150793650779 
437.49074276634184 46.315873015873066 
469.0328613218755 32.04325396825398 
435.9023076016753 48.6698412698413 
487.9376081276584 23.871031746031747 
406.0332407817887 61.01785714285719 
481.45948311178194 26.342460317460322 
415.51315539661573 58.331746031746086 
427.6144293706179 51.76507936507941 
466.2953779668175 34.916666666666686 
469.0849774512165 27.969841269841275 
451.1235086626649 35.054365079365084 
500.0411852764231 22.24365079365079 
432.08470810207166 50.927380952381 
444.9956969915519 39.779761904761926 
418.0421472112588 53.55000000000004 

365.2356767937542 70.97023809523809 
356.1411240113314 77.3757936507936 
345.9178067856246 84.46031746031734 
336.7470625232807 92.92579365079351 
311.27104275293794 128.02103174603164 
306.0961275315343 129.29999999999984 
300.38666121914713 132.56428571428552 
296.1570356049106 133.83333333333314 
286.67108722145133 144.7015873015871 
282.0604159080862 149.39404761904743 
277.37875816921826 151.91825396825377 
273.0255964838342 157.4944444444442 
268.62946450948925 158.2412698412696 
264.4899712224787 168.23690476190453 
261.25622921637535 174.02738095238078 
258.80451252582645 179.6920634920633 
255.2374947347111 185.7492063492062 
323.2510786162324 121.46309523809515 
287.12523992269485 137.4646825396824 
329.38514009998033 103.41785714285699 
350.46410233997244 81.13690476190466 
318.2701185415843 121.72619047619035 
410.1751247371256 56.51746031746037 
317.7355674506006 123.71150793650779 
323.445033762988 120.4472222222221 
323.6756737875931 106.68214285714268 
401.5325555976773 58.44285714285719 
419.1710496825853 48.350000000000016 
312.56065222919705 124.99047619047604 
418.3090361465904 55.52619047619053 
388.75733730545664 61.01785714285719 
367.77138283368 67.4234126984127 
295.10703369418894 136.33492063492045 
424.35440844953735 48.29920634920639 
430.564276942185 46.85555555555558 
457.87989497140126 36.65396825396828 
435.26982405694844 46.06468253968256 
445.079037546094 38.281349206349226 
437.13251847113685 41.26547619047621 

253.44953932417087 218.06785714285706 
323.69508941912983 108.2003968253967 
311.27104275293794 128.02103174603164 
306.0961275315343 129.29999999999984 
300.38666121914713 132.56428571428552 
296.1570356049106 133.83333333333314 
286.67108722145133 144.7015873015871 
282.0604159080862 149.39404761904743 
277.37875816921826 151.91825396825377 
273.0255964838342 157.4944444444442 
268.62946450948925 158.2412698412696 
264.4899712224787 168.23690476190453 
261.25622921637535 174.02738095238078 
258.80451252582645 179.6920634920633 
255.2374947347111 185.7492063492062 
323.2510786162324 121.46309523809515 
287.12523992269485 137.4646825396824 
312.0189350676228 124.98055555555543 
336.7470625232807 92.92579365079351 
329.38514009998033 103.41785714285699 
356.3903270007647 81.93333333333324 
323.445033762988 120.4472222222221 
370.43155530559983 69.16269841269839 
368.32441619301255 78.61507936507937 
382.93258612017377 68.0218253968254 
388.5488182236248 63.52103174603177 
317.7355674506006 123.71150793650779 
318.2701185415843 121.72619047619035 
405.9264125090217 59.04126984126988 
388.63560378526705 60.65714285714288 
389.83926230064134 59.2948412698413 
347.4320866552055 90.25992063492049 

365.2356767937542 70.97023809523809 
356.1411240113314 77.3757936507936 
345.9178067856246 84.46031746031734 
336.7470625232807 92.92579365079351 
389.9310713521761 70.85912698412697 
390.9358250738328 68.3952380952381 
391.4571805166382 66.58611111111111 
401.68049774234504 59.50158730158735 
444.9956969915519 39.779761904761926 
462.5560285477521 33.528968253968266 
424.6065447864924 49.44166666666671 
443.80283352731277 42.01865079365081 
415.3770710390734 52.33253968253973 
404.108181158853 56.924206349206365 
429.0955992659165 44.70714285714289 
481.45948311178194 26.342460317460322 
487.9376081276584 23.871031746031747 
449.4847514709759 35.045238095238105 
469.0328613218755 32.04325396825398 
417.80475445558136 49.75515873015875 
479.6520330713638 31.90555555555556 
435.76622324413285 42.67063492063494 
525.0560948284494 19.56031746031746 
518.577969812573 22.03174603174603 
461.76430231586414 34.93412698412699 
500.0411852764231 22.24365079365079 

365.2356767937542 70.97023809523809 
345.9178067856246 84.46031746031734 
336.7470625232807 92.92579365079351 
329.38514009998033 103.41785714285699 
323.69508941912983 108.2003968253967 
395.10935406925984 70.51031746031745 
356.1411240113314 77.3757936507936 
389.9310713521761 70.85912698412697 
423.898192006734 58.73333333333337 
414.22102373945893 64.02341269841274 
415.89753542825804 62.431746031746066 
433.8590042168097 55.34722222222226 
429.95131703082325 57.92222222222225 
434.61017594451846 54.36150793650798 
424.7964908035063 58.622222222222256 
406.83502201495486 65.70674603174606 
404.4073385984468 68.28412698412698 
446.246034626386 54.25039682539686 
462.17273378168767 52.863095238095276 
449.7857033721112 53.95992063492067 
450.53687509982 52.97420634920639 

296.1570356049106 133.83333333333314 
282.0604159080862 149.39404761904743 
356.1411240113314 77.3757936507936 
323.69508941912983 108.2003968253967 
286.67108722145133 144.7015873015871 
273.0255964838342 157.4944444444442 
336.7470625232807 92.92579365079351 
329.38514009998033 103.41785714285699 
300.38666121914713 132.56428571428552 
291.95071474640935 140.9309523809522 
277.37875816921826 151.91825396825377 
377.65152050728767 70.97023809523809 
312.58006786073366 126.50873015873003 
434.1729180340638 49.841269841269856 
305.5615764405507 131.28531746031732 
350.46410233997244 81.13690476190466 
402.66299662365617 59.64523809523814 
415.3887663091881 53.28134920634925 
456.3179221739708 39.529761904761926 
311.27104275293794 128.02103174603164 
407.99282608396106 56.96468253968257 
443.1901956807256 46.830555555555605 
320.17118719049193 121.52539682539667 
448.6437091168159 41.70515873015873 
323.445033762988 120.4472222222221 
467.5484559225988 33.53293650793651 
480.8944198519527 29.846428571428575 
409.61130529572677 55.23492063492068 
445.20742955763154 43.84444444444447 
451.08198086157074 41.40912698412699 
444.03827532753303 46.320238095238096 
485.93096333557503 26.85714285714286 
429.53087601728566 51.37222222222228 
318.2701185415843 121.72619047619035 
469.0328613218755 32.04325396825398 
430.6928286565113 51.071031746031785 
465.5965817626909 34.182539682539705 
487.9376081276584 23.871031746031747 
420.3734236705172 52.44365079365084 
306.0961275315343 129.29999999999984 
466.16647324465765 33.83531746031747 
440.02775556631605 48.069047619047666 
460.41690777137546 38.407142857142865 
387.8696110871439 63.63253968253973 
463.579347885785 37.16865079365082 

323.2510786162324 121.46309523809515 
365.2356767937542 70.97023809523809 
345.9178067856246 84.46031746031734 
336.7470625232807 92.92579365079351 
323.69508941912983 108.2003968253967 
311.27104275293794 128.02103174603164 
306.0961275315343 129.29999999999984 
356.1411240113314 77.3757936507936 
314.454554807514 122.7944444444443 
329.38514009998033 103.41785714285699 
413.58219427122015 63.58412698412702 
401.4270461692426 65.10039682539684 
453.14505229824164 45.40873015873018 
456.16364621158914 40.617460317460335 
423.805511496927 56.499603174603216 
430.004745966759 54.051190476190484 
397.25210567420544 66.11309523809526 
312.56065222919705 124.99047619047604 
445.10377696947256 46.113492063492075 
438.20217742303765 47.70198412698414 
428.4826673218149 55.22857142857146 
466.2953779668175 34.916666666666686 
435.7744940065297 50.27936507936512 
456.3179221739708 39.529761904761926 
469.0328613218755 32.04325396825398 
378.0108950859748 68.3952380952381 
482.0797164878718 29.328174603174606 
453.8902387574629 42.10714285714289 
479.6520330713638 31.90555555555556 
500.0411852764231 22.24365079365079 
545.4259392633604 16.662698412698408 
532.7167770884728 18.290079365079364 

365.2356767937542 70.97023809523809 
356.1411240113314 77.3757936507936 
345.9178067856246 84.46031746031734 
323.69508941912983 108.2003968253967 
311.27104275293794 128.02103174603164 
306.0961275315343 129.29999999999984 
300.38666121914713 132.56428571428552 
296.1570356049106 133.83333333333314 
323.2510786162324 121.46309523809515 
358.98166148254955 74.73134920634917 
317.7355674506006 123.71150793650779 
336.7470625232807 92.92579365079351 
312.56065222919705 124.99047619047604 
329.38514009998033 103.41785714285699 
350.46410233997244 81.13690476190466 
390.42673879950837 68.3952380952381 
323.445033762988 120.4472222222221 
420.3340377537484 66.8968253968254 
404.4073385984468 68.28412698412698 
389.9310713521761 70.85912698412697 

365.2356767937542 70.97023809523809 
356.1411240113314 77.3757936507936 
345.9178067856246 84.46031746031734 
336.7470625232807 92.92579365079351 
329.38514009998033 103.41785714285699 
323.69508941912983 108.2003968253967 
300.38666121914713 132.56428571428552 
296.1570356049106 133.83333333333314 
286.67108722145133 144.7015873015871 
282.0604159080862 149.39404761904743 
277.37875816921826 151.91825396825377 
273.0255964838342 157.4944444444442 
268.62946450948925 158.2412698412696 
264.4899712224787 168.23690476190453 
261.25622921637535 174.02738095238078 
258.80451252582645 179.6920634920633 
287.12523992269485 137.4646825396824 
317.75498308213736 125.22976190476179 
306.8440198462192 126.25952380952367 
391.4571805166382 66.58611111111111 
334.9017287008375 100.49087301587286 
318.2701185415843 121.72619047619035 
404.108181158853 56.924206349206365 
391.6644019415121 64.67539682539683 
306.0961275315343 129.29999999999984 
456.80248648817394 37.18809523809526 
426.86111532476224 52.75833333333338 
427.72514381372554 51.46825396825402 
429.1808860158164 51.01150793650797 
434.844868239625 47.26468253968257 
451.82535684435175 41.15674603174606 
471.6493292891007 31.680555555555564 
438.6825584243542 41.23055555555557 
485.52724682989987 30.817857142857147 
486.2375631734396 28.508730158730167 
318.52017419772613 109.47936507936492 
405.0436613607318 56.101190476190496 
479.50966747333825 31.144047619047626 
455.92444306564835 38.59523809523811 
382.9668461216005 69.8734126984127 
416.8833994510735 54.34920634920637 
545.3929074206227 12.122619047619049 
426.7529087766089 53.90992063492069 
453.46411135603773 40.13373015873016 
501.5036886927138 24.476984126984128 
509.89389158609015 21.126190476190477 
462.9466222372669 36.474603174603175 
536.7682214332394 13.679761904761902 
492.0847772905547 26.104365079365078 

356.1411240113314 77.3757936507936 
336.7470625232807 92.92579365079351 
329.38514009998033 103.41785714285699 
323.69508941912983 108.2003968253967 
311.27104275293794 128.02103174603164 
306.0961275315343 129.29999999999984 
315.56977012120905 125.26944444444433 
318.52017419772613 109.47936507936492 
345.9178067856246 84.46031746031734 
357.2854181213357 77.28611111111105 
313.51063300303684 125.73730158730145 
365.2356767937542 70.97023809523809 
382.4786170950764 64.73492063492066 
403.9602390141852 55.86547619047622 
378.0108950859748 68.3952380952381 
324.21022487857675 104.69682539682523 
398.4000472910344 58.73333333333337 
421.92170780273676 48.78095238095241 
413.68184455919703 55.09682539682543 
377.5152276386425 70.85912698412697 
317.7355674506006 123.71150793650779 
435.9023076016753 48.6698412698413 
421.42604035540455 51.244841269841295 
348.6904401676158 83.26944444444436 
401.5325555976773 58.44285714285719 
396.95488434134694 62.15992063492067 
467.41057538359144 46.18571428571431 
318.2701185415843 121.72619047619035 
474.7220328464697 44.280555555555566 
451.8290067569769 47.282539682539706 
403.464571566853 58.329365079365104 

365.2356767937542 70.97023809523809 
336.7470625232807 92.92579365079351 
311.27104275293794 128.02103174603164 
306.0961275315343 129.29999999999984 
300.38666121914713 132.56428571428552 
296.1570356049106 133.83333333333314 
323.2510786162324 121.46309523809515 
323.69508941912983 108.2003968253967 
385.3999121421233 67.4234126984127 
318.2701185415843 121.72619047619035 
440.14845466768804 46.17698412698417 
345.9178067856246 84.46031746031734 
444.39347223387455 45.365873015873035 
329.38514009998033 103.41785714285699 
401.68049774234504 59.50158730158735 
378.0108950859748 68.3952380952381 
312.56065222919705 124.99047619047604 
399.3285969417009 61.83531746031751 
427.6661525932265 49.85039682539684 
415.0701478102204 58.01388888888894 
317.7355674506006 123.71150793650779 
356.1411240113314 77.3757936507936 
445.68261724098653 41.26746031746035 
481.96249316728245 29.32857142857144 
445.62762138177806 42.765873015873034 
469.7127353523361 30.955952380952397 
460.53760687274746 36.51507936507938 
449.3235831472767 40.617857142857176 
450.11166845200876 38.031349206349226 
481.71701306783507 30.52698412698414 
425.2934650359272 50.929365079365134 
451.1396297278236 37.91825396825398 
429.7225162469494 47.69325396825402 
425.2384691767186 52.42777777777783 
323.445033762988 120.4472222222221 
423.805511496927 56.499603174603216 
411.787526123584 58.12976190476191 
393.464130063076 62.51428571428576 
466.2953779668175 34.916666666666686 

287.12523992269485 137.4646825396824 
365.2356767937542 70.97023809523809 
356.1411240113314 77.3757936507936 
345.9178067856246 84.46031746031734 
336.7470625232807 92.92579365079351 
329.38514009998033 103.41785714285699 
323.69508941912983 108.2003968253967 
311.27104275293794 128.02103174603164 
306.0961275315343 129.29999999999984 
300.38666121914713 132.56428571428552 
296.1570356049106 133.83333333333314 
286.67108722145133 144.7015873015871 
282.0604159080862 149.39404761904743 
277.37875816921826 151.91825396825377 
273.0255964838342 157.4944444444442 
268.62946450948925 158.2412698412696 
264.4899712224787 168.23690476190453 
261.25622921637535 174.02738095238078 
258.80451252582645 179.6920634920633 
389.9310713521761 70.85912698412697 
318.2701185415843 121.72619047619035 
390.42673879950837 68.3952380952381 
313.24272084246655 124.4583333333332 
481.45948311178194 26.342460317460322 
469.0328613218755 32.04325396825398 
429.0955992659165 44.70714285714289 
469.97613933910685 30.955555555555556 
391.1375507017839 67.90515873015873 
317.7355674506006 123.71150793650779 
419.1710496825853 48.350000000000016 
442.20830681434927 39.46388888888889 
487.75426661292744 22.902777777777775 
474.1830384551554 30.76111111111111 
449.3014099562449 34.07698412698414 
318.52017419772613 109.47936507936492 
405.1654490834812 60.36587301587305 
419.15345275204834 49.8357142857143 
312.56065222919705 124.99047619047604 
437.13251847113685 41.26547619047621 
429.0628777193466 46.19285714285718 
461.80853279458995 32.388492063492066 
405.35469407102056 57.692460317460345 
348.6904401676158 83.26944444444436 
391.4571805166382 66.58611111111111 
401.36086792749074 60.82063492063497 
415.0932635839548 52.313095238095286 

311.27104275293794 128.02103174603164 
336.7470625232807 92.92579365079351 
318.5007585661894 107.96111111111092 
356.1411240113314 77.3757936507936 
334.4335421042836 97.61230158730142 
348.6904401676158 83.26944444444436 
329.38514009998033 103.41785714285699 
350.46410233997244 81.13690476190466 
312.56065222919705 124.99047619047604 
415.0904043926139 53.96904761904766 
317.7355674506006 123.71150793650779 
318.2701185415843 121.72619047619035 
324.21022487857675 104.69682539682523 
396.70532480296225 57.87103174603178 
385.2087922200948 58.18055555555559 
405.3070204735587 54.38968253968258 
370.68801039032877 68.36309523809527 

287.12523992269485 137.4646825396824 
365.2356767937542 70.97023809523809 
356.1411240113314 77.3757936507936 
345.9178067856246 84.46031746031734 
336.7470625232807 92.92579365079351 
323.69508941912983 108.2003968253967 
311.27104275293794 128.02103174603164 
306.0961275315343 129.29999999999984 
300.38666121914713 132.56428571428552 
296.1570356049106 133.83333333333314 
323.2510786162324 121.46309523809515 
329.38514009998033 103.41785714285699 
389.9310713521761 70.85912698412697 
423.9299142398378 57.904761904761955 
312.56065222919705 124.99047619047604 
323.445033762988 120.4472222222221 
391.9914948849132 68.28412698412698 
402.55846760093016 65.12023809523812 
318.2701185415843 121.72619047619035 
317.7355674506006 123.71150793650779 
413.4698520117501 65.00912698412701 
415.51315539661573 58.331746031746086 
305.9058828891073 131.99047619047604 
434.61017594451846 54.36150793650798 
446.246034626386 54.25039682539686 
433.8590042168097 55.34722222222226 

306.0961275315343 129.29999999999984 
286.67108722145133 144.7015873015871 
365.2356767937542 70.97023809523809 
287.12523992269485 137.4646825396824 
336.7470625232807 92.92579365079351 
323.69508941912983 108.2003968253967 
311.27104275293794 128.02103174603164 
300.38666121914713 132.56428571428552 
282.0604159080862 149.39404761904743 
277.37875816921826 151.91825396825377 
273.0255964838342 157.4944444444442 
268.62946450948925 158.2412698412696 
264.4899712224787 168.23690476190453 
261.25622921637535 174.02738095238078 
258.80451252582645 179.6920634920633 
345.9178067856246 84.46031746031734 
391.4571805166382 66.58611111111111 
356.1411240113314 77.3757936507936 
317.03943795796147 121.69166666666655 
298.5746030729631 137.28095238095224 
348.6904401676158 83.26944444444436 
401.68049774234504 59.50158730158735 
324.21022487857675 104.69682539682523 
318.90416006688616 112.97896825396806 
382.9668461216005 69.8734126984127 
312.56065222919705 124.99047619047604 
448.00358157567723 42.10317460317464 
416.8833994510735 54.34920634920637 
414.45571603456557 56.926587301587354 
454.75304801253054 36.54404761904764 
461.76430231586414 34.93412698412699 
466.2953779668175 34.916666666666686 
481.45948311178194 26.342460317460322 
469.0849774512165 27.969841269841275 
448.6437091168159 41.70515873015873 
435.76622324413285 42.67063492063494 
469.0328613218755 32.04325396825398 
427.6683171540764 53.17023809523814 
428.0900895842585 50.034126984127 
487.9376081276584 23.871031746031747 
434.36389580747095 46.20595238095243 
392.9902538163418 65.81746031746034 
500.0411852764231 22.24365079365079 
432.28102170185224 47.18015873015875 
452.7485449513319 41.57380952380954 

287.12523992269485 137.4646825396824 
365.2356767937542 70.97023809523809 
345.9178067856246 84.46031746031734 
336.7470625232807 92.92579365079351 
329.38514009998033 103.41785714285699 
306.0961275315343 129.29999999999984 
300.38666121914713 132.56428571428552 
296.1570356049106 133.83333333333314 
306.8440198462192 126.25952380952367 
323.6756737875931 106.68214285714268 
378.0108950859748 68.3952380952381 
350.46410233997244 81.13690476190466 
356.1411240113314 77.3757936507936 
311.41943927086413 115.13730158730148 
394.3587722846883 67.29841269841272 
405.2074498538889 65.30952380952381 
417.0703506976935 56.84920634920637 
323.52763893172045 109.69920634920618 
487.9376081276584 23.871031746031747 
451.1235086626649 35.054365079365084 
415.67045382627737 60.88134920634925 
460.04273142413086 34.084126984126996 
468.8877450182846 30.443253968253973 
500.0411852764231 22.24365079365079 
469.0849774512165 27.969841269841275 
481.45948311178194 26.342460317460322 
416.41619101235364 56.9543650793651 
419.3407278435407 47.70039682539684 
437.3021966320921 40.61587301587303 
405.3783353484411 61.34365079365082 
499.6429334927879 22.34880952380952 
465.98313172992675 32.867063492063494 

287.12523992269485 137.4646825396824 
253.44953932417087 218.06785714285706 
323.69508941912983 108.2003968253967 
300.38666121914713 132.56428571428552 
296.1570356049106 133.83333333333314 
286.67108722145133 144.7015873015871 
282.0604159080862 149.39404761904743 
277.37875816921826 151.91825396825377 
273.0255964838342 157.4944444444442 
268.62946450948925 158.2412698412696 
264.4899712224787 168.23690476190453 
261.25622921637535 174.02738095238078 
258.80451252582645 179.6920634920633 
255.2374947347111 185.7492063492062 
336.7470625232807 92.92579365079351 
304.05537371790217 126.60912698412685 
329.38514009998033 103.41785714285699 
318.06460118813123 119.64484126984114 
312.0189350676228 124.98055555555543 
321.63391225673183 118.59166666666657 
321.94921972148654 118.29563492063481 
317.5300500971476 121.63015873015861 
312.3551348757439 122.90912698412684 
322.7137761462978 117.29841269841258 
312.03857754446796 123.92301587301573 

287.12523992269485 137.4646825396824 
365.2356767937542 70.97023809523809 
345.9178067856246 84.46031746031734 
323.69508941912983 108.2003968253967 
311.27104275293794 128.02103174603164 
306.0961275315343 129.29999999999984 
300.38666121914713 132.56428571428552 
296.1570356049106 133.83333333333314 
389.9310713521761 70.85912698412697 
312.58006786073366 126.50873015873003 
317.7355674506006 123.71150793650779 
358.98166148254955 74.73134920634917 
356.1411240113314 77.3757936507936 
448.00358157567723 42.10317460317464 
391.4571805166382 66.58611111111111 
461.95134327998954 39.3388888888889 
441.56219107493 49.00079365079369 
336.7470625232807 92.92579365079351 
404.108181158853 56.924206349206365 
496.5041503113921 30.30634920634921 
444.1946637019865 46.83769841269844 
329.38514009998033 103.41785714285699 
445.90622576175815 44.57857142857148 
401.4270461692426 65.10039682539684 
426.23319491343494 53.92222222222223 
427.6144293706179 51.76507936507941 
323.445033762988 120.4472222222221 
485.52724682989987 30.817857142857147 
434.1729180340638 49.841269841269856 
501.45394598520136 29.43055555555556 
482.22207712211923 33.52936507936509 
466.2953779668175 34.916666666666686 
416.8833994510735 54.34920634920637 

365.2356767937542 70.97023809523809 
356.1411240113314 77.3757936507936 
345.9178067856246 84.46031746031734 
336.7470625232807 92.92579365079351 
329.38514009998033 103.41785714285699 
323.69508941912983 108.2003968253967 
324.21022487857675 104.69682539682523 
378.0108950859748 68.3952380952381 
348.3773213456292 82.9734126984126 
378.5340200797497 68.10238095238095 
393.10470534258803 66.35753968253971 
435.9023076016753 48.6698412698413 
398.9009836977102 60.883730158730195 
394.52720092483906 64.73730158730162 
396.95488434134694 62.15992063492067 
407.639908473272 59.494047619047656 
451.8290067569769 47.282539682539706 
430.8430522852003 53.688095238095286 
377.5152276386425 70.85912698412697 
414.9163531298986 55.075396825396865 

365.2356767937542 70.97023809523809 
356.1411240113314 77.3757936507936 
345.9178067856246 84.46031746031734 
336.7470625232807 92.92579365079351 
323.69508941912983 108.2003968253967 
314.9255091872172 121.37023809523795 
390.42673879950837 68.3952380952381 
401.42699738924847 65.89563492063496 
485.52724682989987 30.817857142857147 
430.3661754015753 48.8777777777778 
494.8151677439721 29.941666666666666 
389.9310713521761 70.85912698412697 
443.75896964487526 39.35079365079365 
469.97613933910685 30.955555555555556 
451.03541430150176 34.932142857142864 
329.38514009998033 103.41785714285699 
323.445033762988 120.4472222222221 
431.11460108669365 47.93492063492065 
413.4599378419268 52.06031746031748 
424.1449619738517 49.39444444444446 
466.16647324465765 33.83531746031747 
405.7598823841999 53.29642857142859 
501.45394598520136 29.43055555555556 
433.07394551295044 42.01666666666668 

365.2356767937542 70.97023809523809 
345.9178067856246 84.46031746031734 
311.27104275293794 128.02103174603164 
300.38666121914713 132.56428571428552 
273.0255964838342 157.4944444444442 
268.62946450948925 158.2412698412696 
287.12523992269485 137.4646825396824 
336.7470625232807 92.92579365079351 
277.37875816921826 151.91825396825377 
264.4899712224787 168.23690476190453 
258.80451252582645 179.6920634920633 
323.69508941912983 108.2003968253967 
306.0961275315343 129.29999999999984 
286.67108722145133 144.7015873015871 
255.2374947347111 185.7492063492062 
499.8741543895057 23.4531746031746 
427.6144293706179 51.76507936507941 
444.1946637019865 46.83769841269844 
323.445033762988 120.4472222222221 
434.1128340159276 49.771428571428615 
456.94109674169755 43.61904761904766 
312.56065222919705 124.99047619047604 
413.58219427122015 63.58412698412702 
397.06280505747617 68.60238095238098 
498.03607264343333 25.229761904761904 
317.7355674506006 123.71150793650779 
529.5455869564324 16.656349206349205 
451.19274543833853 46.16785714285717 
463.13652347754976 38.55992063492065 
434.844868239625 47.26468253968257 
495.55620455080333 25.303968253968254 
424.6874425682963 52.53095238095241 
469.0849774512165 27.969841269841275 
458.40283967399864 40.19087301587303 
414.45571603456557 56.926587301587354 
481.45948311178194 26.342460317460322 
546.9059398488755 13.02063492063492 
449.09529195185894 46.773015873015915 
500.0411852764231 22.24365079365079 
402.55846760093016 65.12023809523812 
529.0826498621811 21.07222222222222 
537.0569301658439 14.814682539682535 
491.9641631613901 25.382936507936506 
517.3483462399678 21.57936507936508 
548.9991132910917 9.891666666666664 
413.4698520117501 65.00912698412701 
466.2330818656654 37.16865079365082 
466.2953779668175 34.916666666666686 

287.12523992269485 137.4646825396824 
365.2356767937542 70.97023809523809 
356.1411240113314 77.3757936507936 
345.9178067856246 84.46031746031734 
323.69508941912983 108.2003968253967 
306.0961275315343 129.29999999999984 
300.38666121914713 132.56428571428552 
296.1570356049106 133.83333333333314 
286.67108722145133 144.7015873015871 
282.0604159080862 149.39404761904743 
277.37875816921826 151.91825396825377 
273.0255964838342 157.4944444444442 
268.62946450948925 158.2412698412696 
264.4899712224787 168.23690476190453 
261.25622921637535 174.02738095238078 
258.80451252582645 179.6920634920633 
255.2374947347111 185.7492063492062 
295.7050034802791 135.08849206349186 
306.8440198462192 126.25952380952367 
336.7470625232807 92.92579365079351 
378.0108950859748 68.3952380952381 
329.38514009998033 103.41785714285699 
313.24272084246655 124.4583333333332 
321.25982080205966 120.48690476190461 
348.6904401676158 83.26944444444436 
312.56065222919705 124.99047619047604 
323.445033762988 120.4472222222221 
317.7355674506006 123.71150793650779 
377.5152276386425 70.85912698412697 
318.2701185415843 121.72619047619035 
318.9521871548538 121.19404761904751 

311.27104275293794 128.02103174603164 
268.62946450948925 158.2412698412696 
282.0604159080862 149.39404761904743 
258.80451252582645 179.6920634920633 
253.44953932417087 218.06785714285706 
365.2356767937542 70.97023809523809 
345.9178067856246 84.46031746031734 
329.38514009998033 103.41785714285699 
306.0961275315343 129.29999999999984 
296.1570356049106 133.83333333333314 
286.67108722145133 144.7015873015871 
312.58006786073366 126.50873015873003 
586.2502034051536 3.128968253968254 
317.75498308213736 125.22976190476179 
323.69508941912983 108.2003968253967 
378.0108950859748 68.3952380952381 
463.49801432323034 33.426984126984124 
431.94626797480583 45.77500000000003 
461.0703309067224 36.00436507936508 
318.2701185415843 121.72619047619035 
406.63555251645863 63.352777777777824 
416.85886974216544 56.26825396825403 
418.30042190291346 47.29126984126986 
401.2428730956932 64.84246031746035 
323.445033762988 120.4472222222221 
473.9149701341893 29.481746031746034 
529.5455869564324 16.656349206349205 
576.5746795580908 6.7297619047619035 
487.9376081276584 23.871031746031747 
339.6084573256872 96.33333333333317 
527.0439803112941 20.550396825396824 
356.1411240113314 77.3757936507936 
541.3114070064638 14.621031746031742 
320.17118719049193 121.52539682539667 
538.4058378162239 16.296825396825394 
457.7709152837724 37.204761904761924 
537.8224290748905 16.621428571428563 
385.16410671332557 67.96428571428572 
436.2618906914651 40.20674603174604 
546.3438372267466 11.567460317460315 
481.45948311178194 26.342460317460322 
503.5167134113964 21.348015873015868 
500.0411852764231 22.24365079365079 
455.2795838911255 37.94761904761905 
548.9991132910917 9.891666666666664 
453.52581792912974 39.14365079365079 

389.9310713521761 70.85912698412697 
404.4073385984468 68.28412698412698 
420.16694924157446 65.92857142857146 
420.4267587658458 64.82658730158734 
409.5621648257638 67.58412698412698 
420.6313980628981 63.55555555555559 
420.98651037026605 62.48214285714289 
421.17461826142556 61.22500000000004 
420.9494790599112 62.49603174603178 
421.5354175075396 60.151587301587334 

323.2510786162324 121.46309523809515 
365.2356767937542 70.97023809523809 
336.7470625232807 92.92579365079351 
329.38514009998033 103.41785714285699 
323.69508941912983 108.2003968253967 
317.7355674506006 123.71150793650779 
356.1411240113314 77.3757936507936 
345.9178067856246 84.46031746031734 
430.04211278712586 49.187698412698424 
323.445033762988 120.4472222222221 
416.04225604287575 51.071031746031785 
381.6626969528602 67.03928571428571 
477.50664140108864 32.266269841269846 
494.8151677439721 29.941666666666666 
379.2679154165475 67.1138888888889 
394.3136975950751 57.37738095238098 
430.64626209644246 44.59404761904766 
451.03541430150176 34.932142857142864 
466.16647324465765 33.83531746031747 
485.52724682989987 30.817857142857147 
358.6006385713361 75.88888888888881 
501.45394598520136 29.43055555555556 
445.7773210395983 43.49722222222225 
448.3339091782661 42.0011904761905 

365.2356767937542 70.97023809523809 
356.1411240113314 77.3757936507936 
345.9178067856246 84.46031746031734 
329.38514009998033 103.41785714285699 
323.69508941912983 108.2003968253967 
336.7470625232807 92.92579365079351 
389.5042004976314 68.05357142857143 
387.42967778049234 70.29642857142856 
424.35440844953735 48.29920634920639 
410.33414376056663 53.5857142857143 
419.69468609373087 50.59087301587304 
426.7820918660453 45.72182539682541 
391.0255532806566 62.14285714285718 
437.4671159979702 43.05595238095239 
421.5398442582025 48.84682539682542 
439.5013130467541 41.76230158730161 
401.68049774234504 59.50158730158735 
404.108181158853 56.924206349206365 
389.3248669728191 68.46111111111111 
419.11216084169456 51.42420634920641 

