575.3134468293505 1.794047619047619 
573.2053967771047 4.923015873015873 
546.7404558139846 8.256746031746033 
536.5031669046922 11.685714285714285 
533.0831345617756 20.16349206349207 
518.6457941321892 23.04563492063492 
497.1357881664661 24.40912698412699 
488.52991050492693 26.755555555555556 
488.51058758027006 30.392063492063485 
472.42164061934164 31.147619047619056 
465.7755915568301 34.80793650793651 
457.6551211904229 40.347222222222236 
444.2524006558172 41.63055555555555 
440.7888095627761 47.53214285714287 
422.1881331445446 49.836507936507964 
417.35125264008343 53.3384920634921 
397.96009936335355 65.01904761904763 
396.5975347788593 67.34166666666667 
383.02334955049105 67.97500000000001 
378.0108950859748 68.3952380952381 
377.5152276386425 70.85912698412697 
365.2356767937542 70.97023809523809 
356.1411240113314 77.3757936507936 
350.52585694768004 82.50555555555545 
345.9178067856246 84.46031746031734 
341.79546452758404 87.12023809523797 
336.7470625232807 92.92579365079351 
329.38514009998033 103.41785714285699 
324.21022487857675 104.69682539682523 
322.783969454904 117.90595238095224 
321.25982080205966 120.48690476190461 
318.2701185415843 121.72619047619035 
317.7355674506006 123.71150793650779 
312.56065222919705 124.99047619047604 
306.0961275315343 129.29999999999984 
300.38666121914713 132.56428571428552 
296.1570356049106 133.83333333333314 
287.12523992269485 137.4646825396824 
282.0604159080862 149.39404761904743 
277.37875816921826 151.91825396825377 
273.0255964838342 157.4944444444442 
268.62946450948925 158.2412698412696 
264.4899712224787 168.23690476190453 
261.25622921637535 174.02738095238078 
258.80451252582645 179.6920634920633 
255.2374947347111 185.7492063492062 
253.44953932417087 218.06785714285706 
546.3438372267466 11.567460317460315 
399.34623630043427 63.48888888888894 

573.2053967771047 4.923015873015873 
548.9991132910917 9.891666666666664 
536.9277591207855 14.814682539682535 
530.1606997867929 20.738888888888894 
500.0411852764231 22.24365079365079 
492.59203954484684 22.904761904761898 
488.5846973154554 26.85714285714286 
477.1266224916405 28.929761904761904 
473.5690688299221 31.07698412698413 
470.6232285269038 33.94166666666667 
451.03541430150176 34.932142857142864 
436.4314082479353 41.40912698412699 
418.4699394593836 48.49365079365081 
414.0520010123062 50.01746031746035 
412.90339081360503 57.21706349206354 
403.7081428515902 58.271428571428565 
403.3107139125961 64.51587301587304 
394.49043190647205 66.34404761904761 
389.99065368244163 67.11150793650795 
389.9310713521761 70.85912698412697 
365.2356767937542 70.97023809523809 
356.1411240113314 77.3757936507936 
351.2816208703964 82.75634920634911 
345.9178067856246 84.46031746031734 
336.7470625232807 92.92579365079351 
333.6963812213892 100.33293650793638 
327.199927139052 103.4575396825395 
323.69508941912983 108.2003968253967 
323.445033762988 120.4472222222221 
321.25982080205966 120.48690476190461 
318.2701185415843 121.72619047619035 
315.3267549443757 121.89563492063479 
312.58006786073366 126.50873015873003 
306.0961275315343 129.29999999999984 
300.38666121914713 132.56428571428552 
296.1570356049106 133.83333333333314 
287.12523992269485 137.4646825396824 
282.0604159080862 149.39404761904743 
277.37875816921826 151.91825396825377 
273.0255964838342 157.4944444444442 
268.62946450948925 158.2412698412696 
264.4899712224787 168.23690476190453 
261.25622921637535 174.02738095238078 
258.80451252582645 179.6920634920633 
255.2374947347111 185.7492063492062 
253.44953932417087 218.06785714285706 

573.2053967771047 4.923015873015873 
548.9991132910917 9.891666666666664 
536.7682214332394 13.679761904761902 
512.4889971802911 17.408730158730158 
500.0411852764231 22.24365079365079 
491.8599499997939 24.969444444444445 
488.49857988745606 28.176190476190477 
470.00898893459726 31.52857142857144 
458.065393444141 38.26349206349209 
452.21147240903355 39.99642857142859 
437.49510767831407 41.576587301587324 
430.26618673337555 44.4480158730159 
420.1093141283865 47.692857142857164 
401.5129867054024 56.34682539682543 
394.45910132105064 59.005555555555574 
370.7984872602062 62.470238095238145 
365.2356767937542 70.97023809523809 
356.1411240113314 77.3757936507936 
349.1826541657677 84.44801587301585 
345.9178067856246 84.46031746031734 
336.7470625232807 92.92579365079351 
336.3592354575423 96.25793650793645 
329.38514009998033 103.41785714285699 
310.54578465814467 106.93134920634914 
309.8359504193174 122.69166666666663 
304.66103519791386 123.97063492063486 
299.4307630997488 125.23968253968249 
296.1570356049106 133.83333333333314 
287.12523992269485 137.4646825396824 
282.0604159080862 149.39404761904743 
277.37875816921826 151.91825396825377 
273.0255964838342 157.4944444444442 
268.62946450948925 158.2412698412696 
264.4899712224787 168.23690476190453 
261.25622921637535 174.02738095238078 
258.80451252582645 179.6920634920633 
255.2374947347111 185.7492063492062 
253.44953932417087 218.06785714285706 

585.7438651277606 2.9289682539682538 
573.2053967771047 4.923015873015873 
548.9991132910917 9.891666666666664 
536.5031669046922 11.685714285714285 
534.7492686368099 18.02222222222222 
516.8137421307721 18.450396825396822 
500.0411852764231 22.24365079365079 
493.82050753221915 31.80992063492065 
467.5484559225988 33.53293650793651 
457.87989497140126 36.65396825396828 
448.6437091168159 41.70515873015873 
445.20742955763154 43.84444444444447 
437.49074276634184 46.315873015873066 
423.7027403857745 48.62738095238098 
416.7433662660773 50.927380952381 
402.43036793725685 60.51309523809527 
394.3587722846883 67.29841269841272 
382.9668461216005 69.8734126984127 
377.5152276386425 70.85912698412697 
365.2356767937542 70.97023809523809 
356.1411240113314 77.3757936507936 
345.9178067856246 84.46031746031734 
336.7470625232807 92.92579365079351 
329.38514009998033 103.41785714285699 
323.69508941912983 108.2003968253967 
323.474317595615 119.33412698412685 
323.445033762988 120.4472222222221 
318.2701185415843 121.72619047619035 
317.7355674506006 123.71150793650779 
313.6594472282191 126.41865079365066 
311.27104275293794 128.02103174603164 
306.0961275315343 129.29999999999984 
300.38666121914713 132.56428571428552 
296.1570356049106 133.83333333333314 
287.12523992269485 137.4646825396824 
282.0604159080862 149.39404761904743 
277.37875816921826 151.91825396825377 
273.0255964838342 157.4944444444442 
268.62946450948925 158.2412698412696 
264.4899712224787 168.23690476190453 
261.25622921637535 174.02738095238078 
258.80451252582645 179.6920634920633 
255.2374947347111 185.7492063492062 
253.44953932417087 218.06785714285706 

575.3134468293505 1.794047619047619 
573.2053967771047 4.923015873015873 
533.6141122298707 13.194841269841264 
528.77783557435 19.919444444444444 
516.8570743397011 21.982142857142858 
510.3731340105019 24.773412698412695 
504.711691065775 27.105952380952388 
494.14398500732057 30.505555555555574 
489.1612103114898 33.4218253968254 
482.3509469048399 34.18492063492063 
471.75151508271097 37.09365079365081 
459.9825025562859 37.384126984127 
452.87914294781 42.77301587301588 
448.0004236640316 44.88849206349209 
431.6969912883729 46.732539682539695 
428.69132824930205 51.91150793650796 
424.3814698310569 54.019047619047655 
413.63067166003384 54.66150793650799 
407.91833872907347 58.110317460317496 
403.2720914589289 63.63253968253973 
402.6060584957552 66.94444444444444 
390.42673879950837 68.3952380952381 
382.492119794638 70.34722222222223 
377.5152276386425 70.85912698412697 
365.2356767937542 70.97023809523809 
356.1411240113314 77.3757936507936 
350.46410233997244 81.13690476190466 
345.9178067856246 84.46031746031734 
336.7470625232807 92.92579365079351 
328.5601727394581 101.93849206349192 
323.69508941912983 108.2003968253967 
323.445033762988 120.4472222222221 
318.9521871548538 121.19404761904751 
317.7355674506006 123.71150793650779 
315.56051587712665 126.217857142857 
311.27104275293794 128.02103174603164 
306.0961275315343 129.29999999999984 
302.2333485328541 130.951984126984 
300.38666121914713 132.56428571428552 
296.1570356049106 133.83333333333314 
287.12523992269485 137.4646825396824 
282.0604159080862 149.39404761904743 
277.37875816921826 151.91825396825377 
273.0255964838342 157.4944444444442 
268.62946450948925 158.2412698412696 
264.4899712224787 168.23690476190453 
261.25622921637535 174.02738095238078 
258.80451252582645 179.6920634920633 
255.2374947347111 185.7492063492062 
253.44953932417087 218.06785714285706 

573.2053967771047 4.923015873015873 
546.3438372267466 11.567460317460315 
532.7167770884728 18.290079365079364 
522.9231981701749 19.85079365079365 
500.0411852764231 22.24365079365079 
487.9376081276584 23.871031746031747 
481.71701306783507 30.52698412698414 
473.73939893493593 36.42023809523812 
459.724418527372 37.663492063492086 
455.7779301463843 43.504761904761914 
443.75471701591647 47.35396825396832 
432.68137933961236 48.39404761904769 
425.55651129228494 52.62301587301591 
421.1142699978049 54.438888888888926 
396.5531226246844 58.8492063492064 
394.52720092483906 64.73730158730162 
380.0509336785683 67.31230158730159 
365.2356767937542 70.97023809523809 
360.565661726428 75.90833333333327 
356.1411240113314 77.3757936507936 
350.52585694768004 82.50555555555545 
345.9178067856246 84.46031746031734 
336.7470625232807 92.92579365079351 
329.38514009998033 103.41785714285699 
323.69508941912983 108.2003968253967 
323.445033762988 120.4472222222221 
314.9255091872172 121.37023809523795 
312.55348615860635 122.99523809523795 
306.8440198462192 126.25952380952367 
300.38666121914713 132.56428571428552 
296.1570356049106 133.83333333333314 
287.12523992269485 137.4646825396824 
282.0604159080862 149.39404761904743 
277.37875816921826 151.91825396825377 
273.0255964838342 157.4944444444442 
268.62946450948925 158.2412698412696 
264.4899712224787 168.23690476190453 
261.25622921637535 174.02738095238078 
258.80451252582645 179.6920634920633 
255.2374947347111 185.7492063492062 
253.44953932417087 218.06785714285706 
458.98398132143114 41.81388888888891 

573.2053967771047 4.923015873015873 
546.3438372267466 11.567460317460315 
537.0569301658439 14.814682539682535 
500.0411852764231 22.24365079365079 
492.59203954484684 22.904761904761898 
492.0847772905547 26.104365079365078 
485.52724682989987 30.817857142857147 
465.98313172992675 32.867063492063494 
461.80775919953163 41.390476190476214 
457.8792098774033 42.51190476190478 
443.6938396610015 44.436111111111124 
429.15496359130856 45.82777777777778 
428.3432446906103 49.888888888888914 
424.5878477952486 55.15634920634925 
407.35729021883355 56.29444444444448 
403.1247035298741 64.06388888888891 
394.52720092483906 64.73730158730162 
391.269341621284 66.11587301587299 
390.42673879950837 68.3952380952381 
389.9310713521761 70.85912698412697 
365.2356767937542 70.97023809523809 
356.1411240113314 77.3757936507936 
345.9178067856246 84.46031746031734 
336.7470625232807 92.92579365079351 
329.38514009998033 103.41785714285699 
323.69508941912983 108.2003968253967 
319.47015497156605 110.22619047619034 
317.7355674506006 123.71150793650779 
312.56065222919705 124.99047619047604 
306.0961275315343 129.29999999999984 
300.38666121914713 132.56428571428552 
296.1570356049106 133.83333333333314 
287.12523992269485 137.4646825396824 
282.0604159080862 149.39404761904743 
277.37875816921826 151.91825396825377 
273.0255964838342 157.4944444444442 
268.62946450948925 158.2412698412696 
264.4899712224787 168.23690476190453 
261.25622921637535 174.02738095238078 
258.80451252582645 179.6920634920633 
255.2374947347111 185.7492063492062 
253.44953932417087 218.06785714285706 
463.57074177108257 41.129365079365094 

573.2053967771047 4.923015873015873 
565.6079909802821 10.847222222222218 
536.9277591207855 14.814682539682535 
532.7167770884728 18.290079365079364 
530.1606997867929 20.738888888888894 
522.2442829891357 22.850793650793648 
504.6750941333413 25.947619047619057 
488.5846973154554 26.85714285714286 
469.68559572069773 35.02936507936509 
467.93712691764784 39.101190476190496 
457.17947354199947 40.10277777777779 
449.6420135621534 40.123809523809534 
437.82615589797985 47.8027777777778 
435.7744940065297 50.27936507936512 
416.8539791003947 54.4714285714286 
406.17836213121114 59.12301587301586 
404.4312214274385 64.13333333333337 
398.0123786055849 65.61904761904759 
394.24195859148216 66.13452380952378 
389.9310713521761 70.85912698412697 
365.2356767937542 70.97023809523809 
356.1411240113314 77.3757936507936 
354.3583693422833 81.86706349206342 
348.6904401676158 83.26944444444436 
345.9178067856246 84.46031746031734 
336.7470625232807 92.92579365079351 
329.38514009998033 103.41785714285699 
324.21022487857675 104.69682539682523 
323.69508941912983 108.2003968253967 
323.2510786162324 121.46309523809515 
318.2701185415843 121.72619047619035 
312.55348615860635 122.99523809523795 
306.8440198462192 126.25952380952367 
300.38666121914713 132.56428571428552 
296.1570356049106 133.83333333333314 
287.12523992269485 137.4646825396824 
282.0604159080862 149.39404761904743 
277.37875816921826 151.91825396825377 
273.0255964838342 157.4944444444442 
268.62946450948925 158.2412698412696 
264.4899712224787 168.23690476190453 
261.25622921637535 174.02738095238078 
258.80451252582645 179.6920634920633 
255.2374947347111 185.7492063492062 
253.44953932417087 218.06785714285706 
521.9037178580038 24.946031746031753 
436.79032133694005 49.764682539682596 
411.67615198900603 58.66746031746032 

573.2053967771047 4.923015873015873 
548.9991132910917 9.891666666666664 
536.7682214332394 13.679761904761902 
533.3606323288639 21.27619047619048 
500.0411852764231 22.24365079365079 
488.5846973154554 26.85714285714286 
464.8872318427607 35.045238095238105 
449.3235831472767 40.617857142857176 
445.90622576175815 44.57857142857148 
437.248021947225 46.60634920634925 
425.2934650359272 50.929365079365134 
419.2865531586734 53.69087301587306 
418.5410119517136 56.44246031746035 
417.1588650793962 57.65198412698417 
403.6213302190619 60.881746031746076 
393.6615515213922 63.11269841269845 
389.1457913495708 65.63412698412702 
388.79120799473804 66.81626984126984 
378.0108950859748 68.3952380952381 
365.2356767937542 70.97023809523809 
357.2854181213357 77.28611111111105 
356.1411240113314 77.3757936507936 
345.9178067856246 84.46031746031734 
336.7470625232807 92.92579365079351 
329.38514009998033 103.41785714285699 
324.21022487857675 104.69682539682523 
323.69508941912983 108.2003968253967 
323.6297748359262 110.91984126984109 
323.445033762988 120.4472222222221 
323.2510786162324 121.46309523809515 
318.2701185415843 121.72619047619035 
317.7355674506006 123.71150793650779 
311.27104275293794 128.02103174603164 
306.0961275315343 129.29999999999984 
300.38666121914713 132.56428571428552 
296.1570356049106 133.83333333333314 
287.12523992269485 137.4646825396824 
282.0604159080862 149.39404761904743 
277.37875816921826 151.91825396825377 
273.0255964838342 157.4944444444442 
268.62946450948925 158.2412698412696 
264.4899712224787 168.23690476190453 
261.25622921637535 174.02738095238078 
258.80451252582645 179.6920634920633 
255.2374947347111 185.7492063492062 
253.44953932417087 218.06785714285706 

586.2502034051536 3.128968253968254 
548.9991132910917 9.891666666666664 
536.5031669046922 11.685714285714285 
532.9963310510436 17.29047619047618 
524.9733922134697 20.870634920634917 
500.0411852764231 22.24365079365079 
487.9376081276584 23.871031746031747 
481.45948311178194 26.342460317460322 
469.0849774512165 27.969841269841275 
466.2953779668175 34.916666666666686 
448.695825246157 37.63174603174604 
439.45131201053294 43.27539682539686 
434.844868239625 47.26468253968257 
430.6557120522757 48.24523809523813 
428.1866125989874 50.859126984127045 
419.06215980547336 52.93730158730165 
412.90339081360503 57.21706349206354 
401.036888150345 60.90674603174608 
378.0108950859748 68.3952380952381 
377.5152276386425 70.85912698412697 
365.2356767937542 70.97023809523809 
360.11879913541054 77.71944444444439 
359.4779446091623 84.37063492063481 
345.9178067856246 84.46031746031734 
341.7953003413304 99.14325396825384 
329.38514009998033 103.41785714285699 
323.69508941912983 108.2003968253967 
323.445033762988 120.4472222222221 
323.2510786162324 121.46309523809515 
318.2701185415843 121.72619047619035 
317.7355674506006 123.71150793650779 
314.4811365096413 126.30793650793636 
312.58006786073366 126.50873015873003 
306.0961275315343 129.29999999999984 
300.38666121914713 132.56428571428552 
295.7050034802791 135.08849206349186 
291.95071474640935 140.9309523809522 
282.0604159080862 149.39404761904743 
273.0255964838342 157.4944444444442 
264.4899712224787 168.23690476190453 
258.80451252582645 179.6920634920633 
255.2374947347111 185.7492063492062 
253.44953932417087 218.06785714285706 
414.45571603456557 56.926587301587354 
405.1654490834812 60.36587301587305 
341.0583481866274 102.33492063492052 

573.2053967771047 4.923015873015873 
546.3438372267466 11.567460317460315 
534.4031961859636 14.814682539682535 
527.8953002979979 17.703571428571422 
500.0411852764231 22.24365079365079 
487.9376081276584 23.871031746031747 
475.7908496726482 29.669444444444444 
471.9394637633006 32.65039682539684 
465.5965817626909 34.182539682539705 
451.0026907265574 34.84087301587303 
447.57164657943866 41.053571428571445 
444.0138240147304 45.15238095238099 
430.3076388947796 46.4198412698413 
423.76286952591323 47.60317460317463 
417.24087231544826 52.55476190476194 
405.66592785050904 53.91269841269845 
396.2549178436716 58.9603174603175 
383.4415520765296 63.832936507936545 
383.23442154842434 68.90793650793654 
365.2356767937542 70.97023809523809 
356.1411240113314 77.3757936507936 
350.52585694768004 82.50555555555545 
345.9178067856246 84.46031746031734 
342.5915329885589 88.76507936507923 
336.7470625232807 92.92579365079351 
329.38514009998033 103.41785714285699 
323.69508941912983 108.2003968253967 
319.92257465249736 114.49841269841258 
311.41943927086413 115.4706349206348 
306.0961275315343 129.29999999999984 
300.38666121914713 132.56428571428552 
296.1570356049106 133.83333333333314 
287.12523992269485 137.4646825396824 
282.0604159080862 149.39404761904743 
277.37875816921826 151.91825396825377 
273.0255964838342 157.4944444444442 
268.62946450948925 158.2412698412696 
264.4899712224787 168.23690476190453 
261.25622921637535 174.02738095238078 
258.80451252582645 179.6920634920633 
255.2374947347111 185.7492063492062 
253.44953932417087 218.06785714285706 

573.2053967771047 4.923015873015873 
546.3438372267466 11.567460317460315 
533.6141122298707 13.194841269841264 
532.5964407318249 21.77777777777778 
526.4683555371444 23.742857142857158 
513.6941215791204 26.651587301587302 
500.7305304274835 27.912301587301585 
491.5014614838674 31.00396825396826 
482.22207712211923 33.52936507936509 
467.5484559225988 33.53293650793651 
454.14242036712886 34.43095238095239 
443.0316257762783 40.2138888888889 
437.13421565091227 43.1107142857143 
434.844868239625 47.26468253968257 
427.71545952520927 49.3119047619048 
420.8623611615429 49.5309523809524 
413.3333151563985 54.928174603174625 
402.80049632985225 59.35158730158734 
401.98264197011116 61.611507936507984 
395.2555738934048 64.21904761904766 
392.0431337087682 64.53888888888892 
380.54660112590057 64.84841269841273 
365.2356767937542 70.97023809523809 
356.1411240113314 77.3757936507936 
350.52585694768004 82.50555555555545 
345.9178067856246 84.46031746031734 
336.7470625232807 92.92579365079351 
329.38514009998033 103.41785714285699 
323.69508941912983 108.2003968253967 
322.7768033843133 115.91071428571415 
321.25982080205966 120.48690476190461 
318.2701185415843 121.72619047619035 
317.35570761942677 123.44523809523797 
312.56065222919705 124.99047619047604 
306.0961275315343 129.29999999999984 
300.38666121914713 132.56428571428552 
296.1570356049106 133.83333333333314 
287.12523992269485 137.4646825396824 
282.0604159080862 149.39404761904743 
277.37875816921826 151.91825396825377 
273.0255964838342 157.4944444444442 
268.62946450948925 158.2412698412696 
264.4899712224787 168.23690476190453 
261.25622921637535 174.02738095238078 
258.80451252582645 179.6920634920633 
255.2374947347111 185.7492063492062 
253.44953932417087 218.06785714285706 
450.24249049040367 40.09563492063493 
429.36577041409777 49.130952380952394 
401.77997580457105 63.349603174603196 

573.2053967771047 4.923015873015873 
563.635872176418 10.658730158730158 
534.4031961859636 14.814682539682535 
532.7167770884728 18.290079365079364 
527.0439803112941 20.550396825396824 
500.0411852764231 22.24365079365079 
488.5846973154554 26.85714285714286 
481.96249316728245 29.32857142857144 
469.2685106511278 29.77380952380952 
457.87989497140126 36.65396825396828 
449.3235831472767 40.617857142857176 
440.44451866461236 43.32222222222225 
428.68739491134977 45.019841269841294 
424.3269215818695 52.10158730158736 
416.26463723839356 54.681746031746066 
407.27209390929903 56.0619047619048 
405.6630265345578 59.8210317460318 
392.10620544183973 60.317857142857186 
390.21809579125073 64.9293650793651 
382.9668461216005 69.8734126984127 
365.2356767937542 70.97023809523809 
358.98166148254955 74.73134920634917 
356.1411240113314 77.3757936507936 
348.6904401676158 83.26944444444436 
345.9178067856246 84.46031746031734 
342.18487846727214 91.85674603174593 
336.7470625232807 92.92579365079351 
329.38514009998033 103.41785714285699 
324.21022487857675 104.69682539682523 
323.69508941912983 108.2003968253967 
319.53618050058236 116.67777777777762 
314.9255091872172 121.37023809523795 
312.56065222919705 124.99047619047604 
306.8440198462192 126.25952380952367 
300.38666121914713 132.56428571428552 
296.1570356049106 133.83333333333314 
287.12523992269485 137.4646825396824 
282.0604159080862 149.39404761904743 
277.37875816921826 151.91825396825377 
273.0255964838342 157.4944444444442 
268.62946450948925 158.2412698412696 
264.4899712224787 168.23690476190453 
261.25622921637535 174.02738095238078 
258.80451252582645 179.6920634920633 
255.2374947347111 185.7492063492062 
253.44953932417087 218.06785714285706 
423.7997897454944 53.48492063492066 
445.7127116385108 42.041269841269845 

573.2053967771047 4.923015873015873 
548.9991132910917 9.891666666666664 
536.5031669046922 11.685714285714285 
529.5455869564324 16.656349206349205 
524.9733922134697 20.870634920634917 
500.0411852764231 22.24365079365079 
488.5846973154554 26.85714285714286 
481.3124121667637 31.932142857142868 
467.56577804134815 37.902380952380966 
463.930280730979 40.715873015873036 
459.67205606394475 42.62896825396829 
450.77156739492665 45.87738095238098 
442.9212271583562 47.70952380952384 
430.04211278712586 49.187698412698424 
425.2384691767186 52.42777777777783 
422.35927441602075 56.23809523809527 
413.5821816633491 56.905555555555594 
401.036888150345 60.90674603174608 
398.42095779307124 64.3150793650794 
389.9310713521761 70.85912698412697 
365.2356767937542 70.97023809523809 
356.1411240113314 77.3757936507936 
345.9178067856246 84.46031746031734 
336.7470625232807 92.92579365079351 
329.38514009998033 103.41785714285699 
324.21022487857675 104.69682539682523 
323.22118750199286 108.26706349206333 
321.43079316139807 109.12261904761898 
312.7841261832115 109.23015873015856 
311.2431622169002 121.82499999999987 
306.8440198462192 126.25952380952367 
303.80270626840905 128.27023809523806 
300.38666121914713 132.56428571428552 
296.1570356049106 133.83333333333314 
287.12523992269485 137.4646825396824 
282.0604159080862 149.39404761904743 
277.37875816921826 151.91825396825377 
273.0255964838342 157.4944444444442 
268.62946450948925 158.2412698412696 
264.4899712224787 168.23690476190453 
261.25622921637535 174.02738095238078 
258.80451252582645 179.6920634920633 
255.2374947347111 185.7492063492062 
253.44953932417087 218.06785714285706 
460.9232599617043 41.59404761904762 

573.2053967771047 4.923015873015873 
548.9991132910917 9.891666666666664 
537.0569301658439 14.814682539682535 
534.240551430014 16.32380952380952 
530.1606997867929 20.738888888888894 
500.0411852764231 22.24365079365079 
496.0397167797195 25.14285714285714 
488.55673496619227 26.714285714285715 
486.604303916797 30.646428571428586 
471.4255801445893 33.049206349206344 
456.64402721290566 34.14603174603175 
452.1737722992787 41.607539682539695 
451.0364279395297 42.71111111111112 
436.8518177860629 43.19285714285716 
435.3845097781496 50.17380952380956 
425.2384691767186 52.42777777777783 
416.4626655810035 52.85476190476196 
404.16556502345566 59.84365079365084 
396.3255248654826 65.92182539682545 
389.72242834391847 67.39325396825397 
378.0108950859748 68.3952380952381 
365.2356767937542 70.97023809523809 
356.1411240113314 77.3757936507936 
348.3773213456292 82.9734126984126 
345.9178067856246 84.46031746031734 
336.7470625232807 92.92579365079351 
331.10520051860857 100.84603174603158 
329.38514009998033 103.41785714285699 
323.69508941912983 108.2003968253967 
311.41943927086413 115.30158730158716 
311.27104275293794 128.02103174603164 
306.0961275315343 129.29999999999984 
300.38666121914713 132.56428571428552 
296.1570356049106 133.83333333333314 
287.12523992269485 137.4646825396824 
282.0604159080862 149.39404761904743 
277.37875816921826 151.91825396825377 
273.0255964838342 157.4944444444442 
268.62946450948925 158.2412698412696 
264.4899712224787 168.23690476190453 
261.25622921637535 174.02738095238078 
258.80451252582645 179.6920634920633 
255.2374947347111 185.7492063492062 
253.44953932417087 218.06785714285706 

573.2053967771047 4.923015873015873 
546.6270928920238 7.024603174603174 
546.2449962083222 10.335317460317455 
534.5064421014258 11.780952380952378 
522.0084014504811 17.683333333333334 
500.0411852764231 22.24365079365079 
486.82327474141954 28.112698412698414 
473.6477523224948 28.553571428571423 
463.3103793634156 38.04761904761907 
449.2270556721509 38.50555555555555 
445.7773210395983 43.49722222222225 
432.4788557506121 47.53531746031751 
428.77562219229736 48.38611111111115 
427.7332587140003 53.540873015873046 
422.32218381378584 57.97500000000006 
417.17823628274095 58.23412698412704 
406.49787134313056 61.114682539682576 
402.8475916492503 61.94880952380956 
399.2884868434241 65.57817460317462 
397.28261398087534 67.6952380952381 
388.8196668571799 69.92380952380952 
365.2356767937542 70.97023809523809 
356.1411240113314 77.3757936507936 
350.52585694768004 82.50555555555545 
345.9178067856246 84.46031746031734 
341.79546452758404 87.12023809523797 
336.7470625232807 92.92579365079351 
327.7372523640868 100.57976190476178 
327.199927139052 103.4575396825395 
323.69508941912983 108.2003968253967 
321.25982080205966 120.48690476190461 
318.2701185415843 121.72619047619035 
312.56065222919705 124.99047619047604 
306.0961275315343 129.29999999999984 
300.38666121914713 132.56428571428552 
296.1570356049106 133.83333333333314 
287.12523992269485 137.4646825396824 
282.0604159080862 149.39404761904743 
277.37875816921826 151.91825396825377 
273.0255964838342 157.4944444444442 
268.62946450948925 158.2412698412696 
264.4899712224787 168.23690476190453 
261.25622921637535 174.02738095238078 
258.80451252582645 179.6920634920633 
255.2374947347111 185.7492063492062 
253.44953932417087 218.06785714285706 
468.1955451103958 36.519047619047626 
323.445033762988 120.4472222222221 
320.17118719049193 121.52539682539667 
458.62884252214843 38.389285714285734 

573.2053967771047 4.923015873015873 
548.9991132910917 9.891666666666664 
529.5455869564324 16.656349206349205 
503.5167134113964 21.348015873015868 
494.90528612787074 28.859126984126988 
479.6520330713638 31.90555555555556 
467.5484559225988 33.53293650793651 
461.1723734937257 41.116269841269855 
453.3493504359486 46.10039682539682 
433.8147946925118 48.593650793650816 
431.0195731297794 54.62142857142861 
418.4780942121426 56.25833333333338 
411.7729698858021 61.484920634920655 
400.5471388259539 61.87817460317463 
394.52720092483906 64.73730158730162 
377.5152276386425 70.85912698412697 
365.2356767937542 70.97023809523809 
356.1411240113314 77.3757936507936 
348.9565097553234 80.24722222222216 
345.9178067856246 84.46031746031734 
336.7470625232807 92.92579365079351 
325.6546377233384 99.092857142857 
324.21022487857675 104.69682539682523 
323.69508941912983 108.2003968253967 
323.49703006558786 116.79682539682526 
323.2510786162324 121.46309523809515 
320.17118719049193 121.52539682539667 
312.56065222919705 124.99047619047604 
306.0961275315343 129.29999999999984 
300.38666121914713 132.56428571428552 
296.1570356049106 133.83333333333314 
287.12523992269485 137.4646825396824 
282.0604159080862 149.39404761904743 
277.37875816921826 151.91825396825377 
273.0255964838342 157.4944444444442 
268.62946450948925 158.2412698412696 
264.4899712224787 168.23690476190453 
261.25622921637535 174.02738095238078 
258.80451252582645 179.6920634920633 
255.2374947347111 185.7492063492062 
253.44953932417087 218.06785714285706 
460.46070264594454 45.426587301587325 

573.2053967771047 4.923015873015873 
548.9991132910917 9.891666666666664 
536.5031669046922 11.685714285714285 
524.9733922134697 20.870634920634917 
500.0411852764231 22.24365079365079 
485.52724682989987 30.817857142857147 
479.6520330713638 31.90555555555556 
467.5484559225988 33.53293650793651 
463.7555442792837 37.61150793650794 
463.57074177108257 41.129365079365094 
448.6437091168159 41.70515873015873 
444.1946637019865 46.83769841269844 
434.844868239625 47.26468253968257 
427.6144293706179 51.76507936507941 
420.4648771032605 54.904365079365135 
404.82448253991095 56.186507936507965 
401.036888150345 60.90674603174608 
399.8378107066363 65.84841269841272 
391.43113807241446 69.33571428571429 
379.7390203163249 69.45396825396826 
365.2356767937542 70.97023809523809 
356.1411240113314 77.3757936507936 
345.9178067856246 84.46031746031734 
341.79546452758404 87.12023809523797 
336.7470625232807 92.92579365079351 
331.10520051860857 100.84603174603158 
329.38514009998033 103.41785714285699 
323.69508941912983 108.2003968253967 
320.070731591566 114.69246031746017 
318.2701185415843 121.72619047619035 
317.7355674506006 123.71150793650779 
312.56065222919705 124.99047619047604 
306.0961275315343 129.29999999999984 
300.38666121914713 132.56428571428552 
296.1570356049106 133.83333333333314 
287.12523992269485 137.4646825396824 
282.0604159080862 149.39404761904743 
277.37875816921826 151.91825396825377 
273.0255964838342 157.4944444444442 
268.62946450948925 158.2412698412696 
264.4899712224787 168.23690476190453 
261.25622921637535 174.02738095238078 
258.80451252582645 179.6920634920633 
255.2374947347111 185.7492063492062 
253.44953932417087 218.06785714285706 
401.68049774234504 59.50158730158735 

573.2053967771047 4.923015873015873 
546.7404558139846 8.256746031746033 
537.0569301658439 14.814682539682535 
533.7812371130375 15.602777777777774 
532.3853044251764 21.57936507936508 
500.0411852764231 22.24365079365079 
499.71326929449083 25.976984126984117 
481.14472069856737 27.351984126984128 
480.9474882656354 29.825396825396826 
462.7244650153394 31.450793650793663 
456.2405246861401 34.242063492063515 
440.172672044369 36.74801587301588 
437.3021966320921 40.61587301587303 
429.09434043012396 49.57738095238098 
419.8029035602571 50.066269841269886 
413.3250148432777 50.07222222222225 
402.48788564067144 55.9920634920635 
401.9668309484331 58.09007936507941 
391.3604481331559 62.64325396825398 
387.9446051395599 63.82261904761907 
380.51332549564313 67.72063492063495 
365.2356767937542 70.97023809523809 
356.1411240113314 77.3757936507936 
352.7082295685861 81.17936507936503 
341.79546452758404 87.12023809523797 
336.7470625232807 92.92579365079351 
336.59345314941095 112.32539682539672 
327.22835888714354 113.39960317460307 
324.05621937094025 114.42896825396815 
322.33622420270575 116.92976190476185 
318.2701185415843 121.72619047619035 
317.9978474636467 126.88452380952373 
311.27104275293794 128.02103174603164 
309.7249819401184 131.04206349206336 
308.5042185439828 131.96388888888873 
300.38666121914713 132.56428571428552 
296.1570356049106 133.83333333333314 
287.12523992269485 137.4646825396824 
286.67108722145133 144.7015873015871 
277.37875816921826 151.91825396825377 
273.0255964838342 157.4944444444442 
268.62946450948925 158.2412698412696 
264.4899712224787 168.23690476190453 
261.25622921637535 174.02738095238078 
255.2374947347111 185.7492063492062 
424.3660666380023 49.8226190476191 

573.2053967771047 4.923015873015873 
546.7404558139846 8.256746031746033 
534.6350417014778 13.013095238095234 
521.7649516592741 20.944047619047613 
499.6429334927879 22.34880952380952 
492.0847772905547 26.104365079365078 
485.52724682989987 30.817857142857147 
477.54992752026544 32.660317460317465 
466.865811543673 34.70277777777778 
437.34004147539537 38.45317460317462 
435.9835211574493 39.66269841269843 
427.9110543956545 53.37103174603179 
424.7964908035063 58.622222222222256 
417.12063100014666 59.65119047619052 
414.4679419140795 61.01626984126986 
411.1197286517517 63.53809523809527 
397.86834789643973 63.86468253968259 
395.34609090510423 67.9027777777778 
382.9668461216005 69.8734126984127 
365.2356767937542 70.97023809523809 
356.1411240113314 77.3757936507936 
353.8044287607541 81.09484126984118 
351.2816208703964 82.75634920634911 
345.9178067856246 84.46031746031734 
342.6842653070637 92.01904761904751 
336.7470625232807 92.92579365079351 
329.38514009998033 103.41785714285699 
324.21022487857675 104.69682539682523 
323.69508941912983 108.2003968253967 
321.62454914427195 108.74007936507923 
321.57865019260504 112.97777777777763 
318.2701185415843 121.72619047619035 
316.39457350843406 123.79960317460308 
312.56065222919705 124.99047619047604 
306.0961275315343 129.29999999999984 
300.38666121914713 132.56428571428552 
296.1570356049106 133.83333333333314 
287.12523992269485 137.4646825396824 
282.0604159080862 149.39404761904743 
277.37875816921826 151.91825396825377 
273.0255964838342 157.4944444444442 
268.62946450948925 158.2412698412696 
264.4899712224787 168.23690476190453 
261.25622921637535 174.02738095238078 
258.80451252582645 179.6920634920633 
255.2374947347111 185.7492063492062 
253.44953932417087 218.06785714285706 

573.2053967771047 4.923015873015873 
544.7169232221249 11.385714285714284 
528.2921622706103 14.392857142857142 
523.3224912595565 16.540079365079368 
504.0235852608911 18.148412698412695 
502.00965653072956 21.277380952380945 
488.91477621965447 24.284523809523808 
482.2104758519549 26.375000000000004 
474.72108252298415 29.50436507936508 
468.5741185918693 32.09960317460318 
463.99957971724285 38.72301587301587 
455.7403201648016 41.284523809523826 
449.912895019116 43.304365079365105 
435.7779148508123 45.01468253968257 
434.2123035107272 48.692063492063504 
422.6424735712189 49.8757936507937 
418.4705822489071 52.61468253968258 
407.286926949831 53.296825396825426 
403.3850680169974 64.59285714285718 
400.75289151160956 65.2325396825397 
383.17386320546484 67.4234126984127 
365.2356767937542 70.97023809523809 
359.5514165906103 75.6380952380952 
356.1411240113314 77.3757936507936 
349.68268361484843 83.6103174603174 
345.9178067856246 84.46031746031734 
336.7470625232807 92.92579365079351 
329.38514009998033 103.41785714285699 
323.6756737875931 106.68214285714268 
318.5007585661894 107.96111111111092 
318.2701185415843 121.72619047619035 
314.3865106749211 121.86269841269835 
307.15977646223195 124.91904761904749 
306.0961275315343 129.29999999999984 
304.2648288747338 129.31587301587285 
300.38666121914713 132.56428571428552 
296.1570356049106 133.83333333333314 
287.12523992269485 137.4646825396824 
282.0604159080862 149.39404761904743 
277.37875816921826 151.91825396825377 
273.0255964838342 157.4944444444442 
268.62946450948925 158.2412698412696 
264.4899712224787 168.23690476190453 
261.25622921637535 174.02738095238078 
258.80451252582645 179.6920634920633 
255.2374947347111 185.7492063492062 
253.44953932417087 218.06785714285706 
364.840929405581 72.30119047619047 
505.032619183162 17.369444444444447 

573.2053967771047 4.923015873015873 
570.6768167203509 10.146031746031744 
534.4031961859636 14.814682539682535 
534.293440357581 17.678571428571423 
532.2162225025568 18.450396825396822 
500.0411852764231 22.24365079365079 
487.9376081276584 23.871031746031747 
469.0328613218755 32.04325396825398 
466.2953779668175 34.916666666666686 
465.1358318346981 38.6373015873016 
456.3179221739708 39.529761904761926 
448.6437091168159 41.70515873015873 
445.90622576175815 44.57857142857148 
441.96112514938255 46.16587301587306 
438.20217742303765 47.70198412698414 
434.80031543514366 49.30515873015878 
425.2664730912555 49.73214285714289 
422.17133731076234 54.890079365079416 
420.4648771032605 54.904365079365135 
408.631497369415 55.525396825396875 
404.16556502345566 59.84365079365084 
398.55029795980425 64.9734126984127 
380.0509336785683 67.31230158730159 
377.5152276386425 70.85912698412697 
365.2356767937542 70.97023809523809 
356.1411240113314 77.3757936507936 
345.9178067856246 84.46031746031734 
336.7470625232807 92.92579365079351 
329.38514009998033 103.41785714285699 
323.6756737875931 106.68214285714268 
318.52017419772613 109.47936507936492 
318.196880868343 118.6103174603173 
312.55348615860635 122.99523809523795 
306.8440198462192 126.25952380952367 
300.36007951701987 129.05079365079348 
296.1570356049106 133.83333333333314 
287.12523992269485 137.4646825396824 
282.0604159080862 149.39404761904743 
277.37875816921826 151.91825396825377 
273.0255964838342 157.4944444444442 
268.62946450948925 158.2412698412696 
264.4899712224787 168.23690476190453 
261.25622921637535 174.02738095238078 
258.80451252582645 179.6920634920633 
255.2374947347111 185.7492063492062 
253.44953932417087 218.06785714285706 
460.79368471300813 38.97936507936509 
448.0574693591358 43.50833333333336 

573.2053967771047 4.923015873015873 
536.5031669046922 11.685714285714285 
521.489787853011 17.571428571428562 
500.0411852764231 22.24365079365079 
481.45948311178194 26.342460317460322 
467.5232007150006 29.603968253968258 
462.5560285477521 33.528968253968266 
456.0779454060114 39.13888888888891 
453.8902387574629 42.10714285714289 
451.19274543833853 46.16785714285717 
434.844868239625 47.26468253968257 
425.87980751762484 51.025793650793695 
413.8292768436825 52.730158730158756 
401.7466505463626 54.40277777777782 
401.5325555976773 58.44285714285719 
398.00177761792054 61.15198412698416 
385.5736267620218 64.18650793650797 
380.2411458158436 67.43293650793652 
379.7390203163249 69.45396825396826 
365.2356767937542 70.97023809523809 
356.1411240113314 77.3757936507936 
345.9178067856246 84.46031746031734 
336.7470625232807 92.92579365079351 
329.38514009998033 103.41785714285699 
323.69508941912983 108.2003968253967 
318.52017419772613 109.47936507936492 
318.2701185415843 121.72619047619035 
317.7355674506006 123.71150793650779 
314.1486258495797 123.93730158730148 
311.27104275293794 128.02103174603164 
306.0961275315343 129.29999999999984 
300.38666121914713 132.56428571428552 
296.1570356049106 133.83333333333314 
287.12523992269485 137.4646825396824 
282.0604159080862 149.39404761904743 
277.37875816921826 151.91825396825377 
273.0255964838342 157.4944444444442 
268.62946450948925 158.2412698412696 
264.4899712224787 168.23690476190453 
261.25622921637535 174.02738095238078 
258.80451252582645 179.6920634920633 
255.2374947347111 185.7492063492062 
253.44953932417087 218.06785714285706 

573.2053967771047 4.923015873015873 
546.3438372267466 11.567460317460315 
537.0569301658439 14.814682539682535 
536.88625773812 17.068650793650793 
531.1586125298303 18.846825396825402 
500.0411852764231 22.24365079365079 
488.5846973154554 26.85714285714286 
485.3430739917663 34.519047619047626 
470.8992631374214 36.11190476190477 
465.94069551987104 37.95198412698414 
463.57074177108257 41.129365079365094 
458.9916838125329 42.15000000000001 
449.7852900534947 45.036507936507974 
442.56048951582187 45.22817460317463 
434.844868239625 47.26468253968257 
421.92170780273676 48.78095238095241 
414.6452631461099 53.19960317460319 
403.9602390141852 55.86547619047622 
401.5325555976773 58.44285714285719 
391.4571805166382 66.58611111111111 
390.9358250738328 68.3952380952381 
387.7746427353547 70.5980158730159 
365.2356767937542 70.97023809523809 
356.1411240113314 77.3757936507936 
345.9178067856246 84.46031746031734 
336.7470625232807 92.92579365079351 
336.33461075319127 97.41150793650777 
329.38514009998033 103.41785714285699 
324.21022487857675 104.69682539682523 
323.69508941912983 108.2003968253967 
321.8961343500829 117.48849206349193 
316.8728159160509 120.71984126984118 
312.56065222919705 124.99047619047604 
306.0961275315343 129.29999999999984 
300.38666121914713 132.56428571428552 
296.1570356049106 133.83333333333314 
287.12523992269485 137.4646825396824 
282.0604159080862 149.39404761904743 
277.37875816921826 151.91825396825377 
273.0255964838342 157.4944444444442 
268.62946450948925 158.2412698412696 
264.4899712224787 168.23690476190453 
261.25622921637535 174.02738095238078 
258.80451252582645 179.6920634920633 
255.2374947347111 185.7492063492062 
253.44953932417087 218.06785714285706 

573.2053967771047 4.923015873015873 
546.6270928920238 7.024603174603174 
531.9797421080397 11.861507936507936 
522.3106685131283 18.871428571428577 
501.99814121985656 20.045238095238098 
501.2242365284363 26.283730158730158 
484.7676266747932 29.62698412698414 
469.6609508245315 31.722619047619062 
461.88065704720816 32.53492063492065 
458.4780765362417 37.957539682539704 
447.04670994275625 38.265873015873034 
442.4611859260343 42.242063492063515 
442.173702611896 44.752380952380975 
428.6791429869001 47.70912698412702 
427.2718018992389 49.459920634920664 
413.9336392633951 53.44007936507939 
406.44834305605286 58.89365079365083 
403.310676422191 61.87579365079372 
390.62891771653653 63.39246031746035 
388.14830127205676 69.95793650793651 
380.10600796038767 73.88452380952377 
376.17974618174276 79.46388888888885 
364.1961681824453 80.40912698412694 
357.22864967399687 84.65277777777769 
346.97037974898757 85.8412698412697 
336.7470625232807 92.92579365079351 
329.38514009998033 103.41785714285699 
324.50990931016815 103.65158730158717 
323.69508941912983 108.2003968253967 
320.07739394957275 113.10793650793643 
316.6918459461053 120.99761904761894 
310.5591040367983 123.88452380952371 
306.8440198462192 126.25952380952367 
304.7783888425307 132.49722222222218 
296.1570356049106 133.83333333333314 
291.95071474640935 140.9309523809522 
286.67108722145133 144.7015873015871 
282.0604159080862 149.39404761904743 
277.37875816921826 151.91825396825377 
268.62946450948925 158.2412698412696 
264.4899712224787 168.23690476190453 
261.25622921637535 174.02738095238078 
258.80451252582645 179.6920634920633 
461.87219344982987 34.02063492063493 

573.2053967771047 4.923015873015873 
548.9991132910917 9.891666666666664 
536.5031669046922 11.685714285714285 
529.5455869564324 16.656349206349205 
524.9733922134697 20.870634920634917 
490.7876543452669 22.213095238095242 
487.9376081276584 23.871031746031747 
480.9155306045013 24.896428571428572 
467.45543313779046 27.733333333333338 
457.91043447886597 33.107539682539695 
455.1537362906006 35.09801587301589 
446.47092709076924 36.83531746031748 
442.9564284538937 39.132539682539694 
435.7779148508123 45.01468253968257 
427.79424229717796 46.15198412698417 
420.66775396957166 51.380555555555596 
419.7176319859176 52.590079365079404 
418.78366355335834 55.75595238095242 
412.7369847014728 57.80753968253974 
407.288494550352 59.95476190476195 
400.36772578555815 60.71785714285719 
395.94908149768554 64.84841269841273 
383.17386320546484 67.4234126984127 
378.0108950859748 68.3952380952381 
365.2356767937542 70.97023809523809 
356.1411240113314 77.3757936507936 
345.9178067856246 84.46031746031734 
341.79546452758404 87.12023809523797 
336.7470625232807 92.92579365079351 
329.38514009998033 103.41785714285699 
324.21022487857675 104.69682539682523 
323.6756737875931 106.68214285714268 
311.41943927086413 115.13730158730148 
306.0961275315343 129.29999999999984 
300.38666121914713 132.56428571428552 
296.1570356049106 133.83333333333314 
287.12523992269485 137.4646825396824 
282.0604159080862 149.39404761904743 
277.37875816921826 151.91825396825377 
273.0255964838342 157.4944444444442 
268.62946450948925 158.2412698412696 
264.4899712224787 168.23690476190453 
261.25622921637535 174.02738095238078 
258.80451252582645 179.6920634920633 
255.2374947347111 185.7492063492062 
253.44953932417087 218.06785714285706 
406.4394579391224 60.44325396825401 

573.2053967771047 4.923015873015873 
550.855645085079 15.581746031746027 
541.2063583969349 18.38730158730159 
532.5964407318249 21.77777777777778 
526.4683555371444 23.742857142857158 
514.9176028384376 25.473412698412705 
501.42275541648274 28.27896825396825 
494.08571379810843 32.208333333333336 
468.1955451103958 36.519047619047626 
467.2873243043882 40.47500000000002 
449.3235831472767 40.617857142857176 
449.29644351563815 44.69126984126988 
428.7966004269061 53.845238095238145 
418.7244054739915 55.42976190476195 
415.9195492213188 60.929761904761946 
396.3255248654826 65.92182539682545 
394.4975493458414 69.76230158730158 
389.9310713521761 70.85912698412697 
365.2356767937542 70.97023809523809 
356.1411240113314 77.3757936507936 
350.52585694768004 82.50555555555545 
345.9178067856246 84.46031746031734 
336.7470625232807 92.92579365079351 
331.10520051860857 100.84603174603158 
329.38514009998033 103.41785714285699 
324.21022487857675 104.69682539682523 
323.6756737875931 106.68214285714268 
322.10408664637526 117.95833333333321 
318.2701185415843 121.72619047619035 
317.7355674506006 123.71150793650779 
312.56065222919705 124.99047619047604 
306.8440198462192 126.25952380952367 
300.38666121914713 132.56428571428552 
296.1570356049106 133.83333333333314 
287.12523992269485 137.4646825396824 
282.0604159080862 149.39404761904743 
268.62946450948925 158.2412698412696 
264.4899712224787 168.23690476190453 
258.80451252582645 179.6920634920633 
253.44953932417087 218.06785714285706 

573.2053967771047 4.923015873015873 
534.0098003794882 9.884126984126985 
533.6141122298707 13.194841269841264 
521.2217986196937 17.815079365079356 
500.0411852764231 22.24365079365079 
489.51259948565166 28.6638888888889 
485.52724682989987 30.817857142857147 
479.3565303461304 30.937301587301587 
462.1236515295932 34.79801587301588 
450.1104653517619 39.30039682539683 
448.0574693591358 43.50833333333336 
436.5702846733473 44.88849206349209 
428.4102200374355 46.37420634920637 
416.67671211651543 49.618253968253995 
401.3849950171117 58.53333333333338 
395.1776883052418 63.387301587301586 
390.33033546603184 67.87063492063493 
389.9310713521761 70.85912698412697 
365.2356767937542 70.97023809523809 
356.1411240113314 77.3757936507936 
345.9178067856246 84.46031746031734 
336.7470625232807 92.92579365079351 
329.38514009998033 103.41785714285699 
324.21022487857675 104.69682539682523 
323.69508941912983 108.2003968253967 
323.474317595615 119.33412698412685 
323.2510786162324 121.46309523809515 
318.2701185415843 121.72619047619035 
317.76485128322776 122.59841269841256 
312.55348615860635 122.99523809523795 
306.0961275315343 129.29999999999984 
300.38666121914713 132.56428571428552 
296.1570356049106 133.83333333333314 
287.12523992269485 137.4646825396824 
282.0604159080862 149.39404761904743 
277.37875816921826 151.91825396825377 
273.0255964838342 157.4944444444442 
268.62946450948925 158.2412698412696 
264.4899712224787 168.23690476190453 
261.25622921637535 174.02738095238078 
258.80451252582645 179.6920634920633 
255.2374947347111 185.7492063492062 
253.44953932417087 218.06785714285706 

573.2053967771047 4.923015873015873 
568.3802878135893 11.88611111111111 
544.6251839713792 15.04801587301587 
536.7298341035832 16.90714285714285 
532.3853044251764 21.57936507936508 
500.0411852764231 22.24365079365079 
498.03607264343333 25.229761904761904 
496.200755602761 27.400000000000002 
483.2803236091461 34.48452380952381 
475.93481155011995 35.54126984126987 
475.13705436526396 37.62380952380953 
452.7872138254383 42.40952380952383 
437.7027214423513 49.98333333333336 
422.72621467986755 52.93214285714288 
421.80047018401257 56.72619047619052 
402.82237434912486 58.696825396825425 
396.5977637772964 67.1138888888889 
385.3999121421233 67.4234126984127 
378.0108950859748 68.3952380952381 
365.2356767937542 70.97023809523809 
356.1411240113314 77.3757936507936 
345.9178067856246 84.46031746031734 
341.79546452758404 87.12023809523797 
336.7470625232807 92.92579365079351 
331.10520051860857 100.84603174603158 
329.38514009998033 103.41785714285699 
323.69508941912983 108.2003968253967 
322.783969454904 117.90595238095224 
318.2701185415843 121.72619047619035 
317.7355674506006 123.71150793650779 
312.56065222919705 124.99047619047604 
309.2861490516243 125.45277777777765 
306.0961275315343 129.29999999999984 
300.38666121914713 132.56428571428552 
296.1570356049106 133.83333333333314 
287.12523992269485 137.4646825396824 
282.0604159080862 149.39404761904743 
277.37875816921826 151.91825396825377 
273.0255964838342 157.4944444444442 
268.62946450948925 158.2412698412696 
264.4899712224787 168.23690476190453 
261.25622921637535 174.02738095238078 
258.80451252582645 179.6920634920633 
255.2374947347111 185.7492063492062 
253.44953932417087 218.06785714285706 

573.2053967771047 4.923015873015873 
533.6141122298707 13.194841269841264 
526.108744272768 19.859523809523804 
500.0411852764231 22.24365079365079 
488.5846973154554 26.85714285714286 
485.52724682989987 30.817857142857147 
482.22207712211923 33.52936507936509 
481.70141553006744 34.916666666666686 
473.53046551942793 38.72460317460319 
461.80775919953163 41.390476190476214 
457.6962578435346 42.001190476190494 
445.90622576175815 44.57857142857148 
443.5159628083914 48.576984126984144 
433.1096894553816 49.923809523809545 
424.5990207272703 52.31269841269844 
421.99413342005556 54.71865079365084 
416.45800054342556 57.302777777777784 
402.98415052216 57.91349206349207 
392.89296633593005 64.15277777777781 
391.7823110404078 65.87976190476192 
385.5375145277135 69.54007936507936 
377.5152276386425 70.85912698412697 
365.2356767937542 70.97023809523809 
356.1411240113314 77.3757936507936 
345.9178067856246 84.46031746031734 
336.7470625232807 92.92579365079351 
329.38514009998033 103.41785714285699 
323.69508941912983 108.2003968253967 
318.52017419772613 109.47936507936492 
318.2701185415843 121.72619047619035 
317.7355674506006 123.71150793650779 
312.56065222919705 124.99047619047604 
306.0961275315343 129.29999999999984 
305.5615764405507 131.28531746031732 
300.38666121914713 132.56428571428552 
296.1570356049106 133.83333333333314 
287.12523992269485 137.4646825396824 
282.0604159080862 149.39404761904743 
277.37875816921826 151.91825396825377 
273.0255964838342 157.4944444444442 
268.62946450948925 158.2412698412696 
264.4899712224787 168.23690476190453 
261.25622921637535 174.02738095238078 
258.80451252582645 179.6920634920633 
255.2374947347111 185.7492063492062 
253.44953932417087 218.06785714285706 
536.5031669046922 11.685714285714285 
451.0711582439331 42.83928571428574 
466.1614794830141 40.29007936507939 

