134395.5829747029 744.767063492064 
133952.2400556682 827.3984126984122 
148242.7890375034 382.4849206349209 
130480.46271848764 1146.1230158730127 
138987.03520462988 508.17261904761995 
129655.04734787827 1713.2507936507882 
135827.87200158788 675.8488095238108 
128631.28289878626 1788.4519841269778 
131455.34359545266 1023.3876984126987 
132466.4910596408 994.7984126984127 
193562.06819757097 18.04047619047619 
129767.92868035578 1278.9571428571387 
129398.84678148846 1753.0182539682469 
127796.56797649956 1873.836111111105 
127060.64756117348 1924.109126984119 
133282.1629378392 874.3936507936509 
137377.98077936462 609.9519841269858 
174228.0032661638 266.9388888888885 

135827.87200158788 675.8488095238108 
133803.9915696698 808.2559523809522 
137377.98077936462 609.9519841269858 
127060.64756117348 1924.109126984119 
129767.92868035578 1278.9571428571387 
134395.5829747029 744.767063492064 
133282.1629378392 874.3936507936509 
131455.34359545266 1023.3876984126987 
140814.99942936434 479.98412698412756 
129667.64883518784 1740.2638888888828 
148839.5824987907 382.83888888888924 
193562.06819757097 18.04047619047619 
132307.28206087425 997.1289682539682 
130480.46271848764 1146.1230158730127 
128631.28289878626 1788.4519841269778 
127796.56797649956 1873.836111111105 
132838.82001880457 957.0249999999997 

133952.2400556682 827.3984126984122 
141747.38623922938 495.3107142857151 
137436.92642685308 574.0694444444459 
148839.5824987907 382.83888888888924 
131455.34359545266 1023.3876984126987 
128658.49717442646 1772.1813492063436 
132476.2003857406 1020.8321428571431 
133282.1629378392 874.3936507936509 
185507.47638126166 13.928968253968254 
134554.79197346955 742.4365079365085 
129767.92868035578 1278.9571428571387 
127060.64756117348 1924.109126984119 
129667.64883518784 1740.2638888888828 
135827.87200158788 675.8488095238108 
127796.56797649956 1873.836111111105 
130480.46271848764 1146.1230158730127 

132307.28206087425 997.1289682539682 
137377.98077936462 609.9519841269858 
193562.06819757097 18.04047619047619 
134395.5829747029 744.767063492064 
133282.1629378392 874.3936507936509 
127796.56797649956 1873.836111111105 
129767.92868035578 1278.9571428571387 
131455.34359545266 1023.3876984126987 
128631.28289878626 1788.4519841269778 
133952.2400556682 827.3984126984122 
138987.03520462988 508.17261904761995 
129622.00384535601 1716.5130952380891 
130480.46271848764 1146.1230158730127 
135827.87200158788 675.8488095238108 
148839.5824987907 382.83888888888924 
127060.64756117348 1924.109126984119 
172493.7704230044 227.19801587301552 
141747.38623922938 495.3107142857151 

127060.64756117348 1924.109126984119 
131455.34359545266 1023.3876984126987 
130480.46271848764 1146.1230158730127 
148555.99460426514 377.1166666666672 
137377.98077936462 609.9519841269858 
132307.28206087425 997.1289682539682 
184258.4371942252 15.66944444444444 
129767.92868035578 1278.9571428571387 
128661.51429878641 1779.318650793646 
132977.35917870322 950.1337301587303 
134395.5829747029 744.767063492064 
135827.87200158788 675.8488095238108 
133282.1629378392 874.3936507936509 
129667.64883518784 1740.2638888888828 
142066.30203342508 503.8075396825405 
133952.2400556682 827.3984126984122 
127796.56797649956 1873.836111111105 
160037.85156966804 305.8269841269838 
143339.34783544985 424.4571428571434 

132307.28206087425 997.1289682539682 
131455.34359545266 1023.3876984126987 
135827.87200158788 675.8488095238108 
130480.46271848764 1146.1230158730127 
133282.1629378392 874.3936507936509 
137436.92642685308 574.0694444444459 
129667.64883518784 1740.2638888888828 
134395.5829747029 744.767063492064 
193562.06819757097 18.04047619047619 
127796.56797649956 1873.836111111105 
127060.64756117348 1924.109126984119 
133952.2400556682 827.3984126984122 
138987.03520462988 508.17261904761995 
128664.89646398523 1786.179761904755 
148839.5824987907 382.83888888888924 
129767.92868035578 1278.9571428571387 

135827.87200158788 675.8488095238108 
129767.92868035578 1278.9571428571387 
137436.92642685308 574.0694444444459 
134395.5829747029 744.767063492064 
133952.2400556682 827.3984126984122 
184258.4371942252 15.66944444444444 
128654.92028450618 1768.655952380946 
133239.70601753634 960.2325396825399 
129667.64883518784 1740.2638888888828 
148839.5824987907 382.83888888888924 
132307.28206087425 997.1289682539682 
130480.46271848764 1146.1230158730127 
133282.1629378392 874.3936507936509 
140836.92584417493 498.0912698412707 
127060.64756117348 1924.109126984119 
131455.34359545266 1023.3876984126987 
127796.56797649956 1873.836111111105 
138987.03520462988 508.17261904761995 

130480.46271848764 1146.1230158730127 
128631.28289878626 1788.4519841269778 
132307.28206087425 997.1289682539682 
134395.5829747029 744.767063492064 
148839.5824987907 382.83888888888924 
133282.1629378392 874.3936507936509 
193562.06819757097 18.04047619047619 
129767.92868035578 1278.9571428571387 
131342.1105100091 1145.8980158730128 
127796.56797649956 1873.836111111105 
135827.87200158788 675.8488095238108 
127060.64756117348 1924.109126984119 
140721.93872491532 501.7079365079373 
129667.64883518784 1740.2638888888828 
133952.2400556682 827.3984126984122 
137377.98077936462 609.9519841269858 
131455.34359545266 1023.3876984126987 
134917.41160653354 678.6293650793662 

132307.28206087425 997.1289682539682 
134395.5829747029 744.767063492064 
135827.87200158788 675.8488095238108 
131342.1105100091 1145.8980158730128 
133952.2400556682 827.3984126984122 
129667.64883518784 1740.2638888888828 
137377.98077936462 609.9519841269858 
127796.56797649956 1873.836111111105 
141725.45982441882 477.20357142857205 
193727.87834905414 3.857936507936508 
133282.1629378392 874.3936507936509 
131455.34359545266 1023.3876984126987 
148839.5824987907 382.83888888888924 
132838.82001880457 957.0249999999997 
127060.64756117348 1924.109126984119 
128631.28289878626 1788.4519841269778 
130480.46271848764 1146.1230158730127 
129767.92868035578 1278.9571428571387 
146392.23604532477 441.50555555555616 

133803.9915696698 808.2559523809522 
130629.57647187726 1278.7321428571388 
137436.92642685308 574.0694444444459 
131151.40510370777 1212.5944444444417 
135827.87200158788 675.8488095238108 
148839.5824987907 382.83888888888924 
127060.64756117348 1924.109126984119 
193562.06819757097 18.04047619047619 
129667.64883518784 1740.2638888888828 
131455.34359545266 1023.3876984126987 
132316.99138697403 1023.1626984126987 
128662.52439779865 1787.4305555555504 
129767.92868035578 1278.9571428571387 
133282.1629378392 874.3936507936509 
130788.78547064375 1276.4015873015833 
127796.56797649956 1873.836111111105 
140721.93872491532 501.7079365079373 
134395.5829747029 744.767063492064 
167779.29298739645 367.3416666666667 
138987.03520462988 508.17261904761995 

133143.9915331279 950.5996031746035 
132476.2003857406 1020.8321428571431 
148839.5824987907 382.83888888888924 
127796.56797649956 1873.836111111105 
193727.87834905414 3.857936507936508 
133282.1629378392 874.3936507936509 
137377.98077936462 609.9519841269858 
128658.2445095104 1784.8039682539606 
134395.5829747029 744.767063492064 
129767.92868035578 1278.9571428571387 
130480.46271848764 1146.1230158730127 
129667.64883518784 1740.2638888888828 
133952.2400556682 827.3984126984122 
131455.34359545266 1023.3876984126987 
140814.99942936434 479.98412698412756 
127060.64756117348 1924.109126984119 
135827.87200158788 675.8488095238108 
181783.32280922576 82.68968253968256 

131455.34359545266 1023.3876984126987 
135827.87200158788 675.8488095238108 
132476.2003857406 1020.8321428571431 
148839.5824987907 382.83888888888924 
193562.06819757097 18.04047619047619 
129667.64883518784 1740.2638888888828 
127796.56797649956 1873.836111111105 
130480.46271848764 1146.1230158730127 
127060.64756117348 1924.109126984119 
140721.93872491532 501.7079365079373 
137377.98077936462 609.9519841269858 
133282.1629378392 874.3936507936509 
129767.92868035578 1278.9571428571387 
128631.28289878626 1788.4519841269778 
129529.18430230221 1757.4273809523775 
133952.2400556682 827.3984126984122 
134395.5829747029 744.767063492064 

129667.64883518784 1740.2638888888828 
127796.56797649956 1873.836111111105 
134395.5829747029 744.767063492064 
193562.06819757097 18.04047619047619 
132838.82001880457 957.0249999999997 
148839.5824987907 382.83888888888924 
132307.28206087425 997.1289682539682 
129767.92868035578 1278.9571428571387 
138987.03520462988 508.17261904761995 
137377.98077936462 609.9519841269858 
131455.34359545266 1023.3876984126987 
135827.87200158788 675.8488095238108 
128631.28289878626 1788.4519841269778 
133282.1629378392 874.3936507936509 
133952.2400556682 827.3984126984122 
130480.46271848764 1146.1230158730127 
127060.64756117348 1924.109126984119 

134395.5829747029 744.767063492064 
131342.1105100091 1145.8980158730128 
131455.34359545266 1023.3876984126987 
135827.87200158788 675.8488095238108 
127796.56797649956 1873.836111111105 
193727.87834905414 3.857936507936508 
140721.93872491532 501.7079365079373 
133282.1629378392 874.3936507936509 
130480.46271848764 1146.1230158730127 
129667.64883518784 1740.2638888888828 
127060.64756117348 1924.109126984119 
137436.92642685308 574.0694444444459 
148839.5824987907 382.83888888888924 
133952.2400556682 827.3984126984122 
128631.28289878626 1788.4519841269778 
129767.92868035578 1278.9571428571387 
132307.28206087425 997.1289682539682 
185584.0119024265 262.9869047619043 

132307.28206087425 997.1289682539682 
131455.34359545266 1023.3876984126987 
135827.87200158788 675.8488095238108 
129767.92868035578 1278.9571428571387 
133952.2400556682 827.3984126984122 
134395.5829747029 744.767063492064 
130480.46271848764 1146.1230158730127 
133282.1629378392 874.3936507936509 
129667.64883518784 1740.2638888888828 
127796.56797649956 1873.836111111105 
137377.98077936462 609.9519841269858 
128631.28289878626 1788.4519841269778 
193562.06819757097 18.04047619047619 
148839.5824987907 382.83888888888924 
127060.64756117348 1924.109126984119 
139811.47832986078 504.4884920634928 

140721.93872491532 501.7079365079373 
134395.5829747029 744.767063492064 
133282.1629378392 874.3936507936509 
131342.1105100091 1145.8980158730128 
129667.64883518784 1740.2638888888828 
129767.92868035578 1278.9571428571387 
131455.34359545266 1023.3876984126987 
128631.28289878626 1788.4519841269778 
127060.64756117348 1924.109126984119 
148839.5824987907 382.83888888888924 
132307.28206087425 997.1289682539682 
127796.56797649956 1873.836111111105 
137436.92642685308 574.0694444444459 
130480.46271848764 1146.1230158730127 
185510.39680387118 10.4265873015873 
135827.87200158788 675.8488095238108 
133952.2400556682 827.3984126984122 
180560.9616884022 347.5202380952382 
138987.03520462988 508.17261904761995 

134395.5829747029 744.767063492064 
129767.92868035578 1278.9571428571387 
133952.2400556682 827.3984126984122 
148839.5824987907 382.83888888888924 
193733.6923545913 6.886904761904762 
127060.64756117348 1924.109126984119 
133282.1629378392 874.3936507936509 
135827.87200158788 675.8488095238108 
127796.56797649956 1873.836111111105 
129667.64883518784 1740.2638888888828 
137377.98077936462 609.9519841269858 
128656.77641359648 1764.7900793650738 
131455.34359545266 1023.3876984126987 
130480.46271848764 1146.1230158730127 
140836.92584417493 498.0912698412707 
131342.1105100091 1145.8980158730128 
132307.28206087425 997.1289682539682 
137888.3580451622 570.5079365079379 
146392.23604532477 441.50555555555616 
136279.30361989693 672.2873015873027 

137377.98077936462 609.9519841269858 
132307.28206087425 997.1289682539682 
133952.2400556682 827.3984126984122 
129767.92868035578 1278.9571428571387 
127060.64756117348 1924.109126984119 
127796.56797649956 1873.836111111105 
135827.87200158788 675.8488095238108 
193562.06819757097 18.04047619047619 
148839.5824987907 382.83888888888924 
138987.03520462988 508.17261904761995 
129667.64883518784 1740.2638888888828 
128631.28289878626 1788.4519841269778 
134395.5829747029 744.767063492064 
133282.1629378392 874.3936507936509 
131455.34359545266 1023.3876984126987 
130480.46271848764 1146.1230158730127 
180571.85656371756 249.07777777777747 
146296.368923807 405.34444444444483 

131455.34359545266 1023.3876984126987 
128631.28289878626 1788.4519841269778 
193562.06819757097 18.04047619047619 
132829.11069270482 930.9912698412699 
127796.56797649956 1873.836111111105 
130480.46271848764 1146.1230158730127 
134395.5829747029 744.767063492064 
127060.64756117348 1924.109126984119 
133952.2400556682 827.3984126984122 
148839.5824987907 382.83888888888924 
129767.92868035578 1278.9571428571387 
135827.87200158788 675.8488095238108 
129667.64883518784 1740.2638888888828 
132307.28206087425 997.1289682539682 
133282.1629378392 874.3936507936509 
137377.98077936462 609.9519841269858 
138987.03520462988 508.17261904761995 
177143.62046777754 34.649603174603186 

134395.5829747029 744.767063492064 
193727.87834905414 3.857936507936508 
133282.1629378392 874.3936507936509 
148839.5824987907 382.83888888888924 
128654.67904957295 1786.9357142857082 
129667.64883518784 1740.2638888888828 
137377.98077936462 609.9519841269858 
141725.45982441882 477.20357142857205 
135827.87200158788 675.8488095238108 
130480.46271848764 1146.1230158730127 
132476.2003857406 1020.8321428571431 
131455.34359545266 1023.3876984126987 
127796.56797649956 1873.836111111105 
129767.92868035578 1278.9571428571387 
127060.64756117348 1924.109126984119 
132316.99138697403 1023.1626984126987 
173286.5715729639 140.9281746031745 
134917.41160653354 678.6293650793662 
159941.20848191442 319.0833333333331 

129314.32675522986 1759.0924603174528 
137377.98077936462 609.9519841269858 
134395.5829747029 744.767063492064 
127796.56797649956 1873.836111111105 
135827.87200158788 675.8488095238108 
129767.92868035578 1278.9571428571387 
148839.5824987907 382.83888888888924 
127060.64756117348 1924.109126984119 
129667.64883518784 1740.2638888888828 
132307.28206087425 997.1289682539682 
129740.20491231381 1735.8313492063426 
138987.03520462988 508.17261904761995 
133282.1629378392 874.3936507936509 
130480.46271848764 1146.1230158730127 
128631.28289878626 1788.4519841269778 
131455.34359545266 1023.3876984126987 
193562.06819757097 18.04047619047619 
172546.1820661733 282.75396825396774 

127796.56797649956 1873.836111111105 
138987.03520462988 508.17261904761995 
129667.64883518784 1740.2638888888828 
135827.87200158788 675.8488095238108 
133282.1629378392 874.3936507936509 
134395.5829747029 744.767063492064 
131455.34359545266 1023.3876984126987 
130480.46271848764 1146.1230158730127 
132307.28206087425 997.1289682539682 
129767.92868035578 1278.9571428571387 
128656.18546431807 1780.0571428571375 
137377.98077936462 609.9519841269858 
127060.64756117348 1924.109126984119 
148839.5824987907 382.83888888888924 
193562.06819757097 18.04047619047619 
142102.04574233366 492.1317460317469 

128659.86783401806 1787.8373015872971 
140836.92584417493 498.0912698412707 
127796.56797649956 1873.836111111105 
193768.25382953088 8.786904761904761 
132838.82001880457 957.0249999999997 
131455.34359545266 1023.3876984126987 
133282.1629378392 874.3936507936509 
134395.5829747029 744.767063492064 
132307.28206087425 997.1289682539682 
127060.64756117348 1924.109126984119 
133942.53072956848 801.3646825396827 
129667.64883518784 1740.2638888888828 
148839.5824987907 382.83888888888924 
129767.92868035578 1278.9571428571387 
135827.87200158788 675.8488095238108 
130480.46271848764 1146.1230158730127 
131342.1105100091 1145.8980158730128 
137436.92642685308 574.0694444444459 
144290.59981421338 472.8051587301594 

132977.35917870322 950.1337301587303 
148555.99460426514 377.1166666666672 
193562.06819757097 18.04047619047619 
133282.1629378392 874.3936507936509 
134395.5829747029 744.767063492064 
137377.98077936462 609.9519841269858 
132307.28206087425 997.1289682539682 
129667.64883518784 1740.2638888888828 
140721.93872491532 501.7079365079373 
131455.34359545266 1023.3876984126987 
130480.46271848764 1146.1230158730127 
128631.28289878626 1788.4519841269778 
127796.56797649956 1873.836111111105 
133942.53072956848 801.3646825396827 
129767.92868035578 1278.9571428571387 
127060.64756117348 1924.109126984119 
135827.87200158788 675.8488095238108 
139112.88429964997 603.4873015873029 

133952.2400556682 827.3984126984122 
131455.34359545266 1023.3876984126987 
127060.64756117348 1924.109126984119 
193562.06819757097 18.04047619047619 
132307.28206087425 997.1289682539682 
129667.64883518784 1740.2638888888828 
138987.03520462988 508.17261904761995 
148839.5824987907 382.83888888888924 
135827.87200158788 675.8488095238108 
128631.28289878626 1788.4519841269778 
127796.56797649956 1873.836111111105 
130480.46271848764 1146.1230158730127 
134395.5829747029 744.767063492064 
133282.1629378392 874.3936507936509 
137377.98077936462 609.9519841269858 
129767.92868035578 1278.9571428571387 
143849.02247034092 464.0111111111119 

135827.87200158788 675.8488095238108 
148555.99460426514 377.1166666666672 
132307.28206087425 997.1289682539682 
141725.45982441882 477.20357142857205 
185507.33342117886 6.261507936507936 
137436.92642685308 574.0694444444459 
134395.5829747029 744.767063492064 
131455.34359545266 1023.3876984126987 
133952.2400556682 827.3984126984122 
129667.64883518784 1740.2638888888828 
129767.92868035578 1278.9571428571387 
130480.46271848764 1146.1230158730127 
128656.82882398645 1778.3071428571368 
127060.64756117348 1924.109126984119 
127796.56797649956 1873.836111111105 
133282.1629378392 874.3936507936509 
175165.88080172634 238.15753968253946 
144007.01191968762 467.08293650793723 

148839.5824987907 382.83888888888924 
132307.28206087425 997.1289682539682 
138987.03520462988 508.17261904761995 
127060.64756117348 1924.109126984119 
127796.56797649956 1873.836111111105 
133282.1629378392 874.3936507936509 
130480.46271848764 1146.1230158730127 
133952.2400556682 827.3984126984122 
185507.47638126166 13.928968253968254 
129767.92868035578 1278.9571428571387 
134395.5829747029 744.767063492064 
129667.64883518784 1740.2638888888828 
135827.87200158788 675.8488095238108 
131455.34359545266 1023.3876984126987 
128631.28289878626 1788.4519841269778 
137436.92642685308 574.0694444444459 
143638.93180074528 436.24563492063544 

137377.98077936462 609.9519841269858 
129767.92868035578 1278.9571428571387 
134395.5829747029 744.767063492064 
128661.71819223762 1787.288095238089 
131455.34359545266 1023.3876984126987 
133282.1629378392 874.3936507936509 
127796.56797649956 1873.836111111105 
133803.9915696698 808.2559523809522 
132838.82001880457 957.0249999999997 
193562.06819757097 18.04047619047619 
140721.93872491532 501.7079365079373 
135827.87200158788 675.8488095238108 
130480.46271848764 1146.1230158730127 
127060.64756117348 1924.109126984119 
132307.28206087425 997.1289682539682 
129667.64883518784 1740.2638888888828 
148839.5824987907 382.83888888888924 
139811.47832986078 504.4884920634928 
173186.80467759163 142.4742063492062 

134395.5829747029 744.767063492064 
133282.1629378392 874.3936507936509 
138987.03520462988 508.17261904761995 
127060.64756117348 1924.109126984119 
130480.46271848764 1146.1230158730127 
148839.5824987907 382.83888888888924 
132307.28206087425 997.1289682539682 
129661.89270430419 1782.5698412698353 
137377.98077936462 609.9519841269858 
131455.34359545266 1023.3876984126987 
129682.93824651376 1714.3972222222153 
129767.92868035578 1278.9571428571387 
127796.56797649956 1873.836111111105 
133952.2400556682 827.3984126984122 
193562.06819757097 18.04047619047619 
135827.87200158788 675.8488095238108 
128631.28289878626 1788.4519841269778 
146296.368923807 405.34444444444483 

127796.56797649956 1873.836111111105 
148839.5824987907 382.83888888888924 
130480.46271848764 1146.1230158730127 
132307.28206087425 997.1289682539682 
140892.00138198366 483.1238095238103 
134395.5829747029 744.767063492064 
193562.06819757097 18.04047619047619 
135827.87200158788 675.8488095238108 
131455.34359545266 1023.3876984126987 
128653.69375531505 1762.9428571428516 
129310.22305327622 1740.5722222222157 
127060.64756117348 1924.109126984119 
129767.92868035578 1278.9571428571387 
137377.98077936462 609.9519841269858 
133282.1629378392 874.3936507936509 
179107.8455159049 71.80555555555559 
138987.03520462988 508.17261904761995 

