127060.64756117348 1924.109126984119 
184258.4371942252 15.66944444444444 
129767.92868035578 1278.9571428571387 
129667.64883518784 1740.2638888888828 
161077.42175890954 176.26865079365055 
173279.8776589325 128.10912698412687 
154231.11217069087 206.12936507936493 
133282.1629378392 874.3936507936509 
130480.46271848764 1146.1230158730127 
134395.5829747029 744.767063492064 
177808.98999728917 59.03968253968256 
184237.21628706748 20.427380952380954 
167112.09867760606 130.2845238095237 
177847.08745029874 58.739682539682555 
132307.28206087425 997.1289682539682 
131455.34359545266 1023.3876984126987 
128631.28289878626 1788.4519841269778 
166547.91399822448 139.30555555555546 
150589.95329272115 348.5865079365076 
127796.56797649956 1873.836111111105 
153749.62454429257 326.22579365079343 
135827.87200158788 675.8488095238108 
138987.03520462988 508.17261904761995 
136163.8463987348 640.6571428571443 
142823.57495602683 470.40833333333416 
143426.88641020967 418.7865079365084 
140979.53995674354 477.45317460317534 
137554.74617774494 577.0908730158744 
152887.63884359825 328.67976190476156 
137377.98077936462 609.9519841269858 
148839.5824987907 382.83888888888924 
145270.92140949282 411.74166666666713 
148252.1629888242 395.694047619048 
146651.0284269112 402.1654761904766 
146296.368923807 405.34444444444483 
146541.89694791342 402.74563492063544 

127060.64756117348 1924.109126984119 
184232.9171411736 17.71230158730158 
129767.92868035578 1278.9571428571387 
129667.64883518784 1740.2638888888828 
133282.1629378392 874.3936507936509 
130480.46271848764 1146.1230158730127 
172600.6444151482 98.43293650793649 
177190.2951838938 57.79285714285717 
170034.84758369884 118.45357142857138 
166204.9195828335 142.25198412698407 
164474.60478189198 160.08452380952366 
132316.99138697403 1023.1626984126987 
138815.26660684324 485.32341269841316 
128631.28289878626 1788.4519841269778 
127796.56797649956 1873.836111111105 
131455.34359545266 1023.3876984126987 
152021.7153215429 263.001587301587 
134395.5829747029 744.767063492064 
159031.74674196905 191.02222222222207 
160162.11767444134 161.4111111111109 
154546.96975106493 191.61349206349192 
177165.28624942957 59.521825396825434 
154231.11217069087 206.12936507936493 
137500.46270398673 572.8253968253986 
149013.34774067547 331.31230158730125 
143506.35407718443 408.95515873015904 
141434.38165809592 449.505952380953 
143202.12169867122 436.22103174603194 
145437.94634990479 393.6186507936513 
136004.6373999682 642.9876984127 
140711.5476061592 476.4087301587307 
149956.4356880688 291.3337301587299 
146662.45097642732 381.77222222222235 
148552.23329830816 378.3071428571434 
135825.4284397014 679.2960317460327 
148555.99460426514 377.1166666666672 
150909.1566348686 273.41944444444385 
146645.28506099875 383.5369047619049 
159582.6000273854 187.9142857142855 
145440.98406656118 393.1575396825402 
149969.36898275057 290.444841269841 
137375.53721747812 613.399206349208 
141090.12848266162 460.54642857142915 
160067.35573689075 174.09246031746014 
135827.87200158788 675.8488095238108 
137377.98077936462 609.9519841269858 
137436.92642685308 574.0694444444459 
143290.66432243303 420.66269841269883 
140830.72794319902 475.6857142857149 
154505.2308903753 199.85039682539664 

193562.06819757097 18.04047619047619 
127060.64756117348 1924.109126984119 
129767.92868035578 1278.9571428571387 
129667.64883518784 1740.2638888888828 
163393.1296380745 92.54365079365077 
184225.903714229 18.817857142857136 
133282.1629378392 874.3936507936509 
177819.51634326897 48.733333333333356 
176748.38689103862 84.2861111111111 
170405.40658627808 86.0404761904762 
132316.99138697403 1023.1626984126987 
128631.28289878626 1788.4519841269778 
158315.07834894638 170.35198412698378 
184224.59916048037 20.041269841269838 
127796.56797649956 1873.836111111105 
130480.46271848764 1146.1230158730127 
133952.2400556682 827.3984126984122 
154505.2308903753 199.85039682539664 
131342.1105100091 1145.8980158730128 
131455.34359545266 1023.3876984126987 
153731.85131469578 314.6781746031743 
135827.87200158788 675.8488095238108 
154231.11217069087 206.12936507936493 
134395.5829747029 744.767063492064 
136004.6373999682 642.9876984127 
141430.08042455712 447.2214285714291 
147580.23838692548 360.2000000000001 
143572.20993688866 416.41428571428605 
152030.17538187842 344.1511904761901 
137436.92642685308 574.0694444444459 
137373.6795458257 607.667460317462 
138982.73397109105 505.8880952380961 
177817.02215544117 55.24444444444447 
143161.021381926 440.441666666667 
145262.57588860107 408.1222222222225 
141084.37020220244 474.58849206349305 
149362.78647801306 356.09761904761905 
140709.1161737233 502.72976190476265 
150350.89819847443 345.1357142857143 
138983.19935754038 504.32539682539766 
152879.9591604193 337.1404761904759 
152890.97014378686 316.55277777777735 
146306.2433014475 393.2174603174608 
149366.15008015328 351.1496031746032 
145271.37499888247 400.68809523809557 
146302.8418536666 399.2948412698417 
137374.14493227514 606.1047619047633 
140719.70736628308 489.9559523809532 

127060.64756117348 1924.109126984119 
184237.59428780887 17.348412698412695 
129767.92868035578 1278.9571428571387 
129667.64883518784 1740.2638888888828 
172091.58788162871 76.21785714285711 
154231.11217069087 206.12936507936493 
177840.74870654257 56.76626984126985 
149887.87651435347 271.80753968253936 
133282.1629378392 874.3936507936509 
164500.02760638448 142.71507936507925 
130480.46271848764 1146.1230158730127 
184215.78378721394 21.127380952380946 
161500.91869936849 194.07460317460303 
132316.99138697403 1023.1626984126987 
128631.28289878626 1788.4519841269778 
127796.56797649956 1873.836111111105 
131455.34359545266 1023.3876984126987 
134395.5829747029 744.767063492064 
148725.2552385542 380.7396825396825 
164418.60580883126 174.79999999999987 
138987.03520462988 508.17261904761995 
140721.93872491532 501.7079365079373 
141434.38165809592 449.505952380953 
143536.01788920735 418.20634920634984 
146296.368923807 405.34444444444483 
161613.34681989963 192.42222222222205 
143065.55873439225 440.05476190476264 
137436.92642685308 574.0694444444459 
137377.98077936462 609.9519841269858 
135827.87200158788 675.8488095238108 
136004.6373999682 642.9876984127 
146651.0284269112 402.1654761904766 
148242.7890375034 382.4849206349209 
164482.01444956876 147.47301587301573 
143339.34783544985 424.4571428571434 
184229.2787414234 19.677380952380954 
184230.56579054135 18.453968253968252 

193562.06819757097 18.04047619047619 
127060.64756117348 1924.109126984119 
129767.92868035578 1278.9571428571387 
165405.29795178206 172.72142857142836 
129667.64883518784 1740.2638888888828 
154231.11217069087 206.12936507936493 
133282.1629378392 874.3936507936509 
184237.21628706748 20.427380952380954 
173253.5169658276 156.13968253968244 
177847.08745029874 58.739682539682555 
173543.97594894734 126.64325396825389 
128631.28289878626 1788.4519841269778 
152887.63884359825 328.67976190476156 
127796.56797649956 1873.836111111105 
130480.46271848764 1146.1230158730127 
134395.5829747029 744.767063492064 
150699.084771719 348.00634920634917 
131342.1105100091 1145.8980158730128 
131455.34359545266 1023.3876984126987 
132455.53054687261 1016.2714285714286 
141434.38165809592 449.505952380953 
138987.03520462988 508.17261904761995 
135827.87200158788 675.8488095238108 
140721.93872491532 501.7079365079373 
137335.25228116792 666.3686507936518 
148839.5824987907 382.83888888888924 
137554.74617774494 577.0908730158744 
146651.0284269112 402.1654761904766 
137377.98077936462 609.9519841269858 
143169.2851783815 443.0412698412703 
145270.92140949282 411.74166666666713 
132316.99138697403 1023.1626984126987 
146296.368923807 405.34444444444483 
144194.73269269557 436.6440476190481 
144549.39219579977 433.46507936507993 
173475.51337828237 131.48571428571418 

193562.06819757097 18.04047619047619 
127060.64756117348 1924.109126984119 
129767.92868035578 1278.9571428571387 
129667.64883518784 1740.2638888888828 
133282.1629378392 874.3936507936509 
130480.46271848764 1146.1230158730127 
184227.68263344662 19.644444444444442 
150866.68665569657 322.42976190476156 
154231.11217069087 206.12936507936493 
164605.7761490367 153.24206349206338 
171520.9514364616 147.85952380952378 
132316.99138697403 1023.1626984126987 
177837.2730494798 60.88571428571431 
128631.28289878626 1788.4519841269778 
140197.27746145258 561.2075396825412 
184227.402227546 22.740079365079367 
176910.8812652545 103.69722222222217 
127796.56797649956 1873.836111111105 
131455.34359545266 1023.3876984126987 
134395.5829747029 744.767063492064 
135827.87200158788 675.8488095238108 
154604.61569610614 194.30238095238076 
159052.91689259573 191.4055555555554 
164491.01043004342 160.08452380952366 
142456.2133137436 445.5742063492069 
161125.70168909608 176.99365079365054 
137377.98077936462 609.9519841269858 
137335.25228116792 666.3686507936518 
173537.9876535229 126.64325396825389 
148839.5824987907 382.83888888888924 
149949.02953964294 354.80753968254 
138885.36105894466 600.4718253968266 
141747.38623922938 495.3107142857151 
159061.89850999694 191.3765873015871 
173475.51337828237 131.48571428571418 
177817.63870433354 65.64087301587303 
150341.25596567526 340.16428571428565 
171601.18951641882 143.64761904761895 
142102.04574233366 492.1317460317469 
154598.68037656462 196.75912698412682 
154563.0238838696 200.1880952380951 
144118.71597108868 391.2531746031748 

193562.06819757097 18.04047619047619 
127060.64756117348 1924.109126984119 
129767.92868035578 1278.9571428571387 
129667.64883518784 1740.2638888888828 
158347.58390715776 180.35833333333295 
184237.21628706748 20.427380952380954 
130480.46271848764 1146.1230158730127 
154231.11217069087 206.12936507936493 
171604.21895180474 148.31666666666658 
172072.74633562117 82.17579365079362 
177905.2067223793 58.545634920634924 
152683.96121402568 303.91865079365033 
164601.54577523383 158.2710317460316 
132316.99138697403 1023.1626984126987 
164418.60580883126 174.79999999999987 
150082.20019929728 326.424206349206 
128631.28289878626 1788.4519841269778 
133282.1629378392 874.3936507936509 
127796.56797649956 1873.836111111105 
131455.34359545266 1023.3876984126987 
134395.5829747029 744.767063492064 
177165.28624942957 59.521825396825434 
138987.03520462988 508.17261904761995 
135827.87200158788 675.8488095238108 
137335.25228116792 666.3686507936518 
145440.98406656118 393.1575396825402 
148242.7890375034 382.4849206349209 
137436.92642685308 574.0694444444459 
143536.01788920735 418.20634920634984 
141434.38165809592 449.505952380953 
143169.2851783815 443.0412698412703 
140721.93872491532 501.7079365079373 
148555.99460426514 377.1166666666672 
137377.98077936462 609.9519841269858 
141088.67143574124 476.8730158730168 
140892.00138198366 483.1238095238103 
164474.60478189198 160.08452380952366 

127060.64756117348 1924.109126984119 
193562.06819757097 18.04047619047619 
129767.92868035578 1278.9571428571387 
154231.11217069087 206.12936507936493 
129667.64883518784 1740.2638888888828 
166791.58252952527 166.30476190476165 
170809.20198108192 60.77936507936509 
130480.46271848764 1146.1230158730127 
184230.56579054135 18.453968253968252 
177847.08745029874 58.739682539682555 
167112.09867760606 130.2845238095237 
132316.99138697403 1023.1626984126987 
184226.6315535499 33.661111111111126 
128631.28289878626 1788.4519841269778 
152887.63884359825 328.67976190476156 
133282.1629378392 874.3936507936509 
127796.56797649956 1873.836111111105 
131455.34359545266 1023.3876984126987 
134395.5829747029 744.767063492064 
135827.87200158788 675.8488095238108 
138987.03520462988 508.17261904761995 
150786.00261248703 359.979365079365 
148242.7890375034 382.4849206349209 
137436.92642685308 574.0694444444459 
141434.38165809592 449.505952380953 
137377.98077936462 609.9519841269858 
143169.2851783815 443.0412698412703 
143536.01788920735 418.20634920634984 
140721.93872491532 501.7079365079373 
136004.6373999682 642.9876984127 
145270.92140949282 411.74166666666713 
146651.0284269112 402.1654761904766 
141088.67143574124 476.8730158730168 
146296.368923807 405.34444444444483 
184229.01654019637 21.725793650793648 

127060.64756117348 1924.109126984119 
193562.06819757097 18.04047619047619 
129767.92868035578 1278.9571428571387 
129667.64883518784 1740.2638888888828 
173279.8776589325 128.10912698412687 
130480.46271848764 1146.1230158730127 
167112.09867760606 130.2845238095237 
184237.21628706748 20.427380952380954 
177847.08745029874 58.739682539682555 
135827.87200158788 675.8488095238108 
132316.99138697403 1023.1626984126987 
152887.63884359825 328.67976190476156 
128631.28289878626 1788.4519841269778 
184236.92702584385 23.52301587301588 
133282.1629378392 874.3936507936509 
127796.56797649956 1873.836111111105 
154231.11217069087 206.12936507936493 
131455.34359545266 1023.3876984126987 
150344.42526861484 351.18531746031755 
134395.5829747029 744.767063492064 
163346.07493073784 196.61269841269808 
154636.05017814366 202.70039682539667 
159532.57448982503 198.008333333333 
164474.60478189198 160.08452380952366 
138987.03520462988 508.17261904761995 
137377.98077936462 609.9519841269858 
141434.38165809592 449.505952380953 
137554.74617774494 577.0908730158744 
164429.20506069626 175.11984126984115 
140721.93872491532 501.7079365079373 
143169.2851783815 443.0412698412703 
148597.44854060758 379.3059523809526 
146296.368923807 405.34444444444483 
144549.39219579977 433.46507936507993 
148242.7890375034 382.4849206349209 
141088.67143574124 476.8730158730168 
147265.97426939878 393.1829365079367 
140892.00138198366 483.1238095238103 
144194.73269269557 436.6440476190481 
146651.0284269112 402.1654761904766 

127060.64756117348 1924.109126984119 
193562.06819757097 18.04047619047619 
129767.92868035578 1278.9571428571387 
129667.64883518784 1740.2638888888828 
133282.1629378392 874.3936507936509 
130480.46271848764 1146.1230158730127 
164122.42704250672 202.64999999999966 
154526.25340533882 203.76269841269826 
184237.21628706748 20.427380952380954 
177202.47899385728 31.703968253968263 
184204.9310185949 23.70634920634921 
132316.99138697403 1023.1626984126987 
173400.59445394023 92.55000000000003 
128631.28289878626 1788.4519841269778 
172433.57612733738 123.00634920634911 
167112.09867760606 130.2845238095237 
127796.56797649956 1873.836111111105 
131455.34359545266 1023.3876984126987 
154231.11217069087 206.12936507936493 
134395.5829747029 744.767063492064 
150344.42526861484 351.18531746031755 
177165.28624942957 59.521825396825434 
135827.87200158788 675.8488095238108 
152887.63884359825 328.67976190476156 
147210.87051040056 367.1559523809522 
143536.01788920735 418.20634920634984 
164574.1737740225 158.76111111111098 
138987.03520462988 508.17261904761995 
146296.368923807 405.34444444444483 
137335.25228116792 666.3686507936518 
151810.81866746864 328.88174603174554 
137436.92642685308 574.0694444444459 
141434.38165809592 449.505952380953 
143169.2851783815 443.0412698412703 
140721.93872491532 501.7079365079373 
140979.53995674354 477.45317460317534 
146486.79318891518 376.71865079365097 
137377.98077936462 609.9519841269858 
164418.60580883126 174.79999999999987 

127060.64756117348 1924.109126984119 
184258.4371942252 15.66944444444444 
129767.92868035578 1278.9571428571387 
129667.64883518784 1740.2638888888828 
170483.41745572785 101.67976190476189 
154231.11217069087 206.12936507936493 
130480.46271848764 1146.1230158730127 
177797.55488290673 68.82380952380954 
160303.9449977085 197.30476190476173 
177820.72169804937 53.712301587301596 
184229.00569022738 22.606349206349208 
132316.99138697403 1023.1626984126987 
135827.87200158788 675.8488095238108 
152887.63884359825 328.67976190476156 
128631.28289878626 1788.4519841269778 
127796.56797649956 1873.836111111105 
133282.1629378392 874.3936507936509 
131455.34359545266 1023.3876984126987 
134395.5829747029 744.767063492064 
161500.91869936849 194.07460317460303 
167112.09867760606 130.2845238095237 
141453.01168456548 464.489682539683 
138987.03520462988 508.17261904761995 
137320.40729607732 638.5690476190496 
164474.60478189198 160.08452380952366 
150550.17549756775 329.1583333333329 
143900.35813803147 405.823015873016 
140721.93872491532 501.7079365079373 
150299.4748505338 366.1948412698414 
146296.368923807 405.34444444444483 
137436.92642685308 574.0694444444459 
143536.01788920735 418.20634920634984 
166405.30913195532 147.46071428571415 
164515.45844240105 149.28253968253955 
148242.7890375034 382.4849206349209 
146502.11915276007 383.3174603174605 
137377.98077936462 609.9519841269858 
167080.374357779 132.86071428571418 
141088.67143574124 476.8730158730168 
146495.60898443795 396.8928571428572 
150344.42526861484 351.18531746031755 
150303.1113048255 356.2626984126985 
177798.55141251933 57.76626984126986 
184230.29606281317 21.382936507936506 

127060.64756117348 1924.109126984119 
184245.8502926129 15.28333333333333 
129767.92868035578 1278.9571428571387 
129667.64883518784 1740.2638888888828 
172621.283713805 103.4142857142857 
159031.37547142268 191.26944444444425 
130480.46271848764 1146.1230158730127 
184193.33401915315 26.94761904761905 
164491.01043004342 160.08452380952366 
177853.86205628293 56.410714285714306 
132316.99138697403 1023.1626984126987 
152887.63884359825 328.67976190476156 
167112.09867760606 130.2845238095237 
128631.28289878626 1788.4519841269778 
127796.56797649956 1873.836111111105 
154231.11217069087 206.12936507936493 
133282.1629378392 874.3936507936509 
131455.34359545266 1023.3876984126987 
134395.5829747029 744.767063492064 
177847.08745029874 58.739682539682555 
154612.3451011412 199.78809523809508 
137554.74617774494 577.0908730158744 
138987.03520462988 508.17261904761995 
136004.6373999682 642.9876984127 
143536.01788920735 418.20634920634984 
150344.42526861484 351.18531746031755 
164596.40016789737 146.59087301587292 
141434.38165809592 449.505952380953 
140721.93872491532 501.7079365079373 
148597.44854060758 379.3059523809526 
146296.368923807 405.34444444444483 
146651.0284269112 402.1654761904766 
143169.2851783815 443.0412698412703 
135827.87200158788 675.8488095238108 
137377.98077936462 609.9519841269858 
148242.7890375034 382.4849206349209 
164561.34127278614 157.1833333333332 
184224.59916048037 20.041269841269838 
184222.40575798787 25.556349206349218 
184237.54103077302 17.61230158730158 

127060.64756117348 1924.109126984119 
184245.8502926129 15.28333333333333 
170850.77827669404 62.694841269841284 
129767.92868035578 1278.9571428571387 
129667.64883518784 1740.2638888888828 
184237.21628706748 20.427380952380954 
163417.42784336026 96.89603174603174 
154231.11217069087 206.12936507936493 
161634.6409136318 204.66190476190442 
130480.46271848764 1146.1230158730127 
132316.99138697403 1023.1626984126987 
128631.28289878626 1788.4519841269778 
152887.63884359825 328.67976190476156 
150699.084771719 348.00634920634917 
127796.56797649956 1873.836111111105 
133282.1629378392 874.3936507936509 
131455.34359545266 1023.3876984126987 
134395.5829747029 744.767063492064 
138987.03520462988 508.17261904761995 
135827.87200158788 675.8488095238108 
137335.25228116792 666.3686507936518 
148839.5824987907 382.83888888888924 
137436.92642685308 574.0694444444459 
141088.67143574124 476.8730158730168 
143536.01788920735 418.20634920634984 
140721.93872491532 501.7079365079373 
142823.57495602683 470.40833333333416 
146651.0284269112 402.1654761904766 
145270.92140949282 411.74166666666713 
137377.98077936462 609.9519841269858 
142993.63761309517 451.8242063492072 
146296.368923807 405.34444444444483 
143169.2851783815 443.0412698412703 

127060.64756117348 1924.109126984119 
193562.06819757097 18.04047619047619 
129767.92868035578 1278.9571428571387 
129667.64883518784 1740.2638888888828 
184237.21628706748 20.427380952380954 
130480.46271848764 1146.1230158730127 
166542.6752912322 135.55198412698402 
164491.01043004342 160.08452380952366 
179216.46896023938 130.58809523809515 
179690.63929046897 88.50992063492062 
173303.950214669 131.48809523809516 
132316.99138697403 1023.1626984126987 
159015.79685944374 189.5611111111109 
128631.28289878626 1788.4519841269778 
133282.1629378392 874.3936507936509 
127796.56797649956 1873.836111111105 
131455.34359545266 1023.3876984126987 
134395.5829747029 744.767063492064 
173475.51337828237 131.48571428571418 
153962.7098118089 294.84722222222194 
148242.7890375034 382.4849206349209 
154559.93981819652 192.48690476190453 
158634.1914453852 192.4626984126982 
141372.68887920215 423.4313492063494 
154231.11217069087 206.12936507936493 
135827.87200158788 675.8488095238108 
137335.25228116792 666.3686507936518 
151626.1384708895 347.3940476190478 
144323.916105359 407.3948412698411 
141088.67143574124 476.8730158730168 
152887.63884359825 328.67976190476156 
146296.368923807 405.34444444444483 
150344.42526861484 351.18531746031755 
143426.88641020967 418.7865079365084 
137436.92642685308 574.0694444444459 
138985.9521981461 510.5765873015882 
140716.10468082462 507.69523809523884 
179601.0637331069 96.10753968253965 
137373.3474007305 613.6892857142875 
138987.03520462988 508.17261904761995 
146651.0284269112 402.1654761904766 
137433.15104176904 578.9400793650807 
137377.98077936462 609.9519841269858 
140973.70591265286 483.44047619047694 
143536.01788920735 418.20634920634984 
140721.93872491532 501.7079365079373 
146541.89694791342 402.74563492063544 

127060.64756117348 1924.109126984119 
193562.06819757097 18.04047619047619 
129767.92868035578 1278.9571428571387 
129667.64883518784 1740.2638888888828 
154231.11217069087 206.12936507936493 
163140.63598762438 137.90753968253952 
184230.56579054135 18.453968253968252 
130480.46271848764 1146.1230158730127 
148470.6696607483 255.11984126984092 
170805.26039739006 59.2027777777778 
177840.74870654257 56.76626984126985 
167657.76024433298 133.58492063492054 
132316.99138697403 1023.1626984126987 
148242.7890375034 382.4849206349209 
128631.28289878626 1788.4519841269778 
133282.1629378392 874.3936507936509 
127796.56797649956 1873.836111111105 
131455.34359545266 1023.3876984126987 
134395.5829747029 744.767063492064 
141434.38165809592 449.505952380953 
170080.8824362836 110.67817460317458 
138987.03520462988 508.17261904761995 
143426.88641020967 418.7865079365084 
135827.87200158788 675.8488095238108 
137335.25228116792 666.3686507936518 
146296.368923807 405.34444444444483 
137436.92642685308 574.0694444444459 
140721.93872491532 501.7079365079373 
170791.00660436015 99.23095238095239 
137377.98077936462 609.9519841269858 
146651.0284269112 402.1654761904766 
141088.67143574124 476.8730158730168 
140979.53995674354 477.45317460317534 
146541.89694791342 402.74563492063544 

184258.4371942252 15.66944444444444 
127060.64756117348 1924.109126984119 
129767.92868035578 1278.9571428571387 
129667.64883518784 1740.2638888888828 
170127.40078021275 61.56150793650798 
154231.11217069087 206.12936507936493 
130480.46271848764 1146.1230158730127 
167112.09867760606 130.2845238095237 
177181.19111002178 54.76388888888892 
160398.0903010678 201.8063492063491 
177165.28624942957 59.521825396825434 
184237.21628706748 20.427380952380954 
132316.99138697403 1023.1626984126987 
128631.28289878626 1788.4519841269778 
152887.63884359825 328.67976190476156 
127796.56797649956 1873.836111111105 
133282.1629378392 874.3936507936509 
131455.34359545266 1023.3876984126987 
164491.01043004342 160.08452380952366 
134395.5829747029 744.767063492064 
138987.03520462988 508.17261904761995 
136004.6373999682 642.9876984127 
164552.39956035398 157.47777777777767 
141434.38165809592 449.505952380953 
150344.42526861484 351.18531746031755 
137436.92642685308 574.0694444444459 
143169.2851783815 443.0412698412703 
143536.01788920735 418.20634920634984 
140721.93872491532 501.7079365079373 
137377.98077936462 609.9519841269858 
135827.87200158788 675.8488095238108 
150699.084771719 348.00634920634917 
148555.99460426514 377.1166666666672 
145270.92140949282 411.74166666666713 
146296.368923807 405.34444444444483 
147265.97426939878 393.1829365079367 
141088.67143574124 476.8730158730168 
148242.7890375034 382.4849206349209 
146651.0284269112 402.1654761904766 

127060.64756117348 1924.109126984119 
184258.4371942252 15.66944444444444 
129767.92868035578 1278.9571428571387 
129667.64883518784 1740.2638888888828 
177847.21478094702 61.835317460317476 
161038.219328007 171.42142857142827 
133282.1629378392 874.3936507936509 
130480.46271848764 1146.1230158730127 
167147.95059262376 141.5964285714284 
154584.25269343756 200.58253968253956 
173306.28603591557 139.47738095238077 
184236.92702584385 23.52301587301588 
132316.99138697403 1023.1626984126987 
152887.63884359825 328.67976190476156 
128631.28289878626 1788.4519841269778 
150344.42526861484 351.18531746031755 
127796.56797649956 1873.836111111105 
154231.11217069087 206.12936507936493 
131455.34359545266 1023.3876984126987 
134395.5829747029 744.767063492064 
135827.87200158788 675.8488095238108 
173475.51337828237 131.48571428571418 
138987.03520462988 508.17261904761995 
136004.6373999682 642.9876984127 
164491.01043004342 160.08452380952366 
137377.98077936462 609.9519841269858 
164583.89981195822 145.3908730158729 
137436.92642685308 574.0694444444459 
141434.38165809592 449.505952380953 
148839.5824987907 382.83888888888924 
143169.2851783815 443.0412698412703 
140721.93872491532 501.7079365079373 
144150.96373169497 409.22380952380973 
146296.368923807 405.34444444444483 
147265.97426939878 393.1829365079367 
143536.01788920735 418.20634920634984 
141088.67143574124 476.8730158730168 
146651.0284269112 402.1654761904766 
164563.26011539897 158.0845238095237 
184237.21628706748 20.427380952380954 

127060.64756117348 1924.109126984119 
193562.06819757097 18.04047619047619 
129767.92868035578 1278.9571428571387 
129667.64883518784 1740.2638888888828 
154231.11217069087 206.12936507936493 
165296.1733168871 147.44841269841257 
177847.08745029874 58.739682539682555 
130480.46271848764 1146.1230158730127 
184237.21628706748 20.427380952380954 
170182.64061813365 138.23571428571412 
182567.7799854122 53.863888888888916 
132316.99138697403 1023.1626984126987 
174149.98414682265 128.24484126984117 
128631.28289878626 1788.4519841269778 
152887.63884359825 328.67976190476156 
133282.1629378392 874.3936507936509 
127796.56797649956 1873.836111111105 
131455.34359545266 1023.3876984126987 
134395.5829747029 744.767063492064 
137436.92642685308 574.0694444444459 
138987.03520462988 508.17261904761995 
135827.87200158788 675.8488095238108 
173475.51337828237 131.48571428571418 
143536.01788920735 418.20634920634984 
137335.25228116792 666.3686507936518 
146296.368923807 405.34444444444483 
148555.99460426514 377.1166666666672 
141434.38165809592 449.505952380953 
143169.2851783815 443.0412698412703 
140721.93872491532 501.7079365079373 
150699.084771719 348.00634920634917 
137377.98077936462 609.9519841269858 
146651.0284269112 402.1654761904766 
150344.42526861484 351.18531746031755 
184236.92702584385 23.52301587301588 
141088.67143574124 476.8730158730168 
173552.7407159791 128.64325396825387 

127060.64756117348 1924.109126984119 
193562.06819757097 18.04047619047619 
129767.92868035578 1278.9571428571387 
164474.60478189198 160.08452380952366 
129667.64883518784 1740.2638888888828 
154231.11217069087 206.12936507936493 
170455.31331257723 94.85634920634918 
184237.21628706748 20.427380952380954 
130480.46271848764 1146.1230158730127 
177847.08745029874 58.739682539682555 
132316.99138697403 1023.1626984126987 
152887.63884359825 328.67976190476156 
128631.28289878626 1788.4519841269778 
133282.1629378392 874.3936507936509 
127796.56797649956 1873.836111111105 
131455.34359545266 1023.3876984126987 
134395.5829747029 744.767063492064 
147584.07423401505 364.0472222222224 
146296.368923807 405.34444444444483 
138987.03520462988 508.17261904761995 
135827.87200158788 675.8488095238108 
143536.01788920735 418.20634920634984 
150344.42526861484 351.18531746031755 
137335.25228116792 666.3686507936518 
141434.38165809592 449.505952380953 
137436.92642685308 574.0694444444459 
140721.93872491532 501.7079365079373 
137377.98077936462 609.9519841269858 
141088.67143574124 476.8730158730168 
140892.00138198366 483.1238095238103 

127060.64756117348 1924.109126984119 
184232.9171411736 17.71230158730158 
129767.92868035578 1278.9571428571387 
129667.64883518784 1740.2638888888828 
154231.11217069087 206.12936507936493 
133282.1629378392 874.3936507936509 
172097.7569572508 87.89484126984124 
178175.81849487167 41.85753968253971 
170486.53791123192 103.95039682539675 
161128.9597207117 196.56111111111076 
165078.80686825645 115.14960317460314 
161154.678495343 192.15912698412674 
132307.28206087425 997.1289682539682 
128631.28289878626 1788.4519841269778 
177899.0514246663 66.40873015873017 
165087.542451982 107.86428571428571 
127796.56797649956 1873.836111111105 
130480.46271848764 1146.1230158730127 
131455.34359545266 1023.3876984126987 
134395.5829747029 744.767063492064 
131342.1105100091 1145.8980158730128 
152887.63884359825 328.67976190476156 
138987.03520462988 508.17261904761995 
141434.38165809592 449.505952380953 
136004.6373999682 642.9876984127 
137436.92642685308 574.0694444444459 
137377.98077936462 609.9519841269858 
135827.87200158788 675.8488095238108 
141191.58534727918 494.9123015873024 
145270.92140949282 411.74166666666713 
143169.2851783815 443.0412698412703 
140721.93872491532 501.7079365079373 
151068.43401367142 359.3603174603173 
147572.1714628858 397.54126984127015 
146296.368923807 405.34444444444483 
143638.93180074528 436.24563492063544 
149062.31414430842 376.423412698413 
152036.87820421046 337.2567460317459 
146651.0284269112 402.1654761904766 
144549.39219579977 433.46507936507993 
145003.2835889564 432.7666666666671 
149935.2419730991 368.55634920634924 
147929.12210373618 385.6194444444448 
177905.84471183756 64.07976190476191 
148555.99460426514 377.1166666666672 
148242.7890375034 382.4849206349209 

127060.64756117348 1924.109126984119 
184232.9171411736 17.71230158730158 
129767.92868035578 1278.9571428571387 
129667.64883518784 1740.2638888888828 
171158.885729037 42.83492063492066 
178188.8105312701 42.24365079365082 
160072.530349216 167.1123015873014 
130480.46271848764 1146.1230158730127 
147257.6013972186 360.1611111111114 
152041.59446023052 265.9365079365075 
166133.01207152012 115.57857142857142 
132316.99138697403 1023.1626984126987 
154563.95624079576 190.0579365079363 
164474.60478189198 160.08452380952366 
128631.28289878626 1788.4519841269778 
127796.56797649956 1873.836111111105 
133282.1629378392 874.3936507936509 
131455.34359545266 1023.3876984126987 
134395.5829747029 744.767063492064 
154231.11217069087 206.12936507936493 
152052.28700721206 265.59642857142813 
138987.03520462988 508.17261904761995 
135827.87200158788 675.8488095238108 
146296.368923807 405.34444444444483 
137335.25228116792 666.3686507936518 
137436.92642685308 574.0694444444459 
141434.38165809592 449.505952380953 
143169.2851783815 443.0412698412703 
140721.93872491532 501.7079365079373 
144150.96373169497 409.22380952380973 
146618.77369564833 369.4003968253971 
137377.98077936462 609.9519841269858 
166082.55700098397 122.94880952380952 
165297.12088546006 144.35277777777765 
143536.01788920735 418.20634920634984 
141088.67143574124 476.8730158730168 
147210.87051040056 367.1559523809522 

127060.64756117348 1924.109126984119 
193562.06819757097 18.04047619047619 
129767.92868035578 1278.9571428571387 
129667.64883518784 1740.2638888888828 
133282.1629378392 874.3936507936509 
154231.11217069087 206.12936507936493 
130480.46271848764 1146.1230158730127 
184230.56579054135 18.453968253968252 
177692.3933324908 69.5186507936508 
165185.947398039 117.76746031746025 
170421.7372977415 87.64999999999999 
148585.8775745599 318.3519841269838 
177821.66898290557 49.559920634920644 
132316.99138697403 1023.1626984126987 
160405.22460957585 205.26547619047594 
128631.28289878626 1788.4519841269778 
127796.56797649956 1873.836111111105 
131455.34359545266 1023.3876984126987 
134395.5829747029 744.767063492064 
135827.87200158788 675.8488095238108 
162953.47217494654 194.87619047619023 
152714.23333104633 300.14325396825353 
152731.9256315873 298.0142857142853 
144114.4332810169 400.693650793651 
138987.03520462988 508.17261904761995 
146502.11915276007 383.3174603174605 
141354.08224641724 413.5555555555557 
140600.5999572957 470.8869047619052 
147151.37914220765 358.7507936507934 
137436.92642685308 574.0694444444459 
164474.60478189198 160.08452380952366 
164418.60580883126 174.79999999999987 
137377.98077936462 609.9519841269858 
136004.6373999682 642.9876984127 
143047.94641076174 412.2202380952382 
147078.03473441585 374.3587301587299 

193562.06819757097 18.04047619047619 
127060.64756117348 1924.109126984119 
129767.92868035578 1278.9571428571387 
129667.64883518784 1740.2638888888828 
177175.3482525032 38.09246031746033 
171330.74695536308 121.52301587301582 
164491.01043004342 160.08452380952366 
154533.5162516985 199.3214285714284 
130480.46271848764 1146.1230158730127 
184237.21628706748 20.427380952380954 
132316.99138697403 1023.1626984126987 
152887.63884359825 328.67976190476156 
128631.28289878626 1788.4519841269778 
150344.42526861484 351.18531746031755 
133282.1629378392 874.3936507936509 
127796.56797649956 1873.836111111105 
154231.11217069087 206.12936507936493 
131455.34359545266 1023.3876984126987 
134395.5829747029 744.767063492064 
148242.7890375034 382.4849206349209 
167112.09867760606 130.2845238095237 
138987.03520462988 508.17261904761995 
164801.32600384924 152.96071428571412 
167101.73157612243 145.01706349206341 
137436.92642685308 574.0694444444459 
141434.38165809592 449.505952380953 
137377.98077936462 609.9519841269858 
143169.2851783815 443.0412698412703 
143536.01788920735 418.20634920634984 
140721.93872491532 501.7079365079373 
135827.87200158788 675.8488095238108 
141088.67143574124 476.8730158730168 
136004.6373999682 642.9876984127 
145270.92140949282 411.74166666666713 
146651.0284269112 402.1654761904766 
146296.368923807 405.34444444444483 

127060.64756117348 1924.109126984119 
184258.4371942252 15.66944444444444 
129767.92868035578 1278.9571428571387 
154231.11217069087 206.12936507936493 
129667.64883518784 1740.2638888888828 
170451.59952607215 96.04682539682537 
164474.60478189198 160.08452380952366 
133282.1629378392 874.3936507936509 
130480.46271848764 1146.1230158730127 
177119.3922140114 61.023015873015915 
177836.13043574436 57.130158730158755 
164598.57706609127 146.84761904761896 
184224.59916048037 20.041269841269838 
132316.99138697403 1023.1626984126987 
128631.28289878626 1788.4519841269778 
150786.00261248703 359.979365079365 
127796.56797649956 1873.836111111105 
131455.34359545266 1023.3876984126987 
134395.5829747029 744.767063492064 
153033.79410090816 328.49285714285713 
138987.03520462988 508.17261904761995 
135827.87200158788 675.8488095238108 
141434.38165809592 449.505952380953 
137436.92642685308 574.0694444444459 
137377.98077936462 609.9519841269858 
148555.99460426514 377.1166666666672 
140721.93872491532 501.7079365079373 
152887.63884359825 328.67976190476156 
143169.2851783815 443.0412698412703 
148242.7890375034 382.4849206349209 
146651.0284269112 402.1654761904766 
141083.8185906125 477.9535714285724 
145266.58443614887 412.8222222222227 
146296.368923807 405.34444444444483 
144194.73269269557 436.6440476190481 
140892.00138198366 483.1238095238103 
145270.92140949282 411.74166666666713 
144549.39219579977 433.46507936507993 
144545.05522245585 434.54563492063545 

193562.06819757097 18.04047619047619 
127060.64756117348 1924.109126984119 
166468.28315505394 165.0261904761903 
129767.92868035578 1278.9571428571387 
154231.11217069087 206.12936507936493 
129667.64883518784 1740.2638888888828 
133282.1629378392 874.3936507936509 
184237.21628706748 20.427380952380954 
170809.20198108192 60.77936507936509 
177165.28624942957 59.521825396825434 
132307.28206087425 997.1289682539682 
152887.63884359825 328.67976190476156 
128631.28289878626 1788.4519841269778 
150344.42526861484 351.18531746031755 
177847.08745029874 58.739682539682555 
127796.56797649956 1873.836111111105 
130480.46271848764 1146.1230158730127 
131455.34359545266 1023.3876984126987 
134395.5829747029 744.767063492064 
131342.1105100091 1145.8980158730128 
138987.03520462988 508.17261904761995 
135827.87200158788 675.8488095238108 
137335.25228116792 666.3686507936518 
148242.7890375034 382.4849206349209 
137436.92642685308 574.0694444444459 
141434.38165809592 449.505952380953 
143169.2851783815 443.0412698412703 
140721.93872491532 501.7079365079373 
146296.368923807 405.34444444444483 
137377.98077936462 609.9519841269858 
145270.92140949282 411.74166666666713 
143536.01788920735 418.20634920634984 
140979.53995674354 477.45317460317534 
141088.67143574124 476.8730158730168 
143426.88641020967 418.7865079365084 

193562.06819757097 18.04047619047619 
127060.64756117348 1924.109126984119 
129767.92868035578 1278.9571428571387 
129667.64883518784 1740.2638888888828 
154231.11217069087 206.12936507936493 
164491.01043004342 160.08452380952366 
184237.21628706748 20.427380952380954 
130480.46271848764 1146.1230158730127 
170179.9578883745 135.14007936507923 
161634.6409136318 204.66190476190442 
177847.08745029874 58.739682539682555 
152887.63884359825 328.67976190476156 
170850.77827669404 62.694841269841284 
128631.28289878626 1788.4519841269778 
127796.56797649956 1873.836111111105 
132455.53054687261 1016.2714285714286 
131455.34359545266 1023.3876984126987 
133282.1629378392 874.3936507936509 
134395.5829747029 744.767063492064 
135827.87200158788 675.8488095238108 
138987.03520462988 508.17261904761995 
149356.27570251262 363.2765873015875 
170741.3219606098 67.10396825396825 
146296.368923807 405.34444444444483 
137436.92642685308 574.0694444444459 
143536.01788920735 418.20634920634984 
141434.38165809592 449.505952380953 
137377.98077936462 609.9519841269858 
143169.2851783815 443.0412698412703 
140721.93872491532 501.7079365079373 
136004.6373999682 642.9876984127 
148555.99460426514 377.1166666666672 
146651.0284269112 402.1654761904766 
132316.99138697403 1023.1626984126987 
141088.67143574124 476.8730158730168 
140979.53995674354 477.45317460317534 
143426.88641020967 418.7865079365084 

127060.64756117348 1924.109126984119 
184232.9171411736 17.71230158730158 
129767.92868035578 1278.9571428571387 
129667.64883518784 1740.2638888888828 
178175.81849487167 41.85753968253971 
133282.1629378392 874.3936507936509 
166542.6752912322 135.55198412698402 
173475.51337828237 131.48571428571418 
160162.52819373916 159.7420634920633 
164587.251001885 146.59087301587292 
159043.80845019082 187.50436507936487 
132316.99138697403 1023.1626984126987 
128631.28289878626 1788.4519841269778 
152887.63884359825 328.67976190476156 
145440.98406656118 393.1575396825402 
127796.56797649956 1873.836111111105 
130480.46271848764 1146.1230158730127 
154231.11217069087 206.12936507936493 
134395.5829747029 744.767063492064 
154563.95624079576 190.0579365079363 
135827.87200158788 675.8488095238108 
173543.97594894734 126.64325396825389 
131342.1105100091 1145.8980158730128 
131455.34359545266 1023.3876984126987 
138987.03520462988 508.17261904761995 
148242.7890375034 382.4849206349209 
136163.8463987348 640.6571428571443 
150502.41471796154 354.2571428571428 
137377.98077936462 609.9519841269858 
143536.01788920735 418.20634920634984 
141434.38165809592 449.505952380953 
143169.2851783815 443.0412698412703 
140721.93872491532 501.7079365079373 
137554.74617774494 577.0908730158744 
150699.084771719 348.00634920634917 
166400.8201265117 145.32380952380947 
141088.67143574124 476.8730158730168 
140979.53995674354 477.45317460317534 
154505.2308903753 199.85039682539664 
173516.31287010125 130.48452380952375 

127060.64756117348 1924.109126984119 
193562.06819757097 18.04047619047619 
129767.92868035578 1278.9571428571387 
129667.64883518784 1740.2638888888828 
177105.32594487973 34.649603174603186 
163067.28819331803 119.16706349206348 
157468.61844168184 157.4214285714284 
133282.1629378392 874.3936507936509 
184237.21628706748 20.427380952380954 
170800.21360738354 76.74920634920633 
170103.42900330518 113.0876984126984 
135827.87200158788 675.8488095238108 
152887.63884359825 328.67976190476156 
132307.28206087425 997.1289682539682 
128631.28289878626 1788.4519841269778 
127796.56797649956 1873.836111111105 
154231.11217069087 206.12936507936493 
130480.46271848764 1146.1230158730127 
131455.34359545266 1023.3876984126987 
134395.5829747029 744.767063492064 
131342.1105100091 1145.8980158730128 
137436.92642685308 574.0694444444459 
154617.50897347994 199.78809523809508 
149520.03333040272 339.42896825396826 
138987.03520462988 508.17261904761995 
137377.98077936462 609.9519841269858 
141434.38165809592 449.505952380953 
147584.07423401505 364.0472222222224 
143169.2851783815 443.0412698412703 
143536.01788920735 418.20634920634984 
140721.93872491532 501.7079365079373 
141088.67143574124 476.8730158730168 
145270.92140949282 411.74166666666713 
149318.9777543007 357.58253968253973 
147217.34152318924 388.88214285714304 
146296.368923807 405.34444444444483 
149507.67754105726 355.218650793651 
146651.0284269112 402.1654761904766 

127060.64756117348 1924.109126984119 
193562.06819757097 18.04047619047619 
129767.92868035578 1278.9571428571387 
129667.64883518784 1740.2638888888828 
173303.68261522756 123.14206349206346 
154231.11217069087 206.12936507936493 
133282.1629378392 874.3936507936509 
184237.21628706748 20.427380952380954 
130480.46271848764 1146.1230158730127 
161634.6409136318 204.66190476190442 
134395.5829747029 744.767063492064 
152887.63884359825 328.67976190476156 
167112.09867760606 130.2845238095237 
177847.08745029874 58.739682539682555 
135827.87200158788 675.8488095238108 
132316.99138697403 1023.1626984126987 
128631.28289878626 1788.4519841269778 
138987.03520462988 508.17261904761995 
150786.00261248703 359.979365079365 
127796.56797649956 1873.836111111105 
131455.34359545266 1023.3876984126987 
137377.98077936462 609.9519841269858 
148242.7890375034 382.4849206349209 
138885.36105894466 600.4718253968266 
144549.39219579977 433.46507936507993 
147554.9192222287 428.46746031746085 
141747.38623922938 495.3107142857151 
144007.01191968762 467.08293650793723 
142102.04574233366 492.1317460317469 
148035.67522156888 424.4424603174606 
144203.68197344508 460.8321428571437 

127060.64756117348 1924.109126984119 
193764.55662796574 5.8579365079365076 
129767.92868035578 1278.9571428571387 
129667.64883518784 1740.2638888888828 
184224.59916048037 20.041269841269838 
170882.35985336138 76.27023809523808 
159020.62126129193 195.1944444444443 
133282.1629378392 874.3936507936509 
154231.11217069087 206.12936507936493 
130480.46271848764 1146.1230158730127 
193562.06819757097 18.04047619047619 
152887.63884359825 328.67976190476156 
177904.212002143 57.86904761904763 
177847.08745029874 58.739682539682555 
132316.99138697403 1023.1626984126987 
164491.01043004342 160.08452380952366 
128631.28289878626 1788.4519841269778 
164605.7761490367 153.24206349206338 
127796.56797649956 1873.836111111105 
131455.34359545266 1023.3876984126987 
134395.5829747029 744.767063492064 
148839.5824987907 382.83888888888924 
138987.03520462988 508.17261904761995 
135827.87200158788 675.8488095238108 
137335.25228116792 666.3686507936518 
137436.92642685308 574.0694444444459 
141434.38165809592 449.505952380953 
143169.2851783815 443.0412698412703 
143536.01788920735 418.20634920634984 
140721.93872491532 501.7079365079373 
146651.0284269112 402.1654761904766 
137377.98077936462 609.9519841269858 
145270.92140949282 411.74166666666713 
141088.67143574124 476.8730158730168 
146296.368923807 405.34444444444483 
140892.00138198366 483.1238095238103 
164521.18584803955 154.11547619047607 

