129667.64883518784 1740.2638888888828 
128631.28289878626 1788.4519841269778 
127796.56797649956 1873.836111111105 
127060.64756117348 1924.109126984119 
193361.99477861976 36.540476190476184 
185046.99646332918 45.10476190476189 
154231.11217069087 206.12936507936493 
193491.26102252686 24.498412698412697 
193530.97988354316 21.069444444444443 
143356.04795673257 561.8575396825414 
140986.99729005608 569.1722222222239 
138885.36105894466 600.4718253968266 
137377.98077936462 609.9519841269858 
134395.5829747029 744.767063492064 
133282.1629378392 874.3936507936509 
132316.99138697403 1023.1626984126987 
131455.34359545266 1023.3876984126987 
130480.46271848764 1146.1230158730127 
129767.92868035578 1278.9571428571387 
176128.7877237399 197.29801587301557 
148839.5824987907 382.83888888888924 
145787.33884357393 522.1670634920649 

129667.64883518784 1740.2638888888828 
128660.1446248512 1769.2972222222145 
127796.56797649956 1873.836111111105 
127060.64756117348 1924.109126984119 
185173.90741966234 41.344047619047615 
185384.48389919678 35.04841269841269 
154231.11217069087 206.12936507936493 
143356.04795673257 561.8575396825414 
140986.99729005608 569.1722222222239 
138885.36105894466 600.4718253968266 
137377.98077936462 609.9519841269858 
134395.5829747029 744.767063492064 
133282.1629378392 874.3936507936509 
132316.99138697403 1023.1626984126987 
131455.34359545266 1023.3876984126987 
130480.46271848764 1146.1230158730127 
129767.92868035578 1278.9571428571387 
176128.7877237399 197.29801587301557 
148839.5824987907 382.83888888888924 
145803.39441019864 503.19087301587416 

129667.64883518784 1740.2638888888828 
128658.15709928308 1778.5317460317408 
127796.56797649956 1873.836111111105 
127060.64756117348 1924.109126984119 
185173.90741966234 41.344047619047615 
154530.3436578257 200.73373015873 
154231.11217069087 206.12936507936493 
193491.26102252686 24.498412698412697 
193530.97988354316 21.069444444444443 
143356.04795673257 561.8575396825414 
140986.99729005608 569.1722222222239 
138885.36105894466 600.4718253968266 
137377.98077936462 609.9519841269858 
134395.5829747029 744.767063492064 
132316.99138697403 1023.1626984126987 
131455.34359545266 1023.3876984126987 
130480.46271848764 1146.1230158730127 
129767.92868035578 1278.9571428571387 
176128.7877237399 197.29801587301557 
148839.5824987907 382.83888888888924 
145803.39441019864 503.19087301587416 

129667.64883518784 1740.2638888888828 
128656.81360190139 1776.8527777777722 
127796.56797649956 1873.836111111105 
127060.64756117348 1924.109126984119 
193361.99477861976 36.540476190476184 
185046.99646332918 45.10476190476189 
154231.11217069087 206.12936507936493 
138885.36105894466 600.4718253968266 
137377.98077936462 609.9519841269858 
135827.87200158788 675.8488095238108 
134395.5829747029 744.767063492064 
133282.1629378392 874.3936507936509 
132316.99138697403 1023.1626984126987 
131455.34359545266 1023.3876984126987 
130480.46271848764 1146.1230158730127 
129767.92868035578 1278.9571428571387 
176128.7877237399 197.29801587301557 
152887.63884359825 328.67976190476156 
145803.39441019864 503.19087301587416 

185046.99646332918 45.10476190476189 
162186.6098883313 197.54523809523792 
154231.11217069087 206.12936507936493 
138885.36105894466 600.4718253968266 
137377.98077936462 609.9519841269858 
134395.5829747029 744.767063492064 
133282.1629378392 874.3936507936509 
132316.99138697403 1023.1626984126987 
131455.34359545266 1023.3876984126987 
130480.46271848764 1146.1230158730127 
129767.92868035578 1278.9571428571387 
145803.39441019864 503.19087301587416 
129667.64883518784 1740.2638888888828 
128631.28289878626 1788.4519841269778 
127796.56797649956 1873.836111111105 
127060.64756117348 1924.109126984119 
185173.90741966234 41.344047619047615 

137377.98077936462 609.9519841269858 
135827.87200158788 675.8488095238108 
134395.5829747029 744.767063492064 
133282.1629378392 874.3936507936509 
132316.99138697403 1023.1626984126987 
131455.34359545266 1023.3876984126987 
130480.46271848764 1146.1230158730127 
129767.92868035578 1278.9571428571387 
148839.5824987907 382.83888888888924 
145803.39441019864 503.19087301587416 
129667.64883518784 1740.2638888888828 
128631.28289878626 1788.4519841269778 
127796.56797649956 1873.836111111105 
127060.64756117348 1924.109126984119 
185046.99646332918 45.10476190476189 
154231.11217069087 206.12936507936493 
185219.13413833853 29.847619047619048 
143434.34374352221 510.5055555555568 

176128.7877237399 197.29801587301557 
152887.63884359825 328.67976190476156 
145803.39441019864 503.19087301587416 
129667.64883518784 1740.2638888888828 
128631.28289878626 1788.4519841269778 
127796.56797649956 1873.836111111105 
127060.64756117348 1924.109126984119 
185173.90741966234 41.344047619047615 
193361.99477861976 36.540476190476184 
185046.99646332918 45.10476190476189 
154231.11217069087 206.12936507936493 
193491.26102252686 24.498412698412697 
193530.97988354316 21.069444444444443 
143356.04795673257 561.8575396825414 
140986.99729005608 569.1722222222239 
138885.36105894466 600.4718253968266 
137377.98077936462 609.9519841269858 
134395.5829747029 744.767063492064 
133282.1629378392 874.3936507936509 
132316.99138697403 1023.1626984126987 
131455.34359545266 1023.3876984126987 
130480.46271848764 1146.1230158730127 
129767.92868035578 1278.9571428571387 

129667.64883518784 1740.2638888888828 
128658.99171917042 1772.0817460317412 
127796.56797649956 1873.836111111105 
127060.64756117348 1924.109126984119 
185046.99646332918 45.10476190476189 
154231.11217069087 206.12936507936493 
185219.13413833853 29.847619047619048 
193491.26102252686 24.498412698412697 
143434.34374352221 510.5055555555568 
138885.36105894466 600.4718253968266 
137377.98077936462 609.9519841269858 
135827.87200158788 675.8488095238108 
134395.5829747029 744.767063492064 
133282.1629378392 874.3936507936509 
132316.99138697403 1023.1626984126987 
131455.34359545266 1023.3876984126987 
130480.46271848764 1146.1230158730127 
129767.92868035578 1278.9571428571387 
176128.7877237399 197.29801587301557 
152887.63884359825 328.67976190476156 
145803.39441019864 503.19087301587416 

129667.64883518784 1740.2638888888828 
128631.28289878626 1788.4519841269778 
127060.64756117348 1924.109126984119 
193562.06819757097 18.04047619047619 
193361.99477861976 36.540476190476184 
185046.99646332918 45.10476190476189 
154568.80891223034 202.70039682539667 
154231.11217069087 206.12936507936493 
138885.36105894466 600.4718253968266 
134395.5829747029 744.767063492064 
133282.1629378392 874.3936507936509 
132316.99138697403 1023.1626984126987 
131455.34359545266 1023.3876984126987 
130480.46271848764 1146.1230158730127 
129767.92868035578 1278.9571428571387 
176128.7877237399 197.29801587301557 
152887.63884359825 328.67976190476156 
145803.39441019864 503.19087301587416 

137377.98077936462 609.9519841269858 
135827.87200158788 675.8488095238108 
134395.5829747029 744.767063492064 
133282.1629378392 874.3936507936509 
132316.99138697403 1023.1626984126987 
131455.34359545266 1023.3876984126987 
130480.46271848764 1146.1230158730127 
129767.92868035578 1278.9571428571387 
145803.39441019864 503.19087301587416 
129667.64883518784 1740.2638888888828 
128631.28289878626 1788.4519841269778 
127796.56797649956 1873.836111111105 
127060.64756117348 1924.109126984119 
185046.99646332918 45.10476190476189 
154231.11217069087 206.12936507936493 
185219.13413833853 29.847619047619048 
146405.73294808285 495.31468253968376 
143434.34374352221 510.5055555555568 
138885.36105894466 600.4718253968266 

148839.5824987907 382.83888888888924 
145803.39441019864 503.19087301587416 
129667.64883518784 1740.2638888888828 
127796.56797649956 1873.836111111105 
127060.64756117348 1924.109126984119 
185046.99646332918 45.10476190476189 
154231.11217069087 206.12936507936493 
185219.13413833853 29.847619047619048 
143434.34374352221 510.5055555555568 
138885.36105894466 600.4718253968266 
137377.98077936462 609.9519841269858 
135827.87200158788 675.8488095238108 
134395.5829747029 744.767063492064 
133282.1629378392 874.3936507936509 
132316.99138697403 1023.1626984126987 
131455.34359545266 1023.3876984126987 
130480.46271848764 1146.1230158730127 
129767.92868035578 1278.9571428571387 
176128.7877237399 197.29801587301557 

132316.99138697403 1023.1626984126987 
131455.34359545266 1023.3876984126987 
130480.46271848764 1146.1230158730127 
129767.92868035578 1278.9571428571387 
145803.39441019864 503.19087301587416 
129667.64883518784 1740.2638888888828 
128631.28289878626 1788.4519841269778 
127796.56797649956 1873.836111111105 
127060.64756117348 1924.109126984119 
185046.99646332918 45.10476190476189 
154231.11217069087 206.12936507936493 
185219.13413833853 29.847619047619048 
143434.34374352221 510.5055555555568 
138885.36105894466 600.4718253968266 
137377.98077936462 609.9519841269858 
135827.87200158788 675.8488095238108 
133282.1629378392 874.3936507936509 

152887.63884359825 328.67976190476156 
148839.5824987907 382.83888888888924 
129667.64883518784 1740.2638888888828 
128631.28289878626 1788.4519841269778 
127796.56797649956 1873.836111111105 
127060.64756117348 1924.109126984119 
185173.90741966234 41.344047619047615 
193361.99477861976 36.540476190476184 
185046.99646332918 45.10476190476189 
154231.11217069087 206.12936507936493 
193491.26102252686 24.498412698412697 
193530.97988354316 21.069444444444443 
143356.04795673257 561.8575396825414 
140986.99729005608 569.1722222222239 
138885.36105894466 600.4718253968266 
137377.98077936462 609.9519841269858 
134395.5829747029 744.767063492064 
133282.1629378392 874.3936507936509 
132316.99138697403 1023.1626984126987 
131455.34359545266 1023.3876984126987 
130480.46271848764 1146.1230158730127 
129767.92868035578 1278.9571428571387 
176128.7877237399 197.29801587301557 

185173.90741966234 41.344047619047615 
193361.99477861976 36.540476190476184 
154231.11217069087 206.12936507936493 
143434.34374352221 510.5055555555568 
140986.99729005608 569.1722222222239 
138885.36105894466 600.4718253968266 
137377.98077936462 609.9519841269858 
134395.5829747029 744.767063492064 
133282.1629378392 874.3936507936509 
132316.99138697403 1023.1626984126987 
131455.34359545266 1023.3876984126987 
130480.46271848764 1146.1230158730127 
129767.92868035578 1278.9571428571387 
148839.5824987907 382.83888888888924 
145803.39441019864 503.19087301587416 
129667.64883518784 1740.2638888888828 
128631.28289878626 1788.4519841269778 
127796.56797649956 1873.836111111105 
127060.64756117348 1924.109126984119 

193491.26102252686 24.498412698412697 
138885.36105894466 600.4718253968266 
137377.98077936462 609.9519841269858 
134395.5829747029 744.767063492064 
133282.1629378392 874.3936507936509 
132316.99138697403 1023.1626984126987 
131455.34359545266 1023.3876984126987 
130480.46271848764 1146.1230158730127 
129767.92868035578 1278.9571428571387 
148839.5824987907 382.83888888888924 
145803.39441019864 503.19087301587416 
129667.64883518784 1740.2638888888828 
128631.28289878626 1788.4519841269778 
127796.56797649956 1873.836111111105 
127060.64756117348 1924.109126984119 
185173.90741966234 41.344047619047615 
193361.99477861976 36.540476190476184 
185046.99646332918 45.10476190476189 
154231.11217069087 206.12936507936493 

129667.64883518784 1740.2638888888828 
128631.28289878626 1788.4519841269778 
127796.56797649956 1873.836111111105 
127060.64756117348 1924.109126984119 
185173.90741966234 41.344047619047615 
154231.11217069087 206.12936507936493 
143356.04795673257 561.8575396825414 
140986.99729005608 569.1722222222239 
138885.36105894466 600.4718253968266 
137377.98077936462 609.9519841269858 
134395.5829747029 744.767063492064 
133282.1629378392 874.3936507936509 
132316.99138697403 1023.1626984126987 
131455.34359545266 1023.3876984126987 
130480.46271848764 1146.1230158730127 
129767.92868035578 1278.9571428571387 
176128.7877237399 197.29801587301557 
148839.5824987907 382.83888888888924 
145803.39441019864 503.19087301587416 

185173.90741966234 41.344047619047615 
167595.3370593328 174.0611111111109 
167625.00287896182 168.9571428571427 
154231.11217069087 206.12936507936493 
143434.34374352221 510.5055555555568 
140986.99729005608 569.1722222222239 
138885.36105894466 600.4718253968266 
137377.98077936462 609.9519841269858 
134395.5829747029 744.767063492064 
132316.99138697403 1023.1626984126987 
131455.34359545266 1023.3876984126987 
130480.46271848764 1146.1230158730127 
129767.92868035578 1278.9571428571387 
148839.5824987907 382.83888888888924 
145803.39441019864 503.19087301587416 
129667.64883518784 1740.2638888888828 
128631.28289878626 1788.4519841269778 
127796.56797649956 1873.836111111105 
127060.64756117348 1924.109126984119 

184237.21628706748 20.427380952380954 
177847.08745029874 58.739682539682555 
148839.5824987907 382.83888888888924 
145803.39441019864 503.19087301587416 
129667.64883518784 1740.2638888888828 
128631.28289878626 1788.4519841269778 
127796.56797649956 1873.836111111105 
127060.64756117348 1924.109126984119 
154231.11217069087 206.12936507936493 
143356.04795673257 561.8575396825414 
140986.99729005608 569.1722222222239 
138885.36105894466 600.4718253968266 
137377.98077936462 609.9519841269858 
134395.5829747029 744.767063492064 
133282.1629378392 874.3936507936509 
132316.99138697403 1023.1626984126987 
131455.34359545266 1023.3876984126987 
130480.46271848764 1146.1230158730127 
129767.92868035578 1278.9571428571387 

129667.64883518784 1740.2638888888828 
128662.76028905243 1765.7726190476135 
127796.56797649956 1873.836111111105 
127060.64756117348 1924.109126984119 
185173.90741966234 41.344047619047615 
185404.5615704532 39.344047619047615 
185046.99646332918 45.10476190476189 
154231.11217069087 206.12936507936493 
193491.26102252686 24.498412698412697 
193530.97988354316 21.069444444444443 
143356.04795673257 561.8575396825414 
140986.99729005608 569.1722222222239 
138885.36105894466 600.4718253968266 
137377.98077936462 609.9519841269858 
134395.5829747029 744.767063492064 
133282.1629378392 874.3936507936509 
132316.99138697403 1023.1626984126987 
131455.34359545266 1023.3876984126987 
130480.46271848764 1146.1230158730127 
129767.92868035578 1278.9571428571387 
176128.7877237399 197.29801587301557 
148839.5824987907 382.83888888888924 
145803.39441019864 503.19087301587416 

176128.7877237399 197.29801587301557 
148839.5824987907 382.83888888888924 
145803.39441019864 503.19087301587416 
129667.64883518784 1740.2638888888828 
128631.28289878626 1788.4519841269778 
127796.56797649956 1873.836111111105 
127060.64756117348 1924.109126984119 
185046.99646332918 45.10476190476189 
154231.11217069087 206.12936507936493 
185219.13413833853 29.847619047619048 
143434.34374352221 510.5055555555568 
138885.36105894466 600.4718253968266 
137377.98077936462 609.9519841269858 
135827.87200158788 675.8488095238108 
134395.5829747029 744.767063492064 
133282.1629378392 874.3936507936509 
132316.99138697403 1023.1626984126987 
131455.34359545266 1023.3876984126987 
130480.46271848764 1146.1230158730127 

171292.3815970465 142.0444444444444 
178247.52566024274 141.8194444444444 
129667.64883518784 1740.2638888888828 
128631.28289878626 1788.4519841269778 
127796.56797649956 1873.836111111105 
127060.64756117348 1924.109126984119 
185046.99646332918 45.10476190476189 
154231.11217069087 206.12936507936493 
185219.13413833853 29.847619047619048 
193491.26102252686 24.498412698412697 
143434.34374352221 510.5055555555568 
138885.36105894466 600.4718253968266 
137377.98077936462 609.9519841269858 
135827.87200158788 675.8488095238108 
134395.5829747029 744.767063492064 
133282.1629378392 874.3936507936509 
132316.99138697403 1023.1626984126987 
131455.34359545266 1023.3876984126987 
130480.46271848764 1146.1230158730127 
129767.92868035578 1278.9571428571387 
152887.63884359825 328.67976190476156 
145803.39441019864 503.19087301587416 

129667.64883518784 1740.2638888888828 
128631.28289878626 1788.4519841269778 
127060.64756117348 1924.109126984119 
154231.11217069087 206.12936507936493 
143434.34374352221 510.5055555555568 
138885.36105894466 600.4718253968266 
137377.98077936462 609.9519841269858 
135827.87200158788 675.8488095238108 
134395.5829747029 744.767063492064 
133282.1629378392 874.3936507936509 
132316.99138697403 1023.1626984126987 
131455.34359545266 1023.3876984126987 
130480.46271848764 1146.1230158730127 
129767.92868035578 1278.9571428571387 
176128.7877237399 197.29801587301557 
152887.63884359825 328.67976190476156 
145803.39441019864 503.19087301587416 

131455.34359545266 1023.3876984126987 
130480.46271848764 1146.1230158730127 
129767.92868035578 1278.9571428571387 
152887.63884359825 328.67976190476156 
145803.39441019864 503.19087301587416 
129667.64883518784 1740.2638888888828 
128631.28289878626 1788.4519841269778 
127796.56797649956 1873.836111111105 
127060.64756117348 1924.109126984119 
185173.90741966234 41.344047619047615 
193361.99477861976 36.540476190476184 
185046.99646332918 45.10476190476189 
154231.11217069087 206.12936507936493 
193491.26102252686 24.498412698412697 
193530.97988354316 21.069444444444443 
143356.04795673257 561.8575396825414 
140986.99729005608 569.1722222222239 
138885.36105894466 600.4718253968266 
137377.98077936462 609.9519841269858 
134395.5829747029 744.767063492064 
133282.1629378392 874.3936507936509 

148839.5824987907 382.83888888888924 
129667.64883518784 1740.2638888888828 
128652.31901237874 1775.6932539682468 
127796.56797649956 1873.836111111105 
127060.64756117348 1924.109126984119 
185046.99646332918 45.10476190476189 
154231.11217069087 206.12936507936493 
185219.13413833853 29.847619047619048 
146064.1718148525 484.63174603174707 
143434.34374352221 510.5055555555568 
138885.36105894466 600.4718253968266 
137377.98077936462 609.9519841269858 
135827.87200158788 675.8488095238108 
134395.5829747029 744.767063492064 
133282.1629378392 874.3936507936509 
132316.99138697403 1023.1626984126987 
131455.34359545266 1023.3876984126987 
130480.46271848764 1146.1230158730127 
129767.92868035578 1278.9571428571387 
176128.7877237399 197.29801587301557 

193361.99477861976 36.540476190476184 
157335.37081820058 156.15476190476176 
154231.11217069087 206.12936507936493 
140986.99729005608 569.1722222222239 
138885.36105894466 600.4718253968266 
137377.98077936462 609.9519841269858 
134395.5829747029 744.767063492064 
133282.1629378392 874.3936507936509 
132316.99138697403 1023.1626984126987 
131455.34359545266 1023.3876984126987 
130480.46271848764 1146.1230158730127 
129767.92868035578 1278.9571428571387 
148839.5824987907 382.83888888888924 
145803.39441019864 503.19087301587416 
129667.64883518784 1740.2638888888828 
128631.28289878626 1788.4519841269778 
127796.56797649956 1873.836111111105 
127060.64756117348 1924.109126984119 
193128.37698008426 54.94761904761904 

138885.36105894466 600.4718253968266 
137377.98077936462 609.9519841269858 
135827.87200158788 675.8488095238108 
134395.5829747029 744.767063492064 
133282.1629378392 874.3936507936509 
132316.99138697403 1023.1626984126987 
131455.34359545266 1023.3876984126987 
130480.46271848764 1146.1230158730127 
129767.92868035578 1278.9571428571387 
145803.39441019864 503.19087301587416 
129667.64883518784 1740.2638888888828 
128631.28289878626 1788.4519841269778 
127796.56797649956 1873.836111111105 
127060.64756117348 1924.109126984119 
185173.90741966234 41.344047619047615 
193361.99477861976 36.540476190476184 
185046.99646332918 45.10476190476189 
154231.11217069087 206.12936507936493 
193491.26102252686 24.498412698412697 
193530.97988354316 21.069444444444443 

135827.87200158788 675.8488095238108 
134395.5829747029 744.767063492064 
133282.1629378392 874.3936507936509 
132316.99138697403 1023.1626984126987 
131455.34359545266 1023.3876984126987 
130480.46271848764 1146.1230158730127 
129767.92868035578 1278.9571428571387 
152887.63884359825 328.67976190476156 
145803.39441019864 503.19087301587416 
129667.64883518784 1740.2638888888828 
128631.28289878626 1788.4519841269778 
127796.56797649956 1873.836111111105 
127060.64756117348 1924.109126984119 
185173.90741966234 41.344047619047615 
193361.99477861976 36.540476190476184 
185046.99646332918 45.10476190476189 
154231.11217069087 206.12936507936493 
193491.26102252686 24.498412698412697 
193530.97988354316 21.069444444444443 
143356.04795673257 561.8575396825414 
140986.99729005608 569.1722222222239 

152887.63884359825 328.67976190476156 
148839.5824987907 382.83888888888924 
129667.64883518784 1740.2638888888828 
128631.28289878626 1788.4519841269778 
127796.56797649956 1873.836111111105 
127060.64756117348 1924.109126984119 
185173.90741966234 41.344047619047615 
193361.99477861976 36.540476190476184 
185046.99646332918 45.10476190476189 
154231.11217069087 206.12936507936493 
193491.26102252686 24.498412698412697 
193530.97988354316 21.069444444444443 
143356.04795673257 561.8575396825414 
140986.99729005608 569.1722222222239 
138885.36105894466 600.4718253968266 
137377.98077936462 609.9519841269858 
134395.5829747029 744.767063492064 
133282.1629378392 874.3936507936509 
132316.99138697403 1023.1626984126987 
131455.34359545266 1023.3876984126987 
130480.46271848764 1146.1230158730127 
129767.92868035578 1278.9571428571387 

129667.64883518784 1740.2638888888828 
128631.28289878626 1788.4519841269778 
127796.56797649956 1873.836111111105 
127060.64756117348 1924.109126984119 
193361.99477861976 36.540476190476184 
185046.99646332918 45.10476190476189 
154231.11217069087 206.12936507936493 
143356.04795673257 561.8575396825414 
140986.99729005608 569.1722222222239 
138885.36105894466 600.4718253968266 
137377.98077936462 609.9519841269858 
134395.5829747029 744.767063492064 
133282.1629378392 874.3936507936509 
132316.99138697403 1023.1626984126987 
131455.34359545266 1023.3876984126987 
130480.46271848764 1146.1230158730127 
129767.92868035578 1278.9571428571387 
176128.7877237399 197.29801587301557 
148839.5824987907 382.83888888888924 
145803.39441019864 503.19087301587416 

193361.99477861976 36.540476190476184 
185046.99646332918 45.10476190476189 
154231.11217069087 206.12936507936493 
141254.41172562115 593.1571428571441 
138885.36105894466 600.4718253968266 
137377.98077936462 609.9519841269858 
134395.5829747029 744.767063492064 
133282.1629378392 874.3936507936509 
132316.99138697403 1023.1626984126987 
131455.34359545266 1023.3876984126987 
130480.46271848764 1146.1230158730127 
129767.92868035578 1278.9571428571387 
176128.7877237399 197.29801587301557 
148839.5824987907 382.83888888888924 
145803.39441019864 503.19087301587416 
129667.64883518784 1740.2638888888828 
128631.28289878626 1788.4519841269778 
127796.56797649956 1873.836111111105 
127060.64756117348 1924.109126984119 

