153344.432078174 279.5960317460314 
153327.74342445872 284.7206349206348 
152887.63884359825 328.67976190476156 
148839.5824987907 382.83888888888924 

177199.33081785045 22.4670634920635 
184237.21628706748 20.427380952380954 
184245.5242674286 18.098412698412698 

154231.11217069087 206.12936507936493 
178175.81849487167 41.85753968253971 
170809.20198108192 60.77936507936509 
170793.31034463085 72.96190476190478 
167130.72749835547 131.8218253968253 
150344.42526861484 351.18531746031755 
149356.27570251262 363.2765873015875 
141297.09074385345 465.86785714285753 
165297.12088546006 144.35277777777765 
184232.9171411736 17.71230158730158 
177844.98256126908 58.74642857142859 
141434.38165809592 449.505952380953 
143732.05252831982 407.77619047619066 
147475.15037372423 370.66468253968276 
146401.8238345755 384.59841269841274 
177853.86205628293 56.410714285714306 
141269.09799836882 471.05119047619087 
178169.079905819 44.18650793650796 
184258.4371942252 15.66944444444444 
141289.26495060875 466.3948412698418 
146296.368923807 405.34444444444483 
138987.03520462988 508.17261904761995 
177847.08745029874 58.739682539682555 
141283.74771543802 470.04007936507975 
143726.6540516862 425.81825396825406 
141088.67143574124 476.8730158730168 
143722.44253619015 428.4619047619049 
140721.93872491532 501.7079365079373 
150963.7396720338 308.84087301587266 
147473.29594254796 375.44761904761924 
141284.70607485378 466.4428571428577 
150966.17589990553 302.0373015873012 
170455.31331257723 94.85634920634918 
143738.31988974256 407.52063492063513 
161362.54743240814 154.20793650793635 
146401.29060213227 385.32777777777784 
138936.79299560026 1101.5515873015863 

154231.11217069087 206.12936507936493 
152760.56009549342 325.5761904761903 
143536.01788920735 418.20634920634984 
141283.09303347478 419.4948412698415 
145181.20866071695 383.5043650793652 
154505.2308903753 199.85039682539664 
153700.37478764026 323.98928571428553 
178190.7147194501 38.20515873015876 
149222.38974516382 337.35912698412665 
154555.6859609113 192.48015873015856 
177828.8484043908 48.71825396825399 
178180.32459481922 39.443650793650825 
178188.91063764904 39.42857142857146 
163382.419954259 90.41746031746032 
146245.35024052957 369.83214285714286 
157423.20697478994 146.35555555555538 
171161.95265174244 49.131746031746054 
178173.58597250836 41.77261904761908 
184247.145580394 14.05992063492063 
184241.7287585194 15.198412698412696 
177840.18846466555 44.801984126984145 
149219.95277547548 344.18690476190443 
184234.21843228844 16.488888888888884 
184225.903714229 18.817857142857136 
184237.1089497904 15.298412698412694 
184228.79535586128 17.627380952380946 
170413.5141855268 85.67658730158732 
184224.59916048037 20.041269841269838 
184250.0336231424 12.86944444444444 

135827.87200158788 675.8488095238108 
133282.1629378392 874.3936507936509 
132316.99138697403 1023.1626984126987 
131455.34359545266 1023.3876984126987 
130480.46271848764 1146.1230158730127 
132569.6288997074 1007.2277777777782 
132476.2003857406 1020.8321428571431 
132838.82001880457 957.0249999999997 
134395.5829747029 744.767063492064 
136424.79188611355 669.1492063492074 
134917.41160653354 678.6293650793662 
137377.98077936462 609.9519841269858 
138885.36105894466 600.4718253968266 
137974.90066389035 603.2523809523823 
137335.25228116792 666.3686507936518 

133282.1629378392 874.3936507936509 
131455.34359545266 1023.3876984126987 
130480.46271848764 1146.1230158730127 
129767.92868035578 1278.9571428571387 
129667.64883518784 1740.2638888888828 
128631.28289878626 1788.4519841269778 
133952.2400556682 827.3984126984122 
138987.03520462988 508.17261904761995 
132316.99138697403 1023.1626984126987 
134395.5829747029 744.767063492064 
131342.1105100091 1145.8980158730128 
137436.92642685308 574.0694444444459 
139811.47832986078 504.4884920634928 
135827.87200158788 675.8488095238108 
137377.98077936462 609.9519841269858 
140721.93872491532 501.7079365079373 

134395.5829747029 744.767063492064 
131455.34359545266 1023.3876984126987 
133282.1629378392 874.3936507936509 
135827.87200158788 675.8488095238108 
143536.01788920735 418.20634920634984 
144494.28843680158 407.43809523809546 
132316.99138697403 1023.1626984126987 
145440.98406656118 393.1575396825402 
143169.2851783815 443.0412698412703 
143339.34783544985 424.4571428571434 
140892.00138198366 483.1238095238103 
141434.38165809592 449.505952380953 
143426.88641020967 418.7865079365084 
141088.67143574124 476.8730158730168 
140721.93872491532 501.7079365079373 
137436.92642685308 574.0694444444459 
140979.53995674354 477.45317460317534 
136004.6373999682 642.9876984127 
138987.03520462988 508.17261904761995 
137377.98077936462 609.9519841269858 

154231.11217069087 206.12936507936493 
150697.46500772628 308.46587301587283 
148839.5824987907 382.83888888888924 

129667.64883518784 1740.2638888888828 
128631.28289878626 1788.4519841269778 
127796.56797649956 1873.836111111105 
135827.87200158788 675.8488095238108 
134395.5829747029 744.767063492064 
133282.1629378392 874.3936507936509 
132316.99138697403 1023.1626984126987 
131455.34359545266 1023.3876984126987 
130480.46271848764 1146.1230158730127 
129767.92868035578 1278.9571428571387 
141088.67143574124 476.8730158730168 
141434.38165809592 449.505952380953 
146651.0284269112 402.1654761904766 
136004.6373999682 642.9876984127 
146296.368923807 405.34444444444483 
137554.74617774494 577.0908730158744 
137713.95517651158 574.760317460319 
145270.92140949282 411.74166666666713 
138987.03520462988 508.17261904761995 
137377.98077936462 609.9519841269858 
140721.93872491532 501.7079365079373 
143536.01788920735 418.20634920634984 
143169.2851783815 443.0412698412703 

135827.87200158788 675.8488095238108 
130480.46271848764 1146.1230158730127 
134395.5829747029 744.767063492064 
131455.34359545266 1023.3876984126987 
129767.92868035578 1278.9571428571387 
129667.64883518784 1740.2638888888828 
127060.64756117348 1924.109126984119 
185046.99646332918 45.10476190476189 
170754.64069875568 78.94880952380954 
167011.47115736146 138.1464285714284 
170810.004783113 78.3059523809524 
128863.55247562059 1896.0444444444356 
133282.1629378392 874.3936507936509 
132307.28206087425 997.1289682539682 
170717.7420268157 83.34880952380954 
167112.09867760606 130.2845238095237 
164114.4202188265 207.31547619047595 
138012.15432766496 630.9079365079384 
165295.00330920395 158.75476190476172 
146296.368923807 405.34444444444483 
179053.68816908446 73.06626984126986 
165342.011643291 150.40634920634903 
143169.2851783815 443.0412698412703 
158504.83185541598 239.6432539682536 
157383.1679917842 299.8571428571424 
146541.89694791342 402.74563492063544 
140721.93872491532 501.7079365079373 
138987.03520462988 508.17261904761995 
138885.36105894466 600.4718253968266 
149012.49080340823 331.1638888888888 
142823.57495602683 470.40833333333416 
146651.0284269112 402.1654761904766 
159395.52057358678 216.08015873015836 
158007.61602596397 297.11388888888854 
145270.92140949282 411.74166666666713 
165306.52555696692 156.8642857142856 
147265.97426939878 393.1829365079367 
148839.5824987907 382.83888888888924 
143426.88641020967 418.7865079365084 
163699.53405642303 211.82976190476163 
164131.52153359118 198.13968253968227 
137335.25228116792 666.3686507936518 
154711.64708916377 318.936111111111 
140979.53995674354 477.45317460317534 
163740.65352076953 211.1452380952378 
179014.70180038665 75.99523809523811 

135827.87200158788 675.8488095238108 
132316.99138697403 1023.1626984126987 
134395.5829747029 744.767063492064 
137377.98077936462 609.9519841269858 
133282.1629378392 874.3936507936509 
137335.25228116792 666.3686507936518 
140721.93872491532 501.7079365079373 
139289.64969803026 570.6261904761919 
137554.74617774494 577.0908730158744 

134395.5829747029 744.767063492064 
133282.1629378392 874.3936507936509 
132316.99138697403 1023.1626984126987 
131455.34359545266 1023.3876984126987 
150344.42526861484 351.18531746031755 
137436.92642685308 574.0694444444459 
133952.2400556682 827.3984126984122 
141434.38165809592 449.505952380953 
135827.87200158788 675.8488095238108 
143536.01788920735 418.20634920634984 
138076.5748095755 510.95317460317546 
137377.98077936462 609.9519841269858 
141088.67143574124 476.8730158730168 
137335.25228116792 666.3686507936518 
139811.47832986078 504.4884920634928 
138987.03520462988 508.17261904761995 
148839.5824987907 382.83888888888924 
140721.93872491532 501.7079365079373 
143169.2851783815 443.0412698412703 
145270.92140949282 411.74166666666713 
146296.368923807 405.34444444444483 
146651.0284269112 402.1654761904766 

154231.11217069087 206.12936507936493 
170758.71069192738 85.93174603174604 
177115.06860137035 34.649603174603186 
165261.7729513918 147.28174603174588 
149012.49080340823 331.1638888888888 
170794.97589925057 83.0027777777778 
153749.62454429257 326.22579365079343 
152887.63884359825 328.67976190476156 
161046.922361554 173.18253968253933 
165297.12088546006 144.35277777777765 
184237.21628706748 20.427380952380954 
170809.20198108192 60.77936507936509 
167112.09867760606 130.2845238095237 
148839.5824987907 382.83888888888924 

135827.87200158788 675.8488095238108 
133282.1629378392 874.3936507936509 
131455.34359545266 1023.3876984126987 
130480.46271848764 1146.1230158730127 
129767.92868035578 1278.9571428571387 
137377.98077936462 609.9519841269858 
136004.6373999682 642.9876984127 
134395.5829747029 744.767063492064 
137436.92642685308 574.0694444444459 
138987.03520462988 508.17261904761995 
131342.1105100091 1145.8980158730128 
132316.99138697403 1023.1626984126987 
140721.93872491532 501.7079365079373 

133282.1629378392 874.3936507936509 
132316.99138697403 1023.1626984126987 
131455.34359545266 1023.3876984126987 
130480.46271848764 1146.1230158730127 
129767.92868035578 1278.9571428571387 
134395.5829747029 744.767063492064 
137377.98077936462 609.9519841269858 
132476.2003857406 1020.8321428571431 
137974.90066389035 603.2523809523823 
135827.87200158788 675.8488095238108 
138885.36105894466 600.4718253968266 
137335.25228116792 666.3686507936518 

154231.11217069087 206.12936507936493 
167492.4235577954 177.18095238095208 
152887.63884359825 328.67976190476156 
148242.7890375034 382.4849206349209 
147273.271659929 400.5174603174605 
167485.57912850674 178.71825396825366 
150344.42526861484 351.18531746031755 
141747.38623922938 495.3107142857151 
143849.02247034092 464.0111111111119 
144194.73269269557 436.6440476190481 
146296.368923807 405.34444444444483 

127796.56797649956 1873.836111111105 
131455.34359545266 1023.3876984126987 
129667.64883518784 1740.2638888888828 
154231.11217069087 206.12936507936493 
135827.87200158788 675.8488095238108 
132316.99138697403 1023.1626984126987 
130480.46271848764 1146.1230158730127 
128631.28289878626 1788.4519841269778 
171095.780210886 54.41746031746034 
133282.1629378392 874.3936507936509 
154559.66862621915 192.62063492063476 
137335.25228116792 666.3686507936518 
159572.0911433187 164.90555555555525 
133952.2400556682 827.3984126984122 
137377.98077936462 609.9519841269858 
158952.6606892058 189.49126984126963 
134395.5829747029 744.767063492064 
164956.35371652368 91.03690476190476 
153430.96353093904 287.29603174603113 
142993.63761309517 451.8242063492072 
137436.92642685308 574.0694444444459 
164530.31586503578 148.75674603174588 
149288.14777734512 341.7392857142856 
177162.14850761593 25.3170634920635 
141088.67143574124 476.8730158730168 
177199.33081785045 22.4670634920635 
164583.89981195822 145.3908730158729 
164849.09470860506 138.41865079365064 
142823.57495602683 470.40833333333416 
164587.32021933884 142.96190476190466 
140721.93872491532 501.7079365079373 
138987.03520462988 508.17261904761995 
184232.9171411736 17.71230158730158 
171159.52818098522 41.854365079365095 
143106.15224609833 416.96666666666675 
170127.40078021275 61.56150793650798 
170806.89487970172 57.979365079365095 
171145.3813664359 52.45079365079367 
145207.78847720963 385.6670634920636 
171148.32098161738 47.192857142857164 
146781.23027807154 370.04642857142863 
160160.1570130206 157.95357142857125 

137377.98077936462 609.9519841269858 
134395.5829747029 744.767063492064 
133282.1629378392 874.3936507936509 
137436.92642685308 574.0694444444459 
136004.6373999682 642.9876984127 
135827.87200158788 675.8488095238108 
138987.03520462988 508.17261904761995 
140721.93872491532 501.7079365079373 

127060.64756117348 1924.109126984119 
134395.5829747029 744.767063492064 
131455.34359545266 1023.3876984126987 
128631.28289878626 1788.4519841269778 
127796.56797649956 1873.836111111105 
136424.79188611355 669.1492063492074 
193727.87834905414 3.857936507936508 
152887.63884359825 328.67976190476156 
141434.38165809592 449.505952380953 
143536.01788920735 418.20634920634984 
185450.71398282942 8.409920634920633 
133282.1629378392 874.3936507936509 
137377.98077936462 609.9519841269858 
137335.25228116792 666.3686507936518 
136264.56074250108 739.5785714285719 
185505.3182857758 7.497619047619048 
141088.67143574124 476.8730158730168 
166196.1750645673 132.9277777777776 
158297.21736757483 214.29999999999959 
149012.49080340823 331.1638888888888 
154624.26148391605 239.17182539682491 
170127.40078021275 61.56150793650798 
145897.4802657044 347.20476190476205 
185510.01910257214 5.464285714285714 
159572.0911433187 164.90555555555525 
177199.33081785045 22.4670634920635 
170809.20198108192 60.77936507936509 
138987.03520462988 508.17261904761995 
177165.28624942957 59.521825396825434 
153912.45489857998 297.58214285714234 
165297.12088546006 144.35277777777765 
164672.37667718864 145.02380952380935 
169883.32658402857 103.42420634920626 
145270.92140949282 411.74166666666713 
143169.2851783815 443.0412698412703 
184237.21628706748 20.427380952380954 
137436.92642685308 574.0694444444459 
140721.93872491532 501.7079365079373 
167112.09867760606 130.2845238095237 

137377.98077936462 609.9519841269858 
137436.92642685308 574.0694444444459 
138987.03520462988 508.17261904761995 
140721.93872491532 501.7079365079373 

148839.5824987907 382.83888888888924 

129667.64883518784 1740.2638888888828 
128631.28289878626 1788.4519841269778 
133282.1629378392 874.3936507936509 
132316.99138697403 1023.1626984126987 
131455.34359545266 1023.3876984126987 
130480.46271848764 1146.1230158730127 
129767.92868035578 1278.9571428571387 
134395.5829747029 744.767063492064 
143536.01788920735 418.20634920634984 
132476.2003857406 1020.8321428571431 
141088.67143574124 476.8730158730168 
135827.87200158788 675.8488095238108 
137335.25228116792 666.3686507936518 
137436.92642685308 574.0694444444459 
141434.38165809592 449.505952380953 
137377.98077936462 609.9519841269858 
146296.368923807 405.34444444444483 
140721.93872491532 501.7079365079373 
143169.2851783815 443.0412698412703 
138987.03520462988 508.17261904761995 

154231.11217069087 206.12936507936493 
131455.34359545266 1023.3876984126987 
130480.46271848764 1146.1230158730127 
150344.42526861484 351.18531746031755 
140814.99942936434 479.98412698412756 
133282.1629378392 874.3936507936509 
134554.79197346955 742.4365079365085 
134395.5829747029 744.767063492064 
143536.01788920735 418.20634920634984 
141088.67143574124 476.8730158730168 
141434.38165809592 449.505952380953 
137377.98077936462 609.9519841269858 
137111.4032587101 659.7222222222235 
137436.92642685308 574.0694444444459 
132316.99138697403 1023.1626984126987 
145440.98406656118 393.1575396825402 
135827.87200158788 675.8488095238108 
143169.2851783815 443.0412698412703 
145270.92140949282 411.74166666666713 
138987.03520462988 508.17261904761995 
152887.63884359825 328.67976190476156 
148555.99460426514 377.1166666666672 
143339.34783544985 424.4571428571434 
140721.93872491532 501.7079365079373 

154231.11217069087 206.12936507936493 
166133.01207152012 115.57857142857142 
177836.13043574436 57.130158730158755 
165297.13700059237 145.0805555555554 
152666.82606609198 329.27222222222207 
153749.62454429257 326.22579365079343 
152665.81215936586 330.1412698412697 
148741.820684906 437.271031746032 
184224.59916048037 20.041269841269838 
148827.11446108817 381.82301587301623 
172020.9829238807 76.29126984126987 
160113.8894959174 148.31666666666652 
148748.06555604274 413.0321428571431 
148807.73562797025 404.37619047619074 
177800.1727587811 58.25674603174605 
152862.13277681594 327.9817460317458 
148790.78668805808 408.8162698412701 

134395.5829747029 744.767063492064 
133282.1629378392 874.3936507936509 
132316.99138697403 1023.1626984126987 
131455.34359545266 1023.3876984126987 
130480.46271848764 1146.1230158730127 
129767.92868035578 1278.9571428571387 
135827.87200158788 675.8488095238108 
132614.73954563917 1013.940873015873 
137335.25228116792 666.3686507936518 
137554.74617774494 577.0908730158744 
137377.98077936462 609.9519841269858 
138987.03520462988 508.17261904761995 
140721.93872491532 501.7079365079373 

154231.11217069087 206.12936507936493 
133282.1629378392 874.3936507936509 
132316.99138697403 1023.1626984126987 
131455.34359545266 1023.3876984126987 
130480.46271848764 1146.1230158730127 
134395.5829747029 744.767063492064 
135827.87200158788 675.8488095238108 
170764.6086260806 72.96190476190478 
141919.63383104114 465.5154761904763 
141088.67143574124 476.8730158730168 
138972.522413845 599.8650793650806 
177199.33081785045 22.4670634920635 
164956.26866628305 89.03730158730157 
193727.87834905414 3.857936507936508 
170800.67404889606 67.43611111111113 
138987.03520462988 508.17261904761995 
170809.20198108192 60.77936507936509 
171158.885729037 42.83492063492066 
160065.70462628247 173.4079365079363 
177205.91942900114 20.86587301587302 
153157.89095987868 316.45476190476177 
163001.47509907885 143.62341269841252 
165050.7309145172 79.23809523809523 
147209.55800187754 356.028571428571 
184190.6988650525 17.927380952380947 
184247.145580394 14.05992063492063 
138885.36105894466 600.4718253968266 
154490.25715872168 198.6773809523808 
161270.28236614983 164.74047619047593 
143726.02927558645 376.1130952380951 
177179.47975148718 25.133730158730163 
153905.46761305587 297.89087301587256 
184237.1089497904 15.298412698412694 
184241.7287585194 15.198412698412696 
184228.79535586128 17.627380952380946 
147265.82781275897 322.21626984126965 
137377.98077936462 609.9519841269858 
184234.21843228844 16.488888888888884 
184250.0336231424 12.86944444444444 

132316.99138697403 1023.1626984126987 
131455.34359545266 1023.3876984126987 
129767.92868035578 1278.9571428571387 
150344.42526861484 351.18531746031755 
134395.5829747029 744.767063492064 
133749.2804138589 954.2444444444441 
135827.87200158788 675.8488095238108 
133842.25793533766 875.2706349206356 
136424.79188611355 669.1492063492074 
139811.47832986078 504.4884920634928 
137335.25228116792 666.3686507936518 
143339.34783544985 424.4571428571434 
138987.03520462988 508.17261904761995 
141434.38165809592 449.505952380953 
145270.92140949282 411.74166666666713 
143536.01788920735 418.20634920634984 
143169.2851783815 443.0412698412703 
146296.368923807 405.34444444444483 
146651.0284269112 402.1654761904766 
141088.67143574124 476.8730158730168 
148555.99460426514 377.1166666666672 
137436.92642685308 574.0694444444459 
140721.93872491532 501.7079365079373 
137377.98077936462 609.9519841269858 

185046.99646332918 45.10476190476189 
154231.11217069087 206.12936507936493 
185219.13413833853 29.847619047619048 
193491.26102252686 24.498412698412697 
193530.97988354316 21.069444444444443 
143903.19144370442 420.5198412698416 
150916.98682071987 318.1785714285711 
154495.1293875714 205.30158730158715 
143796.14236443728 473.12500000000085 
143815.88122730536 464.07261904762 
143825.64361538598 464.0388888888897 
184318.74512091887 65.08928571428571 
163437.38395946263 103.30833333333332 
148752.99182232082 353.4932539682538 
144012.14508848626 405.34841269841263 
170145.8731532984 67.97380952380955 
143855.50461017195 432.1178571428578 
142097.45047599942 489.00793650793736 
141595.32563001415 513.74761904762 
141575.053045036 521.2325396825405 
143894.0032075046 426.86071428571415 
143782.05909816816 487.35952380952466 
148691.5511890016 361.30753968253936 
148707.0479943837 361.2369047619045 
141586.2046228678 520.3607142857153 
170791.16170237013 66.92103174603174 
143967.5113074195 405.5952380952381 
143827.52153815288 460.73531746031836 
157348.5956464742 154.5369047619046 
148732.71251156024 355.60873015872994 
141617.3573681161 505.54087301587396 
146230.2964243748 365.9265873015874 
149945.56464921648 328.30555555555526 
143957.17068404346 405.9710317460318 
146102.92067575286 378.17857142857133 
143935.80557331713 413.2202380952381 
141630.3147619668 489.47380952381036 
148771.9545058561 351.0281746031743 

129667.64883518784 1740.2638888888828 
128631.28289878626 1788.4519841269778 
154231.11217069087 206.12936507936493 
134395.5829747029 744.767063492064 
133282.1629378392 874.3936507936509 
131455.34359545266 1023.3876984126987 
130480.46271848764 1146.1230158730127 
129767.92868035578 1278.9571428571387 
136424.79188611355 669.1492063492074 
154559.93981819652 192.48690476190453 
132466.4910596408 994.7984126984127 
133952.2400556682 827.3984126984122 
137107.10202517116 657.4376984126999 
134917.41160653354 678.6293650793662 
133441.37193660578 872.0630952380953 
149413.9773205022 347.75714285714304 
137373.6795458257 607.667460317462 
146229.56199153583 404.00793650793673 
150740.39079424288 335.35873015873005 
132307.28206087425 997.1289682539682 
146252.7544401699 399.3158730158734 
154541.64970884466 193.44920634920612 
138077.10804201872 510.22380952381036 
137550.444944206 574.8063492063508 
138982.73397109105 505.8880952380961 
137550.91033065543 573.2436507936524 
135827.87200158788 675.8488095238108 
150212.17634370553 340.85396825396833 
141430.5458110065 445.65873015873063 
141430.08042455712 447.2214285714291 
142504.67356567402 411.5714285714286 
147094.11085105242 360.1845238095239 
140305.15948812 469.35476190476237 
138983.19935754038 504.32539682539766 
137107.5674116206 655.8750000000014 
152086.79022482922 326.6507936507936 
138972.44327409405 509.98928571428655 

154231.11217069087 206.12936507936493 
135827.87200158788 675.8488095238108 
134395.5829747029 744.767063492064 
133282.1629378392 874.3936507936509 
132316.99138697403 1023.1626984126987 
131455.34359545266 1023.3876984126987 
130480.46271848764 1146.1230158730127 
129767.92868035578 1278.9571428571387 
154505.2308903753 199.85039682539664 
137377.98077936462 609.9519841269858 
149712.4783111494 308.5873015873014 
154555.39083398203 189.0944444444443 
171155.99461314635 45.75000000000002 
137436.92642685308 574.0694444444459 
138943.25420398414 477.35158730158787 
148450.09665753524 367.20634920634944 
171150.37275133145 49.188492063492085 
170861.6517052165 62.74325396825398 
160100.24575376642 142.13095238095232 
153599.30850758412 291.1289682539679 
178146.06136122136 43.644841269841294 
171155.23354610027 46.85952380952383 
148477.35475025678 350.07460317460345 
170820.5763885552 68.83928571428575 
148450.92332129425 350.95238095238125 
145833.2318050203 368.8547619047622 
178193.40719080297 37.01468253968256 
178177.62915929971 40.634126984127015 
178180.32459481922 39.443650793650825 
178190.7147194501 38.20515873015876 
178173.58597250836 41.77261904761908 
184224.59916048037 20.041269841269838 
178170.89155143572 42.96309523809526 
160099.23841414103 158.9869047619046 
165037.64087964816 83.98214285714286 
177838.04238975846 43.97539682539685 
178186.67335339528 39.343650793650816 
143531.96140171212 375.1138888888889 
141228.57713538306 458.9321428571434 
145146.71878048076 374.39761904761923 
141202.50435449643 475.11349206349263 
148491.18323452945 344.14285714285745 
148468.6437202862 350.0956349206351 

