127060.64756117348 1924.109126984119 
127796.56797649956 1873.836111111105 
128631.28289878626 1788.4519841269778 
129767.92868035578 1278.9571428571387 
131342.1105100091 1145.8980158730128 
133430.4114238376 893.5361111111114 
135945.69175247976 678.8702380952395 
129695.01133663392 1736.5503968253913 
130480.46271848764 1146.1230158730127 
129667.64883518784 1740.2638888888828 
131455.34359545266 1023.3876984126987 
134395.5829747029 744.767063492064 
137554.74617774494 577.0908730158744 
132316.99138697403 1023.1626984126987 

127060.64756117348 1924.109126984119 
127796.56797649956 1873.836111111105 
128631.28289878626 1788.4519841269778 
129667.64883518784 1740.2638888888828 
129767.92868035578 1278.9571428571387 
131455.34359545266 1023.3876984126987 
133282.1629378392 874.3936507936509 
136163.8463987348 640.6571428571443 
130480.46271848764 1146.1230158730127 
131342.1105100091 1145.8980158730128 
132307.28206087425 997.1289682539682 
134395.5829747029 744.767063492064 
136004.6373999682 642.9876984127 

127060.64756117348 1924.109126984119 
127796.56797649956 1873.836111111105 
128631.28289878626 1788.4519841269778 
129667.64883518784 1740.2638888888828 
129767.92868035578 1278.9571428571387 
130480.46271848764 1146.1230158730127 
131455.34359545266 1023.3876984126987 
132455.53054687261 1016.2714285714286 
133282.1629378392 874.3936507936509 
134395.5829747029 744.767063492064 
135945.69175247976 678.8702380952395 
140721.93872491532 501.7079365079373 
129726.71983560744 1733.8579365079308 
132316.99138697403 1023.1626984126987 
137377.98077936462 609.9519841269858 

127060.64756117348 1924.109126984119 
127796.56797649956 1873.836111111105 
128631.28289878626 1788.4519841269778 
129435.33415181623 1759.5373015872958 
129767.92868035578 1278.9571428571387 
130480.46271848764 1146.1230158730127 
131455.34359545266 1023.3876984126987 
132455.53054687261 1016.2714285714286 
134395.5829747029 744.767063492064 
137554.74617774494 577.0908730158744 
141725.45982441882 477.20357142857205 
129719.20919309849 1729.0801587301542 
132316.99138697403 1023.1626984126987 
129667.64883518784 1740.2638888888828 
133282.1629378392 874.3936507936509 

127060.64756117348 1924.109126984119 
127796.56797649956 1873.836111111105 
128631.28289878626 1788.4519841269778 
129267.59141863493 1759.9182539682474 
129767.92868035578 1278.9571428571387 
130480.46271848764 1146.1230158730127 
131455.34359545266 1023.3876984126987 
133282.1629378392 874.3936507936509 
134395.5829747029 744.767063492064 
135827.87200158788 675.8488095238108 
141332.70751241077 541.8051587301604 
129667.64883518784 1740.2638888888828 
132316.99138697403 1023.1626984126987 
138885.36105894466 600.4718253968266 
137335.25228116792 666.3686507936518 
137377.98077936462 609.9519841269858 

127060.64756117348 1924.109126984119 
127796.56797649956 1873.836111111105 
128631.28289878626 1788.4519841269778 
129653.26935757323 1685.680555555551 
129767.92868035578 1278.9571428571387 
130480.46271848764 1146.1230158730127 
131455.34359545266 1023.3876984126987 
132307.28206087425 997.1289682539682 
134395.5829747029 744.767063492064 
137436.92642685308 574.0694444444459 
141725.45982441882 477.20357142857205 
131342.1105100091 1145.8980158730128 

127060.64756117348 1924.109126984119 
127796.56797649956 1873.836111111105 
128631.28289878626 1788.4519841269778 
129767.92868035578 1278.9571428571387 
130480.46271848764 1146.1230158730127 
131455.34359545266 1023.3876984126987 
132757.6450371984 999.8103174603172 
133282.1629378392 874.3936507936509 
135827.87200158788 675.8488095238108 
138885.36105894466 600.4718253968266 
129667.64883518784 1740.2638888888828 
130471.65522975948 1246.3865079365041 
132316.99138697403 1023.1626984126987 
132476.2003857406 1020.8321428571431 
135492.63950734536 735.4678571428581 

127060.64756117348 1924.109126984119 
127796.56797649956 1873.836111111105 
128631.28289878626 1788.4519841269778 
129667.64883518784 1740.2638888888828 
129767.92868035578 1278.9571428571387 
130480.46271848764 1146.1230158730127 
131455.34359545266 1023.3876984126987 
133282.1629378392 874.3936507936509 
135879.66300307855 736.3345238095242 
138872.29632301393 599.4011904761917 
134395.5829747029 744.767063492064 
132708.168059606 1000.3365079365086 
132569.6288997074 1007.2277777777782 
132316.99138697403 1023.1626984126987 
137247.43001464885 706.1158730158736 
137377.98077936462 609.9519841269858 
138864.9535645491 601.5194444444458 
134375.09875737535 759.1234126984133 

127060.64756117348 1924.109126984119 
127796.56797649956 1873.836111111105 
128631.28289878626 1788.4519841269778 
129667.64883518784 1740.2638888888828 
129767.92868035578 1278.9571428571387 
130480.46271848764 1146.1230158730127 
131455.34359545266 1023.3876984126987 
132307.28206087425 997.1289682539682 
133430.4114238376 893.5361111111114 
133952.2400556682 827.3984126984122 
134395.5829747029 744.767063492064 
138885.36105894466 600.4718253968266 
135902.96325428304 735.2869047619054 

127060.64756117348 1924.109126984119 
127796.56797649956 1873.836111111105 
128631.28289878626 1788.4519841269778 
128658.454439856 1786.5992063491988 
129667.64883518784 1740.2638888888828 
129767.92868035578 1278.9571428571387 
131455.34359545266 1023.3876984126987 
133430.4114238376 893.5361111111114 
135945.69175247976 678.8702380952395 
128494.98735181119 1862.4623015872942 
130480.46271848764 1146.1230158730127 
131342.1105100091 1145.8980158730128 
134367.00728829534 803.1035714285716 
135902.96325428304 735.2869047619054 
134392.10536288682 783.9456349206353 
135895.63562777147 740.2535714285716 
134395.5829747029 744.767063492064 
137377.98077936462 609.9519841269858 

127060.64756117348 1924.109126984119 
127796.56797649956 1873.836111111105 
128631.28289878626 1788.4519841269778 
129667.64883518784 1740.2638888888828 
129767.92868035578 1278.9571428571387 
130480.46271848764 1146.1230158730127 
131455.34359545266 1023.3876984126987 
132307.28206087425 997.1289682539682 
132829.11069270482 930.9912698412699 
133282.1629378392 874.3936507936509 
134395.5829747029 744.767063492064 
135945.69175247976 678.8702380952395 
136004.6373999682 642.9876984127 
137554.74617774494 577.0908730158744 
141725.45982441882 477.20357142857205 
137377.98077936462 609.9519841269858 
137468.831878165 608.2035714285729 
137516.78260161096 588.8412698412709 
137500.05228326182 591.3972222222231 
137472.3272649895 602.546825396827 

127060.64756117348 1924.109126984119 
127796.56797649956 1873.836111111105 
128631.28289878626 1788.4519841269778 
129767.92868035578 1278.9571428571387 
130480.46271848764 1146.1230158730127 
131455.34359545266 1023.3876984126987 
133182.70604862255 944.49761904762 
134395.5829747029 744.767063492064 
137554.74617774494 577.0908730158744 
141725.45982441882 477.20357142857205 
129667.64883518784 1740.2638888888828 
132316.99138697403 1023.1626984126987 
133282.1629378392 874.3936507936509 

127060.64756117348 1924.109126984119 
127796.56797649956 1873.836111111105 
128631.28289878626 1788.4519841269778 
129667.64883518784 1740.2638888888828 
129767.92868035578 1278.9571428571387 
130480.46271848764 1146.1230158730127 
131455.34359545266 1023.3876984126987 
133282.1629378392 874.3936507936509 
136264.56074250108 739.5785714285719 
138987.03520462988 508.17261904761995 
129717.02762203812 1660.9456349206307 
131342.1105100091 1145.8980158730128 
132466.4910596408 994.7984126984127 
134395.5829747029 744.767063492064 
132316.99138697403 1023.1626984126987 

127060.64756117348 1924.109126984119 
127796.56797649956 1873.836111111105 
128631.28289878626 1788.4519841269778 
129667.64883518784 1740.2638888888828 
129767.92868035578 1278.9571428571387 
130480.46271848764 1146.1230158730127 
131455.34359545266 1023.3876984126987 
134395.5829747029 744.767063492064 
137974.90066389035 603.2523809523823 
132316.99138697403 1023.1626984126987 
136004.6373999682 642.9876984127 
132476.2003857406 1020.8321428571431 
135945.69175247976 678.8702380952395 

127060.64756117348 1924.109126984119 
127796.56797649956 1873.836111111105 
128660.71410933496 1788.2166666666599 
129667.64883518784 1740.2638888888828 
129767.92868035578 1278.9571428571387 
130480.46271848764 1146.1230158730127 
131455.34359545266 1023.3876984126987 
132829.11069270482 930.9912698412699 
134395.5829747029 744.767063492064 
140986.99729005608 569.1722222222239 
128631.28289878626 1788.4519841269778 
129653.4529252814 1760.6091269841208 
133282.1629378392 874.3936507936509 
132316.99138697403 1023.1626984126987 
137771.94102208118 730.0984126984133 
138885.36105894466 600.4718253968266 

127060.64756117348 1924.109126984119 
127796.56797649956 1873.836111111105 
128631.28289878626 1788.4519841269778 
129767.92868035578 1278.9571428571387 
130480.46271848764 1146.1230158730127 
131455.34359545266 1023.3876984126987 
134395.5829747029 744.767063492064 
137453.07203205975 669.3900793650807 
129667.64883518784 1740.2638888888828 
131342.1105100091 1145.8980158730128 
132307.28206087425 997.1289682539682 
133282.1629378392 874.3936507936509 

127060.64756117348 1924.109126984119 
127796.56797649956 1873.836111111105 
128631.28289878626 1788.4519841269778 
129767.92868035578 1278.9571428571387 
130480.46271848764 1146.1230158730127 
133282.1629378392 874.3936507936509 
134395.5829747029 744.767063492064 
129667.64883518784 1740.2638888888828 
131342.1105100091 1145.8980158730128 
137335.25228116792 666.3686507936518 
131455.34359545266 1023.3876984126987 
133952.2400556682 827.3984126984122 
132316.99138697403 1023.1626984126987 
138885.36105894466 600.4718253968266 

127060.64756117348 1924.109126984119 
127796.56797649956 1873.836111111105 
128631.28289878626 1788.4519841269778 
129767.92868035578 1278.9571428571387 
130480.46271848764 1146.1230158730127 
131455.34359545266 1023.3876984126987 
132455.53054687261 1016.2714285714286 
133420.70209773787 867.5023809523811 
137335.25228116792 666.3686507936518 
138885.36105894466 600.4718253968266 
129667.64883518784 1740.2638888888828 
129755.89390264153 1711.2023809523766 
131342.1105100091 1145.8980158730128 
132316.99138697403 1023.1626984126987 
134395.5829747029 744.767063492064 
133282.1629378392 874.3936507936509 

127060.64756117348 1924.109126984119 
127796.56797649956 1873.836111111105 
128631.28289878626 1788.4519841269778 
129667.64883518784 1740.2638888888828 
129767.92868035578 1278.9571428571387 
131455.34359545266 1023.3876984126987 
133282.1629378392 874.3936507936509 
136467.52038431028 612.7325396825414 
129736.306890139 1722.0464285714243 
130480.46271848764 1146.1230158730127 
134395.5829747029 744.767063492064 
132316.99138697403 1023.1626984126987 
137554.74617774494 577.0908730158744 

127060.64756117348 1924.109126984119 
127796.56797649956 1873.836111111105 
128631.28289878626 1788.4519841269778 
129667.64883518784 1740.2638888888828 
129767.92868035578 1278.9571428571387 
130480.46271848764 1146.1230158730127 
131455.34359545266 1023.3876984126987 
133282.1629378392 874.3936507936509 
135827.87200158788 675.8488095238108 
140986.99729005608 569.1722222222239 
137377.98077936462 609.9519841269858 
138885.36105894466 600.4718253968266 
132307.28206087425 997.1289682539682 
134395.5829747029 744.767063492064 

127060.64756117348 1924.109126984119 
127796.56797649956 1873.836111111105 
128100.06827273678 1855.5948412698347 
128311.58886624635 1845.6063492063422 
128631.28289878626 1788.4519841269778 
129667.64883518784 1740.2638888888828 
129767.92868035578 1278.9571428571387 
130480.46271848764 1146.1230158730127 
131455.34359545266 1023.3876984126987 
134395.5829747029 744.767063492064 
137324.1861411818 666.3154761904772 
132307.28206087425 997.1289682539682 
131342.1105100091 1145.8980158730128 

127060.64756117348 1924.109126984119 
127796.56797649956 1873.836111111105 
128631.28289878626 1788.4519841269778 
129667.64883518784 1740.2638888888828 
129767.92868035578 1278.9571428571387 
130480.46271848764 1146.1230158730127 
131455.34359545266 1023.3876984126987 
134395.5829747029 744.767063492064 
137974.90066389035 603.2523809523823 
132307.28206087425 997.1289682539682 
137335.25228116792 666.3686507936518 
133282.1629378392 874.3936507936509 
138885.36105894466 600.4718253968266 

127060.64756117348 1924.109126984119 
127796.56797649956 1873.836111111105 
128631.28289878626 1788.4519841269778 
129767.92868035578 1278.9571428571387 
130480.46271848764 1146.1230158730127 
131455.34359545266 1023.3876984126987 
134395.5829747029 744.767063492064 
137377.98077936462 609.9519841269858 
129667.64883518784 1740.2638888888828 
133282.1629378392 874.3936507936509 
136264.56074250108 739.5785714285719 
133441.37193660578 872.0630952380953 

127060.64756117348 1924.109126984119 
127796.56797649956 1873.836111111105 
128631.28289878626 1788.4519841269778 
129424.35101688288 1774.7083333333273 
129767.92868035578 1278.9571428571387 
130480.46271848764 1146.1230158730127 
131455.34359545266 1023.3876984126987 
133282.1629378392 874.3936507936509 
136589.57462687965 725.8599206349215 
138987.03520462988 508.17261904761995 
129410.29471130519 1774.838492063485 
129667.64883518784 1740.2638888888828 
135902.96325428304 735.2869047619054 
131342.1105100091 1145.8980158730128 
133420.70209773787 867.5023809523811 
132316.99138697403 1023.1626984126987 
132466.4910596408 994.7984126984127 
138885.36105894466 600.4718253968266 

127060.64756117348 1924.109126984119 
127796.56797649956 1873.836111111105 
128631.28289878626 1788.4519841269778 
129667.64883518784 1740.2638888888828 
129767.92868035578 1278.9571428571387 
130480.46271848764 1146.1230158730127 
131455.34359545266 1023.3876984126987 
132307.28206087425 997.1289682539682 
133282.1629378392 874.3936507936509 
134395.5829747029 744.767063492064 
138885.36105894466 600.4718253968266 
140986.99729005608 569.1722222222239 

127060.64756117348 1924.109126984119 
127796.56797649956 1873.836111111105 
128631.28289878626 1788.4519841269778 
129767.92868035578 1278.9571428571387 
130480.46271848764 1146.1230158730127 
133430.4114238376 893.5361111111114 
135902.96325428304 735.2869047619054 
131342.1105100091 1145.8980158730128 
133349.24660637352 936.1031746031746 
135866.13183734083 741.84126984127 
129667.64883518784 1740.2638888888828 
131455.34359545266 1023.3876984126987 
134395.5829747029 744.767063492064 
132307.28206087425 997.1289682539682 
137503.73730735277 731.1908730158735 

127060.64756117348 1924.109126984119 
127796.56797649956 1873.836111111105 
128631.28289878626 1788.4519841269778 
129667.64883518784 1740.2638888888828 
129767.92868035578 1278.9571428571387 
130480.46271848764 1146.1230158730127 
131455.34359545266 1023.3876984126987 
132829.11069270482 930.9912698412699 
135827.87200158788 675.8488095238108 
138987.03520462988 508.17261904761995 
133282.1629378392 874.3936507936509 
132307.28206087425 997.1289682539682 
134395.5829747029 744.767063492064 

127060.64756117348 1924.109126984119 
127796.56797649956 1873.836111111105 
128631.28289878626 1788.4519841269778 
129767.92868035578 1278.9571428571387 
130480.46271848764 1146.1230158730127 
131455.34359545266 1023.3876984126987 
132307.28206087425 997.1289682539682 
133282.1629378392 874.3936507936509 
134395.5829747029 744.767063492064 
137377.98077936462 609.9519841269858 
140986.99729005608 569.1722222222239 
129667.64883518784 1740.2638888888828 
133420.70209773787 867.5023809523811 
138885.36105894466 600.4718253968266 

127060.64756117348 1924.109126984119 
127796.56797649956 1873.836111111105 
128631.28289878626 1788.4519841269778 
129667.64883518784 1740.2638888888828 
129767.92868035578 1278.9571428571387 
130480.46271848764 1146.1230158730127 
131455.34359545266 1023.3876984126987 
132307.28206087425 997.1289682539682 
132829.11069270482 930.9912698412699 
133282.1629378392 874.3936507936509 
134395.5829747029 744.767063492064 
137377.98077936462 609.9519841269858 
141088.67143574124 476.8730158730168 

127060.64756117348 1924.109126984119 
127796.56797649956 1873.836111111105 
128631.28289878626 1788.4519841269778 
129767.92868035578 1278.9571428571387 
130480.46271848764 1146.1230158730127 
131455.34359545266 1023.3876984126987 
134970.81087551484 801.6055555555561 
137554.74617774494 577.0908730158744 
129667.64883518784 1740.2638888888828 
133282.1629378392 874.3936507936509 
132307.28206087425 997.1289682539682 
132829.11069270482 930.9912698412699 
131342.1105100091 1145.8980158730128 

