133282.1629378392 874.3936507936509 
131455.34359545266 1023.3876984126987 
130480.46271848764 1146.1230158730127 
129767.92868035578 1278.9571428571387 
129667.64883518784 1740.2638888888828 
128631.28289878626 1788.4519841269778 
127796.56797649956 1873.836111111105 
127060.64756117348 1924.109126984119 
154231.11217069087 206.12936507936493 
132569.6288997074 1007.2277777777782 
170809.20198108192 60.77936507936509 
132476.2003857406 1020.8321428571431 
131342.1105100091 1145.8980158730128 
135827.87200158788 675.8488095238108 
153672.31585097453 252.30634920634887 
160027.0618814543 153.22063492063467 
148769.47474620622 271.28095238095204 
132316.99138697403 1023.1626984126987 
163142.07241915778 137.17976190476173 
134395.5829747029 744.767063492064 
170801.5184448895 67.4015873015873 
148758.37172709068 276.31468253968217 
177199.33081785045 22.4670634920635 
193727.87834905414 3.857936507936508 
143328.38857322067 397.79920634920654 
136004.6373999682 642.9876984127 
140962.41531800586 485.54047619047685 
137377.98077936462 609.9519841269858 
137436.92642685308 574.0694444444459 
177224.54290564815 18.935317460317457 
145712.20498776695 321.28214285714273 
148767.42281424667 272.47142857142825 
140963.34931187893 483.1753968253975 
170417.54304858524 100.54126984126988 
133420.70209773787 867.5023809523811 
177173.93378782738 57.19285714285718 
143312.941224892 400.6230158730161 
141319.22186017613 409.59841269841274 
184225.903714229 18.817857142857136 
177201.99905992084 21.328571428571433 
148760.42365905026 275.124206349206 
148792.79987008122 269.2976190476188 
143329.1361190326 394.9007936507939 
177149.6328599526 57.91230158730163 
143311.98913343577 402.98809523809547 
163402.29946004535 104.98333333333335 
157659.14648796056 176.5519841269839 
138987.03520462988 508.17261904761995 
140971.7761300027 475.5908730158737 
143309.93784035064 404.1785714285716 
185510.01910257214 5.464285714285714 
140983.74969204058 475.1242063492071 
143395.3553694354 380.6753968253969 
169883.32658402857 103.42420634920626 
169897.9017371026 102.67857142857136 
185506.65674486014 8.690476190476192 
148764.7432786749 273.60992063492023 

133282.1629378392 874.3936507936509 
131455.34359545266 1023.3876984126987 
130480.46271848764 1146.1230158730127 
129767.92868035578 1278.9571428571387 
129667.64883518784 1740.2638888888828 
128631.28289878626 1788.4519841269778 
127796.56797649956 1873.836111111105 
127060.64756117348 1924.109126984119 
193562.06819757097 18.04047619047619 
154231.11217069087 206.12936507936493 
135827.87200158788 675.8488095238108 
152887.63884359825 328.67976190476156 
137377.98077936462 609.9519841269858 
184198.86532150663 27.451984126984136 
134395.5829747029 744.767063492064 
137335.25228116792 666.3686507936518 
168222.01754228206 124.00396825396817 
171124.3298062192 53.0936507936508 
132316.99138697403 1023.1626984126987 
154530.95931550756 205.9293650793649 
137436.92642685308 574.0694444444459 
171156.30366560002 46.5293650793651 
153419.29364554395 281.5242063492056 
138987.03520462988 508.17261904761995 
184230.56579054135 18.453968253968252 
138261.3695520842 570.3853174603188 
148839.5824987907 382.83888888888924 
143536.01788920735 418.20634920634984 
147721.80973933038 396.4722222222225 
146296.368923807 405.34444444444483 
140721.93872491532 501.7079365079373 
161343.5619778318 140.2230158730157 
177126.8933032743 32.43452380952381 
141674.47035132474 473.6388888888895 
132838.82001880457 957.0249999999997 

135827.87200158788 675.8488095238108 
133282.1629378392 874.3936507936509 
132316.99138697403 1023.1626984126987 
131455.34359545266 1023.3876984126987 
130480.46271848764 1146.1230158730127 
129767.92868035578 1278.9571428571387 
129667.64883518784 1740.2638888888828 
128631.28289878626 1788.4519841269778 
127796.56797649956 1873.836111111105 
127060.64756117348 1924.109126984119 
154231.11217069087 206.12936507936493 
170501.65960086312 139.78531746031732 
137377.98077936462 609.9519841269858 
174149.98414682265 128.24484126984117 
133952.2400556682 827.3984126984122 
134395.5829747029 744.767063492064 
152872.79981025434 281.1865079365075 
152868.58510039072 283.5154761904758 
162927.02039626703 140.0305555555554 
177847.08745029874 58.739682539682555 
141088.67143574124 476.8730158730168 
172352.84414903706 137.55515873015864 
138987.03520462988 508.17261904761995 
137335.25228116792 666.3686507936518 
184237.21628706748 20.427380952380954 
141405.91909806445 473.95753968254013 
145205.8588537665 363.49087301587326 
185921.81969433866 12.674999999999997 
158715.98302855846 200.05674603174572 
140714.66701141867 494.60158730158804 
147726.15121992517 359.86309523809547 
141411.08550823646 472.25793650793696 
148555.43422200662 337.14206349206347 
140729.59388486465 480.9257936507942 
145201.6439615028 365.8198412698415 
140718.34351427242 493.0019841269849 
137436.92642685308 574.0694444444459 
138987.56843707312 507.44325396825485 
142735.3538328107 423.4492063492067 
140725.38414956763 483.25476190476246 
148559.64911427026 334.81309523809523 
141405.38586562118 474.6869047619052 
153057.92609431746 263.2130952380948 
140714.1337789754 495.33095238095314 
177853.86205628293 56.410714285714306 
152865.32741382334 285.9507936507933 
148555.96032515605 336.4126984126984 
193727.87834905414 3.857936507936508 

135827.87200158788 675.8488095238108 
133282.1629378392 874.3936507936509 
131455.34359545266 1023.3876984126987 
130480.46271848764 1146.1230158730127 
129767.92868035578 1278.9571428571387 
129667.64883518784 1740.2638888888828 
128631.28289878626 1788.4519841269778 
127796.56797649956 1873.836111111105 
127060.64756117348 1924.109126984119 
154231.11217069087 206.12936507936493 
136424.79188611355 669.1492063492074 
137335.25228116792 666.3686507936518 
193727.87834905414 3.857936507936508 
171141.74357215528 54.03690476190477 
184237.21628706748 20.427380952380954 
153359.9506374005 279.18293650793606 
150856.36010731934 329.483333333333 
148950.69722276533 379.8230158730163 
152887.63884359825 328.67976190476156 
153345.55797870216 310.17698412698394 
154512.2355094141 194.8257936507935 
134395.5829747029 744.767063492064 
140836.92584417493 498.0912698412707 
164534.74225664823 97.70476190476194 
158109.9233446497 130.3829365079364 
131342.1105100091 1145.8980158730128 
185508.25546915852 8.118253968253967 
147929.12210373618 385.6194444444448 
165006.34343133957 94.45198412698413 
170127.40078021275 61.56150793650798 
137377.98077936462 609.9519841269858 
143536.01788920735 418.20634920634984 
177199.33081785045 22.4670634920635 
141434.38165809592 449.505952380953 
138987.03520462988 508.17261904761995 
145270.92140949282 411.74166666666713 
148839.5824987907 382.83888888888924 
137554.74617774494 577.0908730158744 
143169.2851783815 443.0412698412703 
145740.56803185667 404.94603174603213 
170809.20198108192 60.77936507936509 
146651.0284269112 402.1654761904766 
140721.93872491532 501.7079365079373 
185510.01910257214 5.464285714285714 
132316.99138697403 1023.1626984126987 

127796.56797649956 1873.836111111105 
127060.64756117348 1924.109126984119 
154231.11217069087 206.12936507936493 
133282.1629378392 874.3936507936509 
131455.34359545266 1023.3876984126987 
130480.46271848764 1146.1230158730127 
129767.92868035578 1278.9571428571387 
129667.64883518784 1740.2638888888828 
128631.28289878626 1788.4519841269778 
152887.63884359825 328.67976190476156 
135827.87200158788 675.8488095238108 
135492.63950734536 735.4678571428581 
184195.52930813472 24.1186507936508 
154615.59252423004 204.13293650793628 
128452.9542719598 1870.32023809523 
132316.99138697403 1023.1626984126987 
141434.38165809592 449.505952380953 
143024.94770894077 407.104761904762 
134395.5829747029 744.767063492064 
171153.06033754308 45.263888888888914 
136004.6373999682 642.9876984127 
146146.13124910736 364.1511904761905 
137436.92642685308 574.0694444444459 
164995.8114402701 89.03730158730157 
163406.4132961427 95.28650793650793 
193727.87834905414 3.857936507936508 
140026.11983961277 478.296825396826 
178188.8105312701 42.24365079365082 
160228.2076872782 167.2527777777775 
146624.9009861279 345.6928571428569 
145215.27685071577 377.94603174603157 
163404.27349318945 96.50992063492062 
132476.2003857406 1020.8321428571431 
150917.388045296 338.23809523809496 
184236.92702584385 23.52301587301588 
138948.26140778486 506.23571428571506 
145170.29567581936 390.1555555555555 
184237.21628706748 20.427380952380954 
143028.1721222633 401.0781746031746 
140692.8100708916 466.6722222222226 
185919.32025549794 13.898412698412695 
184245.5242674286 18.098412698412698 
137377.98077936462 609.9519841269858 
138976.5356743999 502.92738095238184 
143042.27177358727 399.72420634920627 
157560.6128260135 172.62420634920625 
171158.885729037 42.83492063492066 
138076.5748095755 510.95317460317546 
165046.2665108063 81.66706349206349 
144057.59216548834 394.60793650793653 

193562.06819757097 18.04047619047619 
154231.11217069087 206.12936507936493 
135827.87200158788 675.8488095238108 
133282.1629378392 874.3936507936509 
132316.99138697403 1023.1626984126987 
131455.34359545266 1023.3876984126987 
130480.46271848764 1146.1230158730127 
129767.92868035578 1278.9571428571387 
129667.64883518784 1740.2638888888828 
128631.28289878626 1788.4519841269778 
127796.56797649956 1873.836111111105 
127060.64756117348 1924.109126984119 
170703.42439109486 81.14761904761905 
170783.32920302136 58.95317460317462 
141088.67143574124 476.8730158730168 
134395.5829747029 744.767063492064 
164448.46964769464 146.76944444444428 
137377.98077936462 609.9519841269858 
164466.4929250107 142.01150793650783 
177201.79008432964 41.704761904761924 
144256.91106921484 386.7373015873017 
146330.28924696488 370.75277777777785 
138076.5748095755 510.95317460317546 
167110.28646496838 131.50793650793642 
154600.32129712822 201.91825396825385 
141222.22545960528 422.6384920634923 
166279.8747223348 139.6575396825395 
167112.09867760606 130.2845238095237 
184196.2418770204 39.56507936507937 
166375.28109448068 131.94246031746022 
167121.76036470372 127.8555555555555 
166367.7173106283 133.99007936507928 
165302.36298257147 139.95039682539672 
141184.92218227417 435.84206349206374 
140705.97327006506 497.2170634920643 
170786.17500173548 51.99642857142859 
170058.4616737593 111.70238095238095 
145180.52004916905 374.68888888888875 
159579.85449572688 165.65119047619018 
138987.03520462988 508.17261904761995 
137335.25228116792 666.3686507936518 
184230.56579054135 18.453968253968252 
152768.9118351101 264.3198412698408 
164454.17525505403 146.61825396825384 
145180.05466271963 376.25158730158716 
132838.82001880457 957.0249999999997 
140706.43865651448 495.6543650793659 
147953.84636952844 331.14642857142843 
164455.2082367471 144.44047619047603 
148423.3868848515 289.3234126984125 
143059.46722415934 415.5039682539683 
140689.95873374096 502.4440476190484 

154231.11217069087 206.12936507936493 
135827.87200158788 675.8488095238108 
133282.1629378392 874.3936507936509 
131455.34359545266 1023.3876984126987 
130480.46271848764 1146.1230158730127 
129767.92868035578 1278.9571428571387 
129667.64883518784 1740.2638888888828 
128631.28289878626 1788.4519841269778 
127796.56797649956 1873.836111111105 
127060.64756117348 1924.109126984119 
193562.06819757097 18.04047619047619 
134395.5829747029 744.767063492064 
137377.98077936462 609.9519841269858 
137436.92642685308 574.0694444444459 
143078.47666431312 434.05873015873055 
152760.56009549342 325.5761904761903 
141088.67143574124 476.8730158730168 
178175.81849487167 41.85753968253971 
137111.4032587101 659.7222222222235 
158347.58390715776 180.35833333333295 
149365.20432272315 339.29007936507924 
178169.079905819 44.18650793650796 
177853.86205628293 56.410714285714306 
132316.99138697403 1023.1626984126987 
145897.4802657044 347.20476190476205 
141434.38165809592 449.505952380953 
164672.37667718864 145.02380952380935 
151355.50756825536 327.9107142857138 
143339.34783544985 424.4571428571434 
144150.96373169497 409.22380952380973 
143536.01788920735 418.20634920634984 
177165.28624942957 59.521825396825434 
177173.93378782738 57.19285714285718 
184237.21628706748 20.427380952380954 
140721.93872491532 501.7079365079373 
171710.26214640532 142.98412698412685 
184245.5242674286 18.098412698412698 
172013.9897426706 79.84365079365081 
140892.00138198366 483.1238095238103 
193727.87834905414 3.857936507936508 
138987.03520462988 508.17261904761995 

133282.1629378392 874.3936507936509 
131455.34359545266 1023.3876984126987 
130480.46271848764 1146.1230158730127 
129767.92868035578 1278.9571428571387 
152887.63884359825 328.67976190476156 
129667.64883518784 1740.2638888888828 
128631.28289878626 1788.4519841269778 
127796.56797649956 1873.836111111105 
127060.64756117348 1924.109126984119 
154231.11217069087 206.12936507936493 
136424.79188611355 669.1492063492074 
148242.7890375034 382.4849206349209 
137377.98077936462 609.9519841269858 
132316.99138697403 1023.1626984126987 
152010.52385858298 351.05317460317474 
193727.87834905414 3.857936507936508 
153378.95317450038 286.55436507936486 
143536.01788920735 418.20634920634984 
137436.92642685308 574.0694444444459 
177159.70391330917 28.488888888888887 
154505.2308903753 199.85039682539664 
149196.55034224517 381.7785714285716 
162992.76462903438 142.83452380952363 
134395.5829747029 744.767063492064 
150786.00261248703 359.979365079365 
177215.8253840004 18.689682539682536 
133952.2400556682 827.3984126984122 
135827.87200158788 675.8488095238108 
136467.52038431028 612.7325396825414 
149364.3221352789 365.7099206349208 
146651.0284269112 402.1654761904766 
141088.67143574124 476.8730158730168 
166138.39946518253 120.66984126984126 
185505.26125026523 10.4265873015873 
177198.17607718732 19.35515873015873 
142823.57495602683 470.40833333333416 
170132.4831991679 59.34642857142862 
184247.145580394 14.05992063492063 
138987.03520462988 508.17261904761995 
184237.1089497904 15.298412698412694 
184228.79535586128 17.627380952380946 
140721.93872491532 501.7079365079373 
160179.3400566002 162.4043650793649 
185501.8652630673 12.855555555555554 
166148.3955711977 118.24087301587299 
184234.21843228844 16.488888888888884 
176247.5174836193 55.13849206349209 
184241.7287585194 15.198412698412696 
143176.58213735325 445.47460317460366 
159572.0911433187 164.90555555555525 
146296.368923807 405.34444444444483 

129667.64883518784 1740.2638888888828 
128631.28289878626 1788.4519841269778 
127796.56797649956 1873.836111111105 
127060.64756117348 1924.109126984119 
154231.11217069087 206.12936507936493 
135827.87200158788 675.8488095238108 
133282.1629378392 874.3936507936509 
131455.34359545266 1023.3876984126987 
130480.46271848764 1146.1230158730127 
129767.92868035578 1278.9571428571387 
152887.63884359825 328.67976190476156 
141470.13569000576 486.57301587301686 
134395.5829747029 744.767063492064 
164995.8114402701 89.03730158730157 
165045.9693135303 84.29603174603174 
154014.76988620232 302.77539682539646 
160798.53694326142 199.2464285714284 
171100.99003095916 62.287698412698425 
149356.27570251262 363.2765873015875 
161320.84283121015 180.06150793650767 
134379.21947048162 865.0944444444441 
138987.03520462988 508.17261904761995 
165046.2665108063 81.66706349206349 
177208.28239492845 23.747619047619047 
132316.99138697403 1023.1626984126987 
137377.98077936462 609.9519841269858 
137436.92642685308 574.0694444444459 
145012.4236526354 484.2119047619055 
146127.90978769746 368.1960317460319 
185510.01910257214 5.464285714285714 
184191.7632533946 23.47023809523809 
185501.92650564923 9.9265873015873 
184224.59916048037 20.041269841269838 
193727.87834905414 3.857936507936508 
184225.903714229 18.817857142857136 
184234.21843228844 16.488888888888884 
161312.217200052 182.37658730158702 
184232.9171411736 17.71230158730158 

129667.64883518784 1740.2638888888828 
127796.56797649956 1873.836111111105 
127060.64756117348 1924.109126984119 
154231.11217069087 206.12936507936493 
133282.1629378392 874.3936507936509 
131455.34359545266 1023.3876984126987 
130480.46271848764 1146.1230158730127 
129767.92868035578 1278.9571428571387 
128631.28289878626 1788.4519841269778 
193733.6923545913 6.886904761904762 
170757.48839071556 76.35753968253968 
170810.96361521553 63.70833333333334 
170782.36045117874 65.81825396825398 
132838.82001880457 957.0249999999997 
170814.5053514151 62.422619047619065 
185450.71398282942 8.409920634920633 
150215.89758500253 311.5575396825394 
154456.36045892793 184.22658730158705 
134395.5829747029 744.767063492064 
151955.42439689016 311.1019841269836 
145948.5675381152 375.1702380952383 
137335.25228116792 666.3686507936518 
131342.1105100091 1145.8980158730128 
164984.21702402152 91.53730158730158 
164618.74983506027 112.98412698412695 
177808.98999728917 59.03968253968256 
141725.45982441882 477.20357142857205 
165048.09533406305 85.65833333333333 
137377.98077936462 609.9519841269858 
138987.03520462988 508.17261904761995 
143827.09605553022 445.90396825396897 
135827.87200158788 675.8488095238108 
132307.28206087425 997.1289682539682 
153845.42395578974 292.5738095238089 
138885.36105894466 600.4718253968266 
160037.0273786998 142.9698412698412 
184237.21628706748 20.427380952380954 
178182.07287116 44.572619047619064 
178188.8105312701 42.24365079365082 
144442.04189801784 436.9214285714288 
184180.17427808634 27.9186507936508 
178146.93123093527 48.50158730158732 
177847.08745029874 58.739682539682555 
177853.86205628293 56.410714285714306 
178201.88032644172 39.814682539682565 
178195.14746394756 42.14365079365082 
184245.5242674286 18.098412698412698 
158912.06583572764 183.92976190476168 
177165.28624942957 59.521825396825434 
184250.13795432058 17.998412698412693 

129667.64883518784 1740.2638888888828 
128631.28289878626 1788.4519841269778 
127796.56797649956 1873.836111111105 
127060.64756117348 1924.109126984119 
154231.11217069087 206.12936507936493 
135827.87200158788 675.8488095238108 
134395.5829747029 744.767063492064 
131455.34359545266 1023.3876984126987 
130480.46271848764 1146.1230158730127 
129767.92868035578 1278.9571428571387 
170764.6086260806 72.96190476190478 
153192.06595696573 287.80674603174566 
137335.25228116792 666.3686507936518 
151632.6367389809 356.60793650793636 
137377.98077936462 609.9519841269858 
149318.9777543007 357.58253968253973 
138261.3695520842 570.3853174603188 
139811.47832986078 504.4884920634928 
131342.1105100091 1145.8980158730128 
178522.3571722822 58.975793650793655 
184190.45595390222 24.718650793650802 
133282.1629378392 874.3936507936509 
170841.9149684953 67.10396825396826 
163363.05070188476 105.46507936507935 
153182.1852570947 326.4067460317457 
141434.38165809592 449.505952380953 
140979.53995674354 477.45317460317534 
184237.21628706748 20.427380952380954 
137713.95517651158 574.760317460319 
184232.73966376347 21.78968253968254 
185504.51418786994 7.568650793650793 
138987.03520462988 508.17261904761995 
152887.63884359825 328.67976190476156 
163450.20357510104 103.22063492063491 
170792.35054976604 70.03293650793651 
177165.28624942957 59.521825396825434 
170455.31331257723 94.85634920634918 
143169.2851783815 443.0412698412703 
140721.93872491532 501.7079365079373 
183286.52142486954 56.210714285714296 
145270.92140949282 411.74166666666713 
145440.98406656118 393.1575396825402 
132466.4910596408 994.7984126984127 
169982.22293443567 99.49166666666665 
143536.01788920735 418.20634920634984 
132307.28206087425 997.1289682539682 
148555.99460426514 377.1166666666672 

154231.11217069087 206.12936507936493 
134395.5829747029 744.767063492064 
132316.99138697403 1023.1626984126987 
131455.34359545266 1023.3876984126987 
130480.46271848764 1146.1230158730127 
129767.92868035578 1278.9571428571387 
129667.64883518784 1740.2638888888828 
128631.28289878626 1788.4519841269778 
127796.56797649956 1873.836111111105 
127060.64756117348 1924.109126984119 
167094.9320394218 138.1464285714284 
148469.31109546265 343.3650793650797 
165279.76636097048 157.00198412698393 
160092.15642218862 171.0924603174601 
135827.87200158788 675.8488095238108 
141426.60449532475 450.5599206349212 
133282.1629378392 874.3936507936509 
170764.6086260806 72.96190476190478 
177147.85639466307 31.72063492063493 
137554.74617774494 577.0908730158744 
177199.33081785045 22.4670634920635 
138956.7294784517 508.07619047619136 
152670.792216968 309.6539682539678 
177195.6410895448 28.92063492063492 
142094.41925072382 411.15238095238124 
145897.4802657044 347.20476190476205 
144125.80930770544 405.786904761905 
152702.3886823772 298.110317460317 
141434.38165809592 449.505952380953 
139859.923469309 466.30238095238167 
170032.58600852822 116.41904761904759 
148991.7150747065 326.86547619047616 
170808.42526350683 56.84087301587304 
165328.31456799892 156.4686507936506 
184234.21843228844 16.488888888888884 
158303.39172348694 185.3912698412695 
158347.58390715776 180.35833333333295 
184199.11883405794 20.72738095238096 
138959.43001671575 505.3230158730167 
167112.09867760606 130.2845238095237 
137552.53791009975 578.2813492063506 
170455.31331257723 94.85634920634918 
137377.98077936462 609.9519841269858 
164614.59706747037 169.15714285714267 
170032.8906639318 114.19126984126981 
184225.903714229 18.817857142857136 
170435.61083667137 101.18095238095236 
138957.16669164333 506.5134920634929 
136004.6373999682 642.9876984127 
137562.5246836728 575.7892857142873 
184230.56579054135 18.453968253968252 
159554.24481276327 175.01190476190447 
154146.3093226485 275.674206349206 

154231.11217069087 206.12936507936493 
134395.5829747029 744.767063492064 
133282.1629378392 874.3936507936509 
131455.34359545266 1023.3876984126987 
130480.46271848764 1146.1230158730127 
129767.92868035578 1278.9571428571387 
129667.64883518784 1740.2638888888828 
128631.28289878626 1788.4519841269778 
127796.56797649956 1873.836111111105 
127060.64756117348 1924.109126984119 
193562.06819757097 18.04047619047619 
161398.587666353 164.45595238095217 
143536.01788920735 418.20634920634984 
177115.53039271914 38.578571428571436 
154604.32470862122 198.87817460317441 
135827.87200158788 675.8488095238108 
154433.6481398917 200.50198412698387 
177141.66635329014 31.72063492063493 
144108.33546976923 409.57341269841294 
166754.34268197167 125.58214285714278 
184237.21628706748 20.427380952380954 
170127.87235199675 73.05952380952384 
137377.98077936462 609.9519841269858 
151314.03061420648 339.0238095238091 
143426.88641020967 418.7865079365084 
170773.31572771663 62.82658730158733 
144150.96373169497 409.22380952380973 
146445.2554131827 352.9432539682541 
171134.68906883063 57.17539682539684 
151680.81500323743 296.40396825396795 
140884.25630942234 498.20912698412775 
141434.38165809592 449.505952380953 
143339.34783544985 424.4571428571434 
144104.32711072528 410.8666666666669 
140977.2248762868 481.742460317461 
140892.00138198366 483.1238095238103 
141088.67143574124 476.8730158730168 
137436.92642685308 574.0694444444459 
143169.2851783815 443.0412698412703 
138987.03520462988 508.17261904761995 
140979.53995674354 477.45317460317534 
145136.71040125616 384.723015873016 
170157.29888875928 70.81507936507938 
132307.28206087425 997.1289682539682 
140574.61972671113 500.24285714285793 

129667.64883518784 1740.2638888888828 
128631.28289878626 1788.4519841269778 
127796.56797649956 1873.836111111105 
127060.64756117348 1924.109126984119 
154231.11217069087 206.12936507936493 
135827.87200158788 675.8488095238108 
133282.1629378392 874.3936507936509 
132316.99138697403 1023.1626984126987 
131455.34359545266 1023.3876984126987 
130480.46271848764 1146.1230158730127 
129767.92868035578 1278.9571428571387 
134395.5829747029 744.767063492064 
128657.52421466836 1787.000793650789 
154530.82891090642 201.5182539682538 
154597.83794038894 197.17698412698397 
137377.98077936462 609.9519841269858 
152812.32982562226 288.9888888888884 
144885.75753131212 355.6214285714285 
177141.66635329014 31.72063492063493 
170769.52427121578 62.131746031746054 
143564.97897510554 397.2841269841272 
184238.8780612814 16.124999999999996 
177105.32594487973 34.649603174603186 
160685.15495582554 154.15119047619027 
138959.4070401229 513.022222222223 
165004.3764176007 86.25952380952383 
138899.50284772276 547.3607142857159 
142980.62220434198 402.6194444444444 
157435.32553372745 158.64484126984107 
163038.5532565231 126.27063492063488 
140951.15684718458 461.27857142857187 
170136.7943660623 64.9571428571429 
184225.903714229 18.817857142857136 
164999.50591760338 88.58849206349208 
137436.92642685308 574.0694444444459 
143560.76923980858 399.61309523809547 
152246.5794806388 302.12976190476155 
148748.27091514177 322.57261904761873 
184207.47464388746 18.82619047619048 
141003.0543142069 447.5055555555561 
171105.5593720731 47.340079365079376 
148744.9495732189 322.6476190476187 
136163.8463987348 640.6571428571443 
135768.56549868733 688.034920634921 
138949.51656313744 517.2309523809533 
184192.01648279506 27.582539682539682 
157483.50039720652 154.8480158730157 
140971.94516221638 457.94801587301646 
138921.85903229105 524.6039682539692 
138982.73397109105 505.8880952380961 
184234.21843228844 16.488888888888884 
138991.24493992692 505.8436507936517 
153198.5714492456 277.98571428571387 
140998.8445789099 449.83452380952434 
163436.70968915196 99.82499999999999 

127060.64756117348 1924.109126984119 
154231.11217069087 206.12936507936493 
131455.34359545266 1023.3876984126987 
130480.46271848764 1146.1230158730127 
129767.92868035578 1278.9571428571387 
129667.64883518784 1740.2638888888828 
128631.28289878626 1788.4519841269778 
170754.64069875568 78.94880952380954 
132614.73954563917 1013.940873015873 
137436.92642685308 574.0694444444459 
193727.87834905414 3.857936507936508 
171180.23992258823 57.96587301587302 
150527.8593254478 282.633333333333 
160075.13072808489 173.4079365079363 
170786.58160955913 66.6373015873016 
133282.1629378392 874.3936507936509 
164216.61201079455 141.6242063492062 
177199.33081785045 22.4670634920635 
134554.79197346955 742.4365079365085 
164551.15627535386 99.20476190476194 
153101.63028919458 216.95396825396804 
135551.58515483385 699.5853174603187 
135827.87200158788 675.8488095238108 
163026.24412998417 145.36904761904748 
160112.07312320307 167.1123015873014 
148655.7060255884 353.19285714285706 
132316.99138697403 1023.1626984126987 
146296.368923807 405.34444444444483 
184234.21843228844 16.488888888888884 
154505.2308903753 199.85039682539664 
137377.98077936462 609.9519841269858 
170809.20198108192 60.77936507936509 
184224.59916048037 20.041269841269838 
141434.38165809592 449.505952380953 
185505.3182857758 7.497619047619048 
184225.903714229 18.817857142857136 
184238.83958777605 16.388888888888882 
184232.9171411736 17.71230158730158 
157556.8054407778 176.53452380952356 
134395.5829747029 744.767063492064 
143426.88641020967 418.7865079365084 
141189.59700242255 469.3420634920641 
184247.145580394 14.05992063492063 
184245.8502926129 15.28333333333333 
140721.93872491532 501.7079365079373 
138982.73397109105 505.8880952380961 

129667.64883518784 1740.2638888888828 
128631.28289878626 1788.4519841269778 
127796.56797649956 1873.836111111105 
127060.64756117348 1924.109126984119 
154231.11217069087 206.12936507936493 
137377.98077936462 609.9519841269858 
135827.87200158788 675.8488095238108 
134395.5829747029 744.767063492064 
133282.1629378392 874.3936507936509 
132316.99138697403 1023.1626984126987 
131455.34359545266 1023.3876984126987 
130480.46271848764 1146.1230158730127 
129767.92868035578 1278.9571428571387 
135561.2944809335 725.6190476190482 
154551.26164591662 194.01904761904743 
154505.2308903753 199.85039682539664 
178177.62915929971 40.634126984127015 
137335.25228116792 666.3686507936518 
150755.6928749923 304.7349206349202 
170127.40078021275 61.56150793650798 
146127.84155857618 357.0099206349207 
138987.03520462988 508.17261904761995 
184234.21843228844 16.488888888888884 
139807.17709632198 502.2039682539691 
141294.60566835178 404.2690476190477 
144053.78198537263 388.3769841269842 
138973.09690678783 558.8126984126997 
146131.2682097862 354.06269841269847 
149115.98485758275 306.9753968253965 
178141.41732062332 44.78650793650796 
171168.9762641854 47.926190476190506 
148706.4619453206 346.51904761904746 
141088.67143574124 476.8730158730168 
165121.33074463476 115.80238095238089 
184232.9171411736 17.71230158730158 
154555.59958336648 190.7900793650792 
178175.81849487167 41.85753968253971 
137436.92642685308 574.0694444444459 
178169.079905819 44.18650793650796 
178170.89155143572 42.96309523809526 
184225.903714229 18.817857142857136 
184224.59916048037 20.041269841269838 
158098.57258730623 119.20873015873008 
158098.27539003038 121.83769841269833 
170069.6105742596 109.11547619047617 

129667.64883518784 1740.2638888888828 
128631.28289878626 1788.4519841269778 
127796.56797649956 1873.836111111105 
127060.64756117348 1924.109126984119 
154231.11217069087 206.12936507936493 
134395.5829747029 744.767063492064 
133282.1629378392 874.3936507936509 
132316.99138697403 1023.1626984126987 
131455.34359545266 1023.3876984126987 
130480.46271848764 1146.1230158730127 
129767.92868035578 1278.9571428571387 
152887.63884359825 328.67976190476156 
134917.41160653354 678.6293650793662 
135827.87200158788 675.8488095238108 
193727.87834905414 3.857936507936508 
144549.39219579977 433.46507936507993 
154546.4133245538 197.1535714285713 
154557.33407032106 186.77936507936494 
148839.5824987907 382.83888888888924 
138987.03520462988 508.17261904761995 
171145.2893143356 43.797222222222246 
154553.33147574202 189.20833333333317 
185450.71398282942 8.409920634920633 
184237.1089497904 15.298412698412694 
170801.08395090917 58.549206349206365 
137377.98077936462 609.9519841269858 
143717.96457653254 446.4841269841275 
177197.57943150628 23.26428571428572 
141725.45982441882 477.20357142857205 
137335.25228116792 666.3686507936518 
165042.00879495672 77.87142857142857 
140979.53995674354 477.45317460317534 
163008.78158280204 139.4099206349205 
185502.64448089167 8.29484126984127 
177199.33081785045 22.4670634920635 
171148.7679937967 42.57380952380955 
177207.10326443997 17.32301587301587 
185504.51418786994 7.568650793650793 
146541.89694791342 402.74563492063544 
184250.0336231424 12.86944444444444 
184247.145580394 14.05992063492063 
185505.3182857758 7.497619047619048 
170862.81047045303 57.8825396825397 
157422.18067852818 144.63134920634903 
177202.06358580227 19.25515873015873 
185510.01910257214 5.464285714285714 
184245.8502926129 15.28333333333333 
177210.07322414475 16.09960317460317 
138885.36105894466 600.4718253968266 
164460.76216067534 137.61507936507923 

131455.34359545266 1023.3876984126987 
130480.46271848764 1146.1230158730127 
129767.92868035578 1278.9571428571387 
129667.64883518784 1740.2638888888828 
128631.28289878626 1788.4519841269778 
127796.56797649956 1873.836111111105 
127060.64756117348 1924.109126984119 
154231.11217069087 206.12936507936493 
135827.87200158788 675.8488095238108 
134395.5829747029 744.767063492064 
132307.28206087425 997.1289682539682 
193727.87834905414 3.857936507936508 
141434.38165809592 449.505952380953 
137377.98077936462 609.9519841269858 
150323.59369720143 365.2690476190477 
185450.71398282942 8.409920634920633 
146595.9246679129 376.13849206349227 
170051.6465042592 114.98333333333332 
184197.40814523507 20.705158730158725 
170053.89930305444 112.68293650793649 
166138.39946518253 120.66984126984126 
128194.39547053193 1868.0615079365004 
136467.52038431028 612.7325396825414 
138987.03520462988 508.17261904761995 
170055.60731066935 111.54444444444442 
170060.1798473384 110.56388888888887 
137436.92642685308 574.0694444444459 
166082.55700098397 122.94880952380952 
164387.9100722879 158.626984126984 
184237.1089497904 15.298412698412694 
158353.72693111107 184.93730158730122 
133420.70209773787 867.5023809523811 
184228.79535586128 17.627380952380946 
128088.04365289639 1869.9920634920572 
133952.2400556682 827.3984126984122 
164451.29459099838 144.28253968253955 
159572.0911433187 164.90555555555525 
170442.77969825605 92.05634920634924 
177156.53602906514 56.80674603174607 
140721.93872491532 501.7079365079373 
177149.6328599526 57.91230158730163 
185510.01910257214 5.464285714285714 
177147.8769873041 59.13571428571433 
148831.89303336048 366.7880952380954 
143536.01788920735 418.20634920634984 
170439.04747100838 93.24682539682539 
170407.66767212984 96.36468253968253 
151173.1831404049 289.6337301587296 
170809.5402864312 64.6154761904762 
184225.903714229 18.817857142857136 
184234.21843228844 16.488888888888884 
143169.2851783815 443.0412698412703 
175267.405646223 59.72142857142862 
164462.57923026913 141.8535714285713 
177199.33081785045 22.4670634920635 
177158.28830654026 55.58333333333337 
145795.8709824588 394.46428571428623 

128631.28289878626 1788.4519841269778 
127796.56797649956 1873.836111111105 
127060.64756117348 1924.109126984119 
154231.11217069087 206.12936507936493 
135827.87200158788 675.8488095238108 
133282.1629378392 874.3936507936509 
131455.34359545266 1023.3876984126987 
130480.46271848764 1146.1230158730127 
129767.92868035578 1278.9571428571387 
177142.56251977402 35.649603174603186 
134917.41160653354 678.6293650793662 
166082.55700098397 122.94880952380952 
166133.01207152012 115.57857142857142 
166138.30503604942 113.14960317460316 
136526.46603179874 576.8500000000015 
134395.5829747029 744.767063492064 
129665.43141112554 1691.5380952380892 
170578.807864026 111.18611111111109 
141434.38165809592 449.505952380953 
164483.97861022924 143.41150793650792 
137436.92642685308 574.0694444444459 
173429.80795486172 100.41190476190476 
132316.99138697403 1023.1626984126987 
171355.80187595842 106.04047619047616 
138070.4756374136 508.2964285714294 
138980.49881927634 507.0785714285723 
160169.03592777246 159.54087301587282 
154592.89949191702 196.75912698412682 
146347.09915082357 384.26150793650817 
143152.79472036698 431.70634920634967 
177188.67405069366 30.658333333333342 
176937.48895427986 96.62658730158726 
158347.58390715776 180.35833333333295 
184245.8502926129 15.28333333333333 
151083.51288095023 303.69801587301527 
184237.1089497904 15.298412698412694 
140718.44101690332 499.76825396825484 
140712.21607683162 500.5988095238103 
148129.5787780889 332.62420634920596 
184224.59916048037 20.041269841269838 
158345.37874747004 181.0861111111107 
166132.4820806298 118.640873015873 
154558.32974699512 201.91706349206328 
143232.0886131198 400.3023809523812 
184222.35548870362 20.5563492063492 
172642.76019499594 102.84880952380948 
153384.74665619063 283.50634920634883 
184228.79535586128 17.627380952380946 
184250.0336231424 12.86944444444444 
138980.93603246796 505.5158730158738 
184220.469590782 23.48531746031746 
176917.17770474212 98.172619047619 
184247.145580394 14.05992063492063 

131455.34359545266 1023.3876984126987 
130480.46271848764 1146.1230158730127 
129767.92868035578 1278.9571428571387 
152887.63884359825 328.67976190476156 
128631.28289878626 1788.4519841269778 
127796.56797649956 1873.836111111105 
127060.64756117348 1924.109126984119 
154231.11217069087 206.12936507936493 
137377.98077936462 609.9519841269858 
135827.87200158788 675.8488095238108 
133282.1629378392 874.3936507936509 
177184.5207712856 36.39404761904762 
134395.5829747029 744.767063492064 
170793.31034463085 72.96190476190478 
150682.12011471417 360.68412698412715 
129550.9348032463 1698.268253968247 
171158.885729037 42.83492063492066 
154563.45085502186 192.3734126984125 
141747.38623922938 495.3107142857151 
170799.46637835298 70.63968253968257 
136004.6373999682 642.9876984127 
137554.74617774494 577.0908730158744 
170077.0631321925 112.26230158730156 
148839.5824987907 382.83888888888924 
170089.95608163808 112.1488095238095 
160163.62126268513 162.0642857142855 
171134.77022819105 46.226190476190496 
170075.96545561557 114.57777777777775 
184237.1089497904 15.298412698412694 
193698.74074448546 5.8579365079365076 
142102.04574233366 492.1317460317469 
138987.03520462988 508.17261904761995 
184189.55203196913 21.74682539682539 
146296.368923807 405.34444444444483 
184250.0336231424 12.86944444444444 
193727.87834905414 3.857936507936508 
143536.01788920735 418.20634920634984 
170847.29114810206 65.69484126984129 
141285.69963480774 497.00277777777853 
184241.7287585194 15.198412698412696 
157469.5647874151 164.78134920634898 
184228.79535586128 17.627380952380946 
184225.903714229 18.817857142857136 
184234.21843228844 16.488888888888884 
163074.3512217061 135.19722222222214 

129667.64883518784 1740.2638888888828 
128631.28289878626 1788.4519841269778 
127796.56797649956 1873.836111111105 
127060.64756117348 1924.109126984119 
193562.06819757097 18.04047619047619 
154231.11217069087 206.12936507936493 
133282.1629378392 874.3936507936509 
132316.99138697403 1023.1626984126987 
131455.34359545266 1023.3876984126987 
130480.46271848764 1146.1230158730127 
129767.92868035578 1278.9571428571387 
134917.41160653354 678.6293650793662 
134395.5829747029 744.767063492064 
140836.92584417493 498.0912698412707 
160123.6329067557 166.66984126984116 
158687.7686695353 179.5281746031743 
135827.87200158788 675.8488095238108 
177141.66635329014 31.72063492063493 
193715.44754519447 10.386904761904761 
150733.04171312816 280.04285714285663 
137436.92642685308 574.0694444444459 
164970.03653820523 91.90396825396824 
154328.77491803208 202.42261904761875 
133942.53072956848 801.3646825396827 
139438.46682293888 504.61111111111194 
149820.51652910165 368.0734126984128 
138076.5748095755 510.95317460317546 
163417.42784336026 96.89603174603174 
143536.01788920735 418.20634920634984 
138987.03520462988 508.17261904761995 
170108.84062360204 70.81507936507938 
136004.6373999682 642.9876984127 
158347.58390715776 180.35833333333295 
154503.7696906511 198.9281746031744 
159541.69207529398 169.1567460317457 
170809.20198108192 60.77936507936509 
141434.38165809592 449.505952380953 
131342.1105100091 1145.8980158730128 
177199.33081785045 22.4670634920635 
136526.46603179874 576.8500000000015 
137888.3580451622 570.5079365079379 
141088.67143574124 476.8730158730168 
146435.2578946588 378.4194444444443 
143169.2851783815 443.0412698412703 
140721.93872491532 501.7079365079373 
184225.903714229 18.817857142857136 
139811.47832986078 504.4884920634928 
146296.368923807 405.34444444444483 
184224.59916048037 20.041269841269838 
145270.92140949282 411.74166666666713 

129667.64883518784 1740.2638888888828 
128631.28289878626 1788.4519841269778 
127796.56797649956 1873.836111111105 
127060.64756117348 1924.109126984119 
154231.11217069087 206.12936507936493 
135827.87200158788 675.8488095238108 
133282.1629378392 874.3936507936509 
131455.34359545266 1023.3876984126987 
130480.46271848764 1146.1230158730127 
129767.92868035578 1278.9571428571387 
134395.5829747029 744.767063492064 
132316.99138697403 1023.1626984126987 
138076.5748095755 510.95317460317546 
152825.2119578009 322.9591269841266 
142940.0140674468 430.81428571428586 
170455.31331257723 94.85634920634918 
193727.87834905414 3.857936507936508 
170773.46432210988 63.70833333333334 
129572.26440520915 1784.9388888888827 
159571.62221677988 172.76746031746 
146595.9246679129 376.13849206349227 
144425.57254987647 414.49920634920625 
141088.67143574124 476.8730158730168 
177165.28624942957 59.521825396825434 
163417.42784336026 96.89603174603174 
143536.01788920735 418.20634920634984 
146056.2835048507 409.26825396825444 
144434.5384966714 413.2769841269841 
146286.1305632189 408.77380952381 
185510.01910257214 5.464285714285714 
136693.0983862235 577.3158730158744 
160052.61364820157 171.0924603174601 
154169.39769425231 274.0198412698407 
146296.368923807 405.34444444444483 
184250.13795432058 17.998412698412693 
170809.20198108192 60.77936507936509 
145270.92140949282 411.74166666666713 
143364.9512678499 422.8226190476193 
141362.0576301119 456.97142857142893 
138987.03520462988 508.17261904761995 
185505.3182857758 7.497619047619048 
149581.2153357993 339.08253968253933 
177199.33081785045 22.4670634920635 
140721.93872491532 501.7079365079373 
148795.0126346084 360.73571428571427 
184258.4371942252 15.66944444444444 
184237.21628706748 20.427380952380954 
134403.06518952156 740.8115079365086 
153938.10271651755 309.1067460317454 
143369.16100314687 420.49365079365106 
141357.8453636369 459.3003968253972 
141434.38165809592 449.505952380953 
140979.53995674354 477.45317460317534 
140711.54983929102 505.1373015873023 

129667.64883518784 1740.2638888888828 
128631.28289878626 1788.4519841269778 
127796.56797649956 1873.836111111105 
127060.64756117348 1924.109126984119 
154231.11217069087 206.12936507936493 
137377.98077936462 609.9519841269858 
135827.87200158788 675.8488095238108 
134395.5829747029 744.767063492064 
133282.1629378392 874.3936507936509 
131455.34359545266 1023.3876984126987 
130480.46271848764 1146.1230158730127 
129767.92868035578 1278.9571428571387 
160064.17314057917 172.9079365079363 
134917.41160653354 678.6293650793662 
163056.25010674543 124.08650793650789 
154555.6859609113 192.48015873015856 
154505.2308903753 199.85039682539664 
136467.52038431028 612.7325396825414 
133441.37193660578 872.0630952380953 
141193.12427583305 477.537698412699 
177821.3003267978 59.54642857142859 
160139.16916842843 166.4499999999998 
149012.49080340823 331.1638888888888 
184228.79535586128 17.627380952380946 
154519.3668740101 197.42142857142844 
178188.91063764904 39.42857142857146 
184237.1089497904 15.298412698412694 
172017.87397328336 78.25634920634923 
178169.079905819 44.18650793650796 
143717.96457653254 446.4841269841275 
177798.0109300815 60.240873015873035 
144194.73269269557 436.6440476190481 
152887.63884359825 328.67976190476156 
141100.4508226351 480.4960317460325 
177836.13043574436 57.130158730158755 
145815.56628793754 423.3964285714289 
177854.6673229618 52.372222222222234 
146651.0284269112 402.1654761904766 
184248.7526650683 14.092857142857138 
148989.35360834948 350.72896825396845 
141703.61727822883 467.89047619047665 
184250.0336231424 12.86944444444444 
184234.21843228844 16.488888888888884 
178175.81849487167 41.85753968253971 
177827.30894266718 58.88690476190477 
138895.63233599128 518.9051587301597 
138885.36105894466 600.4718253968266 
172024.61300946894 75.92738095238097 
164986.89104926816 82.26944444444446 
184225.903714229 18.817857142857136 
145815.44869604087 423.769047619048 
146296.368923807 405.34444444444483 
146662.91941132522 371.2333333333336 
177838.61819123034 55.93968253968256 
184224.59916048037 20.041269841269838 
144549.39219579977 433.46507936507993 
138987.03520462988 508.17261904761995 
177850.380151503 53.5107142857143 

154231.11217069087 206.12936507936493 
133282.1629378392 874.3936507936509 
132316.99138697403 1023.1626984126987 
131455.34359545266 1023.3876984126987 
130480.46271848764 1146.1230158730127 
129767.92868035578 1278.9571428571387 
129667.64883518784 1740.2638888888828 
128631.28289878626 1788.4519841269778 
127796.56797649956 1873.836111111105 
127060.64756117348 1924.109126984119 
170127.40078021275 61.56150793650798 
166133.01207152012 115.57857142857142 
134395.5829747029 744.767063492064 
170070.96360104412 107.58888888888887 
154574.00407412674 196.49087301587278 
141088.67143574124 476.8730158730168 
141434.38165809592 449.505952380953 
135827.87200158788 675.8488095238108 
137335.25228116792 666.3686507936518 
153416.69547619938 280.76349206349175 
154537.79701294436 197.0103174603173 
144194.73269269557 436.6440476190481 
148485.99059203538 346.48253968254 
149933.821353957 332.16785714285726 
164854.66754279507 146.08611111111094 
154505.2308903753 199.85039682539664 
170052.80736494626 110.21111111111108 
148442.6624073385 351.5908730158732 
146320.70493359634 382.0472222222224 
157452.06419400006 151.05238095238082 
152887.63884359825 328.67976190476156 
146328.24644254992 377.15039682539697 
137377.98077936462 609.9519841269858 
184237.1089497904 15.298412698412694 
140721.93872491532 501.7079365079373 
148457.74296516663 348.4138888888892 
177153.54767437192 56.72182539682543 
146290.0158448225 387.2630952380954 
148505.25645068995 343.75912698412714 
144549.39219579977 433.46507936507993 
178177.62915929971 40.634126984127015 
184228.79535586128 17.627380952380946 
184224.59916048037 20.041269841269838 
184234.21843228844 16.488888888888884 
184225.903714229 18.817857142857136 
165300.6277106578 141.1865079365078 
137436.92642685308 574.0694444444459 
178191.61803412865 38.23809523809526 
143886.975779281 442.1178571428574 
138987.03520462988 508.17261904761995 
178170.89155143572 42.96309523809526 
177817.07049618935 51.14722222222224 
178169.079905819 44.18650793650796 
178175.81849487167 41.85753968253971 

129667.64883518784 1740.2638888888828 
128631.28289878626 1788.4519841269778 
127796.56797649956 1873.836111111105 
127060.64756117348 1924.109126984119 
154231.11217069087 206.12936507936493 
137377.98077936462 609.9519841269858 
133282.1629378392 874.3936507936509 
132316.99138697403 1023.1626984126987 
131455.34359545266 1023.3876984126987 
130480.46271848764 1146.1230158730127 
129767.92868035578 1278.9571428571387 
133441.37193660578 872.0630952380953 
134395.5829747029 744.767063492064 
141088.67143574124 476.8730158730168 
136004.6373999682 642.9876984127 
193727.87834905414 3.857936507936508 
161171.09077212831 175.89841269841247 
170132.06546625425 59.132539682539715 
164511.1624907387 83.37777777777782 
170127.40078021275 61.56150793650798 
177828.02577860336 51.53333333333335 
138987.03520462988 508.17261904761995 
149356.27570251262 363.2765873015875 
177172.5483692399 57.09285714285718 
135827.87200158788 675.8488095238108 
164121.102785914 121.6230158730158 
152887.63884359825 328.67976190476156 
153419.29364554395 281.5242063492056 
146466.49042770464 369.9154761904764 
184241.7287585194 15.198412698412696 
177834.78565674176 49.204365079365104 
185510.01910257214 5.464285714285714 
150296.94936177996 357.39722222222247 
177181.19111002178 54.76388888888892 
178181.58591879386 40.27023809523812 
140721.93872491532 501.7079365079373 
184224.59916048037 20.041269841269838 
179677.862664807 30.13452380952381 
154519.3668740101 197.42142857142844 
143536.01788920735 418.20634920634984 
184228.79535586128 17.627380952380946 
137436.92642685308 574.0694444444459 
146296.368923807 405.34444444444483 
184227.5051094004 18.85079365079365 
145270.92140949282 411.74166666666713 

154231.11217069087 206.12936507936493 
135827.87200158788 675.8488095238108 
133282.1629378392 874.3936507936509 
132316.99138697403 1023.1626984126987 
131455.34359545266 1023.3876984126987 
130480.46271848764 1146.1230158730127 
129667.64883518784 1740.2638888888828 
128631.28289878626 1788.4519841269778 
127796.56797649956 1873.836111111105 
127060.64756117348 1924.109126984119 
170758.22318972118 70.03293650793651 
177165.37764628278 34.649603174603186 
145401.475528729 402.29920634920677 
141088.67143574124 476.8730158730168 
146311.70966278022 398.1380952380957 
141434.38165809592 449.505952380953 
152893.97094011548 322.69682539682503 
166223.11967764696 134.6150793650792 
141430.044684752 450.5865079365085 
138986.74559384855 509.5531746031755 
129767.92868035578 1278.9571428571387 
136004.6373999682 642.9876984127 
140892.00138198366 483.1238095238103 
150375.9020149715 348.35634920634925 
148552.2702261116 386.36904761904816 
164153.0166086217 195.51230158730132 
134395.5829747029 744.767063492064 
165534.688414004 188.9749999999997 
145290.31049468406 417.36507936507985 
152887.63884359825 328.67976190476156 
137436.92642685308 574.0694444444459 
184228.79535586128 17.627380952380946 
140974.6871116148 478.5337301587309 
161632.33076253373 205.74246031745997 
184225.903714229 18.817857142857136 
147254.63947140123 394.5761904761906 
164134.12802423845 201.39444444444422 
140979.53995674354 477.45317460317534 
184224.59916048037 20.041269841269838 
143426.88641020967 418.7865079365084 
138987.03520462988 508.17261904761995 
140717.08587978658 502.7884920634928 
140721.93872491532 501.7079365079373 
137373.12793423588 611.0325396825415 
146307.3726894362 399.21865079365125 
143422.5494368657 419.8670634920639 
137377.98077936462 609.9519841269858 
167082.58892413555 124.26865079365074 
148764.72262647405 353.5293650793651 
143164.94820503757 444.12182539682584 
148555.99460426514 377.1166666666672 
170787.4604229261 53.68690476190479 

129667.64883518784 1740.2638888888828 
128631.28289878626 1788.4519841269778 
127796.56797649956 1873.836111111105 
127060.64756117348 1924.109126984119 
154231.11217069087 206.12936507936493 
135827.87200158788 675.8488095238108 
133282.1629378392 874.3936507936509 
131455.34359545266 1023.3876984126987 
130480.46271848764 1146.1230158730127 
129767.92868035578 1278.9571428571387 
177182.69699320119 31.72063492063493 
152499.4521691897 299.3035714285711 
167125.12341221896 136.60912698412685 
133952.2400556682 827.3984126984122 
170103.48914132663 112.88214285714284 
141434.38165809592 449.505952380953 
193727.87834905414 3.857936507936508 
140721.93872491532 501.7079365079373 
164451.29459099838 144.28253968253955 
134395.5829747029 744.767063492064 
148819.51780779063 360.91785714285714 
136526.46603179874 576.8500000000015 
132316.99138697403 1023.1626984126987 
140979.53995674354 477.45317460317534 
184250.52009518316 14.91944444444444 
146587.44709012995 433.0420634920639 
144549.39219579977 433.46507936507993 
152818.31646205916 284.1654761904758 
157360.8994911383 148.89841269841256 
146598.06380327328 431.1424603174605 
170814.29980457737 65.00714285714285 
146651.0284269112 402.1654761904766 
184234.21843228844 16.488888888888884 
185505.3182857758 7.497619047619048 
141088.67143574124 476.8730158730168 
138987.03520462988 508.17261904761995 
143827.09605553022 445.90396825396897 
170089.49255095908 115.31111111111107 
184245.8502926129 15.28333333333333 
184232.9171411736 17.71230158730158 
136004.6373999682 642.9876984127 
184224.59916048037 20.041269841269838 
170096.7562788324 115.2111111111111 
170455.31331257723 94.85634920634918 
164462.57923026913 141.8535714285713 
170082.75489084903 117.64007936507933 
184225.903714229 18.817857142857136 
177149.6328599526 57.91230158730163 
177172.5483692399 57.09285714285718 

129667.64883518784 1740.2638888888828 
128631.28289878626 1788.4519841269778 
127796.56797649956 1873.836111111105 
127060.64756117348 1924.109126984119 
154231.11217069087 206.12936507936493 
135827.87200158788 675.8488095238108 
132316.99138697403 1023.1626984126987 
131455.34359545266 1023.3876984126987 
130480.46271848764 1146.1230158730127 
129767.92868035578 1278.9571428571387 
154529.44831969184 204.065476190476 
164989.05892516166 104.32936507936505 
177129.68076432275 33.40119047619048 
165122.25160539924 97.98809523809523 
132569.6288997074 1007.2277777777782 
154561.173109981 198.851984126984 
157451.30054179908 161.04880952380935 
154560.86669659347 201.48095238095223 
137554.74617774494 577.0908730158744 
184197.41140679168 20.745238095238097 
137377.98077936462 609.9519841269858 
177088.38435490744 61.43968253968258 
170921.22067132412 75.98690476190475 
165093.75131921147 98.35039682539681 
163093.9858727751 149.99444444444424 
148621.15286728556 363.13174603174633 
133282.1629378392 874.3936507936509 
184241.7287585194 15.198412698412696 
184204.8527249942 16.988888888888884 
138987.03520462988 508.17261904761995 
134395.5829747029 744.767063492064 
145017.5513260595 370.9289682539685 
140721.93872491532 501.7079365079373 
141088.67143574124 476.8730158730168 
184234.21843228844 16.488888888888884 
149971.82187435598 273.34722222222183 
143008.24414736294 409.17539682539683 
141434.38165809592 449.505952380953 

129667.64883518784 1740.2638888888828 
128631.28289878626 1788.4519841269778 
127796.56797649956 1873.836111111105 
127060.64756117348 1924.109126984119 
154231.11217069087 206.12936507936493 
137377.98077936462 609.9519841269858 
134395.5829747029 744.767063492064 
133282.1629378392 874.3936507936509 
131455.34359545266 1023.3876984126987 
130480.46271848764 1146.1230158730127 
129767.92868035578 1278.9571428571387 
169971.89667621077 96.5626984126984 
193727.87834905414 3.857936507936508 
132307.28206087425 997.1289682539682 
148839.5824987907 382.83888888888924 
163417.42784336026 96.89603174603174 
146296.368923807 405.34444444444483 
135827.87200158788 675.8488095238108 
146651.0284269112 402.1654761904766 
148186.2282092303 383.82857142857193 
160027.0618814543 153.22063492063467 
185510.01910257214 5.464285714285714 
150671.3470656667 363.0753968253969 
154451.40665721524 182.58333333333306 
151810.81866746864 328.88174603174554 
170809.20198108192 60.77936507936509 
137436.92642685308 574.0694444444459 
140721.93872491532 501.7079365079373 
170455.31331257723 94.85634920634918 
152728.08540658912 313.3269841269836 
163142.07241915778 137.17976190476173 
184227.5051094004 18.85079365079365 
184258.4371942252 15.66944444444444 
128661.2116264537 1777.7583333333278 
138987.03520462988 508.17261904761995 
184224.59916048037 20.041269841269838 
177165.28624942957 59.521825396825434 
177199.33081785045 22.4670634920635 
184235.82197598877 16.521825396825392 
150042.7134509153 365.1996031746033 
141088.67143574124 476.8730158730168 
140880.29461130634 501.2095238095246 
141351.49819522537 421.0603174603177 
159581.2585860035 167.4817460317457 

129667.64883518784 1740.2638888888828 
128631.28289878626 1788.4519841269778 
127796.56797649956 1873.836111111105 
127060.64756117348 1924.109126984119 
193562.06819757097 18.04047619047619 
154231.11217069087 206.12936507936493 
135827.87200158788 675.8488095238108 
133282.1629378392 874.3936507936509 
132316.99138697403 1023.1626984126987 
131455.34359545266 1023.3876984126987 
130480.46271848764 1146.1230158730127 
129767.92868035578 1278.9571428571387 
177182.69699320119 31.72063492063493 
136004.6373999682 642.9876984127 
163448.71711307965 108.3940476190476 
162979.57094537455 147.11349206349192 
134917.41160653354 678.6293650793662 
184195.24083796694 20.541269841269838 
141434.38165809592 449.505952380953 
154623.4098061053 201.85039682539673 
141088.67143574124 476.8730158730168 
140836.92584417493 498.0912698412707 
170072.13357831235 104.87698412698414 
170784.36983041433 66.6373015873016 
148416.40082331526 259.8968253968251 
137377.98077936462 609.9519841269858 
146651.0284269112 402.1654761904766 
143536.01788920735 418.20634920634984 
134395.5829747029 744.767063492064 
146296.368923807 405.34444444444483 
132829.11069270482 930.9912698412699 
145270.92140949282 411.74166666666713 
140721.93872491532 501.7079365079373 
143169.2851783815 443.0412698412703 
137436.92642685308 574.0694444444459 
184224.59916048037 20.041269841269838 
138987.03520462988 508.17261904761995 

