129667.64883518784 1740.2638888888828 
128631.28289878626 1788.4519841269778 
127796.56797649956 1873.836111111105 
127060.64756117348 1924.109126984119 
193562.06819757097 18.04047619047619 
154231.11217069087 206.12936507936493 
138885.36105894466 600.4718253968266 
137377.98077936462 609.9519841269858 
135827.87200158788 675.8488095238108 
134395.5829747029 744.767063492064 
133282.1629378392 874.3936507936509 
132316.99138697403 1023.1626984126987 
131455.34359545266 1023.3876984126987 
130480.46271848764 1146.1230158730127 
129767.92868035578 1278.9571428571387 
184237.21628706748 20.427380952380954 
176128.7877237399 197.29801587301557 
152887.63884359825 328.67976190476156 
148839.5824987907 382.83888888888924 
133952.2400556682 827.3984126984122 
137335.25228116792 666.3686507936518 
138987.03520462988 508.17261904761995 
143169.2851783815 443.0412698412703 
154335.85787415813 205.69404761904732 

129667.64883518784 1740.2638888888828 
128631.28289878626 1788.4519841269778 
127796.56797649956 1873.836111111105 
127060.64756117348 1924.109126984119 
193562.06819757097 18.04047619047619 
154231.11217069087 206.12936507936493 
138885.36105894466 600.4718253968266 
137377.98077936462 609.9519841269858 
135827.87200158788 675.8488095238108 
134395.5829747029 744.767063492064 
133282.1629378392 874.3936507936509 
132316.99138697403 1023.1626984126987 
131455.34359545266 1023.3876984126987 
130480.46271848764 1146.1230158730127 
129767.92868035578 1278.9571428571387 
184237.21628706748 20.427380952380954 
176128.7877237399 197.29801587301557 
132455.53054687261 1016.2714285714286 
152887.63884359825 328.67976190476156 
137291.6285126306 650.9261904761921 
138987.03520462988 508.17261904761995 
145075.5498972611 480.8047619047628 

129667.64883518784 1740.2638888888828 
128631.28289878626 1788.4519841269778 
127796.56797649956 1873.836111111105 
127060.64756117348 1924.109126984119 
193562.06819757097 18.04047619047619 
154231.11217069087 206.12936507936493 
128656.4318823187 1780.3674603174559 
143434.34374352221 510.5055555555568 
138885.36105894466 600.4718253968266 
137377.98077936462 609.9519841269858 
135827.87200158788 675.8488095238108 
133282.1629378392 874.3936507936509 
132316.99138697403 1023.1626984126987 
131455.34359545266 1023.3876984126987 
130480.46271848764 1146.1230158730127 
129767.92868035578 1278.9571428571387 
184237.21628706748 20.427380952380954 
176128.7877237399 197.29801587301557 
131342.1105100091 1145.8980158730128 
148839.5824987907 382.83888888888924 
135139.72920038117 825.3087301587301 
140349.369983925 594.7611111111124 
144094.5504944474 461.41230158730224 

193562.06819757097 18.04047619047619 
154231.11217069087 206.12936507936493 
143434.34374352221 510.5055555555568 
140986.99729005608 569.1722222222239 
138885.36105894466 600.4718253968266 
137377.98077936462 609.9519841269858 
135827.87200158788 675.8488095238108 
134395.5829747029 744.767063492064 
133282.1629378392 874.3936507936509 
132316.99138697403 1023.1626984126987 
131455.34359545266 1023.3876984126987 
130480.46271848764 1146.1230158730127 
129767.92868035578 1278.9571428571387 
184237.21628706748 20.427380952380954 
152887.63884359825 328.67976190476156 
148839.5824987907 382.83888888888924 
145803.39441019864 503.19087301587416 
129667.64883518784 1740.2638888888828 
128631.28289878626 1788.4519841269778 
127796.56797649956 1873.836111111105 
127060.64756117348 1924.109126984119 
133952.2400556682 827.3984126984122 
137335.25228116792 666.3686507936518 
140349.369983925 594.7611111111124 
154563.95624079576 190.0579365079363 

138885.36105894466 600.4718253968266 
137377.98077936462 609.9519841269858 
135827.87200158788 675.8488095238108 
134395.5829747029 744.767063492064 
133282.1629378392 874.3936507936509 
132316.99138697403 1023.1626984126987 
131455.34359545266 1023.3876984126987 
130480.46271848764 1146.1230158730127 
129767.92868035578 1278.9571428571387 
184237.21628706748 20.427380952380954 
176128.7877237399 197.29801587301557 
170188.06644064008 223.45436507936466 
164291.80446610707 312.50198412698376 
157253.91899689037 314.5416666666663 
152887.63884359825 328.67976190476156 
148839.5824987907 382.83888888888924 
129667.64883518784 1740.2638888888828 
128631.28289878626 1788.4519841269778 
127796.56797649956 1873.836111111105 
127060.64756117348 1924.109126984119 
133202.9700401211 1001.6563492063503 
137335.25228116792 666.3686507936518 
138987.03520462988 508.17261904761995 
143169.2851783815 443.0412698412703 

133282.1629378392 874.3936507936509 
132316.99138697403 1023.1626984126987 
131455.34359545266 1023.3876984126987 
130480.46271848764 1146.1230158730127 
129767.92868035578 1278.9571428571387 
184237.21628706748 20.427380952380954 
176128.7877237399 197.29801587301557 
152887.63884359825 328.67976190476156 
148839.5824987907 382.83888888888924 
145803.39441019864 503.19087301587416 
129667.64883518784 1740.2638888888828 
128631.28289878626 1788.4519841269778 
127796.56797649956 1873.836111111105 
127060.64756117348 1924.109126984119 
193562.06819757097 18.04047619047619 
154231.11217069087 206.12936507936493 
132455.53054687261 1016.2714285714286 
143434.34374352221 510.5055555555568 
134395.5829747029 744.767063492064 
135827.87200158788 675.8488095238108 
137317.49105181295 647.0071428571446 

152887.63884359825 328.67976190476156 
148839.5824987907 382.83888888888924 
129667.64883518784 1740.2638888888828 
128631.28289878626 1788.4519841269778 
127796.56797649956 1873.836111111105 
127060.64756117348 1924.109126984119 
193562.06819757097 18.04047619047619 
154231.11217069087 206.12936507936493 
129767.92868035578 1278.9571428571387 
143434.34374352221 510.5055555555568 
138885.36105894466 600.4718253968266 
137377.98077936462 609.9519841269858 
135827.87200158788 675.8488095238108 
134395.5829747029 744.767063492064 
133282.1629378392 874.3936507936509 
132316.99138697403 1023.1626984126987 
131455.34359545266 1023.3876984126987 
130480.46271848764 1146.1230158730127 
184237.21628706748 20.427380952380954 
134917.41160653354 678.6293650793662 
138970.45151377012 557.2400793650808 
144549.39219579977 433.46507936507993 

129667.64883518784 1740.2638888888828 
128631.28289878626 1788.4519841269778 
127796.56797649956 1873.836111111105 
127060.64756117348 1924.109126984119 
193562.06819757097 18.04047619047619 
154231.11217069087 206.12936507936493 
143434.34374352221 510.5055555555568 
140986.99729005608 569.1722222222239 
138885.36105894466 600.4718253968266 
137377.98077936462 609.9519841269858 
135827.87200158788 675.8488095238108 
134395.5829747029 744.767063492064 
133282.1629378392 874.3936507936509 
132316.99138697403 1023.1626984126987 
131455.34359545266 1023.3876984126987 
130480.46271848764 1146.1230158730127 
129767.92868035578 1278.9571428571387 
184237.21628706748 20.427380952380954 
176128.7877237399 197.29801587301557 
152887.63884359825 328.67976190476156 
148839.5824987907 382.83888888888924 
134917.41160653354 678.6293650793662 
137335.25228116792 666.3686507936518 
143849.02247034092 464.0111111111119 

193562.06819757097 18.04047619047619 
154231.11217069087 206.12936507936493 
143434.34374352221 510.5055555555568 
140986.99729005608 569.1722222222239 
138885.36105894466 600.4718253968266 
137377.98077936462 609.9519841269858 
135827.87200158788 675.8488095238108 
134395.5829747029 744.767063492064 
133282.1629378392 874.3936507936509 
132316.99138697403 1023.1626984126987 
131455.34359545266 1023.3876984126987 
130480.46271848764 1146.1230158730127 
129767.92868035578 1278.9571428571387 
184237.21628706748 20.427380952380954 
176128.7877237399 197.29801587301557 
152887.63884359825 328.67976190476156 
129671.51507495118 1731.438888888881 
129667.64883518784 1740.2638888888828 
128631.28289878626 1788.4519841269778 
127796.56797649956 1873.836111111105 
127060.64756117348 1924.109126984119 
145747.9304565173 486.3353174603183 

132316.99138697403 1023.1626984126987 
131455.34359545266 1023.3876984126987 
130480.46271848764 1146.1230158730127 
129767.92868035578 1278.9571428571387 
184237.21628706748 20.427380952380954 
176128.7877237399 197.29801587301557 
152887.63884359825 328.67976190476156 
148839.5824987907 382.83888888888924 
145803.39441019864 503.19087301587416 
129667.64883518784 1740.2638888888828 
128631.28289878626 1788.4519841269778 
127796.56797649956 1873.836111111105 
127060.64756117348 1924.109126984119 
193562.06819757097 18.04047619047619 
131342.1105100091 1145.8980158730128 
154231.11217069087 206.12936507936493 
143434.34374352221 510.5055555555568 
140986.99729005608 569.1722222222239 
134395.5829747029 744.767063492064 
137377.98077936462 609.9519841269858 
135827.87200158788 675.8488095238108 
133282.1629378392 874.3936507936509 

129667.64883518784 1740.2638888888828 
128631.28289878626 1788.4519841269778 
127796.56797649956 1873.836111111105 
127060.64756117348 1924.109126984119 
193562.06819757097 18.04047619047619 
154231.11217069087 206.12936507936493 
143434.34374352221 510.5055555555568 
140986.99729005608 569.1722222222239 
129767.92868035578 1278.9571428571387 
137377.98077936462 609.9519841269858 
135827.87200158788 675.8488095238108 
134395.5829747029 744.767063492064 
133282.1629378392 874.3936507936509 
132316.99138697403 1023.1626984126987 
131455.34359545266 1023.3876984126987 
130480.46271848764 1146.1230158730127 
184237.21628706748 20.427380952380954 
176128.7877237399 197.29801587301557 
133441.37193660578 872.0630952380953 
152887.63884359825 328.67976190476156 
140349.369983925 594.7611111111124 
145803.39441019864 503.19087301587416 

129767.92868035578 1278.9571428571387 
184237.21628706748 20.427380952380954 
176128.7877237399 197.29801587301557 
152887.63884359825 328.67976190476156 
148839.5824987907 382.83888888888924 
145803.39441019864 503.19087301587416 
129667.64883518784 1740.2638888888828 
128631.28289878626 1788.4519841269778 
127796.56797649956 1873.836111111105 
127060.64756117348 1924.109126984119 
129168.30648509068 1753.853174603168 
193562.06819757097 18.04047619047619 
154231.11217069087 206.12936507936493 
143434.34374352221 510.5055555555568 
140986.99729005608 569.1722222222239 
138885.36105894466 600.4718253968266 
133282.1629378392 874.3936507936509 
135827.87200158788 675.8488095238108 
134395.5829747029 744.767063492064 
132316.99138697403 1023.1626984126987 
131455.34359545266 1023.3876984126987 
130480.46271848764 1146.1230158730127 

129667.64883518784 1740.2638888888828 
128631.28289878626 1788.4519841269778 
127796.56797649956 1873.836111111105 
127060.64756117348 1924.109126984119 
193562.06819757097 18.04047619047619 
185046.99646332918 45.10476190476189 
154231.11217069087 206.12936507936493 
185219.13413833853 29.847619047619048 
193491.26102252686 24.498412698412697 
193530.97988354316 21.069444444444443 
138885.36105894466 600.4718253968266 
137377.98077936462 609.9519841269858 
135827.87200158788 675.8488095238108 
134395.5829747029 744.767063492064 
133282.1629378392 874.3936507936509 
132316.99138697403 1023.1626984126987 
131455.34359545266 1023.3876984126987 
130480.46271848764 1146.1230158730127 
129767.92868035578 1278.9571428571387 
132569.6288997074 1007.2277777777782 
176128.7877237399 197.29801587301557 
133952.2400556682 827.3984126984122 
135561.2944809335 725.6190476190482 
137282.38969815665 615.6130952380973 
138987.03520462988 508.17261904761995 
146160.692942494 477.27380952381037 

154231.11217069087 206.12936507936493 
138885.36105894466 600.4718253968266 
137377.98077936462 609.9519841269858 
135827.87200158788 675.8488095238108 
134395.5829747029 744.767063492064 
133282.1629378392 874.3936507936509 
132316.99138697403 1023.1626984126987 
131455.34359545266 1023.3876984126987 
130480.46271848764 1146.1230158730127 
129767.92868035578 1278.9571428571387 
184237.21628706748 20.427380952380954 
152887.63884359825 328.67976190476156 
148839.5824987907 382.83888888888924 
129667.64883518784 1740.2638888888828 
128631.28289878626 1788.4519841269778 
127796.56797649956 1873.836111111105 
127060.64756117348 1924.109126984119 
133952.2400556682 827.3984126984122 
137335.25228116792 666.3686507936518 
138987.03520462988 508.17261904761995 
143849.02247034092 464.0111111111119 
154588.43913483262 196.75912698412682 

140986.99729005608 569.1722222222239 
138885.36105894466 600.4718253968266 
137377.98077936462 609.9519841269858 
135827.87200158788 675.8488095238108 
134395.5829747029 744.767063492064 
133282.1629378392 874.3936507936509 
132316.99138697403 1023.1626984126987 
131455.34359545266 1023.3876984126987 
130480.46271848764 1146.1230158730127 
129767.92868035578 1278.9571428571387 
184237.21628706748 20.427380952380954 
176128.7877237399 197.29801587301557 
170188.06644064008 223.45436507936466 
164291.80446610707 312.50198412698376 
157253.91899689037 314.5416666666663 
152887.63884359825 328.67976190476156 
148839.5824987907 382.83888888888924 
145803.39441019864 503.19087301587416 
129667.64883518784 1740.2638888888828 
128631.28289878626 1788.4519841269778 
127796.56797649956 1873.836111111105 
127060.64756117348 1924.109126984119 
131342.1105100091 1145.8980158730128 
193562.06819757097 18.04047619047619 
137335.25228116792 666.3686507936518 
140349.369983925 594.7611111111124 
143434.34374352221 510.5055555555568 

129667.64883518784 1740.2638888888828 
128631.28289878626 1788.4519841269778 
127796.56797649956 1873.836111111105 
127060.64756117348 1924.109126984119 
193562.06819757097 18.04047619047619 
154231.11217069087 206.12936507936493 
137377.98077936462 609.9519841269858 
135827.87200158788 675.8488095238108 
128625.99708129543 1797.8242063491994 
133282.1629378392 874.3936507936509 
132316.99138697403 1023.1626984126987 
131455.34359545266 1023.3876984126987 
130480.46271848764 1146.1230158730127 
129767.92868035578 1278.9571428571387 
184237.21628706748 20.427380952380954 
152887.63884359825 328.67976190476156 
148839.5824987907 382.83888888888924 
134714.4519647242 805.4753968253966 
134917.41160653354 678.6293650793662 
137335.25228116792 666.3686507936518 
138987.03520462988 508.17261904761995 
143638.93180074528 436.24563492063544 

154231.11217069087 206.12936507936493 
130480.46271848764 1146.1230158730127 
148839.5824987907 382.83888888888924 
127796.56797649956 1873.836111111105 
138885.36105894466 600.4718253968266 
134395.5829747029 744.767063492064 
131455.34359545266 1023.3876984126987 
184237.21628706748 20.427380952380954 
152887.63884359825 328.67976190476156 
129667.64883518784 1740.2638888888828 
127060.64756117348 1924.109126984119 
193562.06819757097 18.04047619047619 
137377.98077936462 609.9519841269858 
129767.92868035578 1278.9571428571387 
128631.28289878626 1788.4519841269778 
133430.4114238376 893.5361111111114 
134917.41160653354 678.6293650793662 
140986.99729005608 569.1722222222239 

152887.63884359825 328.67976190476156 
148839.5824987907 382.83888888888924 
129667.64883518784 1740.2638888888828 
128631.28289878626 1788.4519841269778 
127796.56797649956 1873.836111111105 
127060.64756117348 1924.109126984119 
185173.90741966234 41.344047619047615 
193562.06819757097 18.04047619047619 
185046.99646332918 45.10476190476189 
154231.11217069087 206.12936507936493 
185219.13413833853 29.847619047619048 
193491.26102252686 24.498412698412697 
193530.97988354316 21.069444444444443 
143434.34374352221 510.5055555555568 
137377.98077936462 609.9519841269858 
135827.87200158788 675.8488095238108 
134395.5829747029 744.767063492064 
132316.99138697403 1023.1626984126987 
131455.34359545266 1023.3876984126987 
130480.46271848764 1146.1230158730127 
129767.92868035578 1278.9571428571387 
137288.57480317715 654.0924603174618 
138076.5748095755 510.95317460317546 
143638.93180074528 436.24563492063544 

137377.98077936462 609.9519841269858 
133282.1629378392 874.3936507936509 
132316.99138697403 1023.1626984126987 
129767.92868035578 1278.9571428571387 
129667.64883518784 1740.2638888888828 
127060.64756117348 1924.109126984119 
185046.99646332918 45.10476190476189 
185219.13413833853 29.847619047619048 
193530.97988354316 21.069444444444443 
130480.46271848764 1146.1230158730127 
176128.7877237399 197.29801587301557 
152887.63884359825 328.67976190476156 
193562.06819757097 18.04047619047619 
154231.11217069087 206.12936507936493 
135827.87200158788 675.8488095238108 
131342.1105100091 1145.8980158730128 
133441.37193660578 872.0630952380953 
138987.03520462988 508.17261904761995 
143849.02247034092 464.0111111111119 

152887.63884359825 328.67976190476156 
148839.5824987907 382.83888888888924 
129667.64883518784 1740.2638888888828 
128631.28289878626 1788.4519841269778 
127796.56797649956 1873.836111111105 
127060.64756117348 1924.109126984119 
185173.90741966234 41.344047619047615 
185046.99646332918 45.10476190476189 
154231.11217069087 206.12936507936493 
185219.13413833853 29.847619047619048 
193491.26102252686 24.498412698412697 
193530.97988354316 21.069444444444443 
143434.34374352221 510.5055555555568 
138885.36105894466 600.4718253968266 
137377.98077936462 609.9519841269858 
135827.87200158788 675.8488095238108 
134395.5829747029 744.767063492064 
133282.1629378392 874.3936507936509 
132316.99138697403 1023.1626984126987 
131455.34359545266 1023.3876984126987 
130480.46271848764 1146.1230158730127 
129767.92868035578 1278.9571428571387 
140315.09721234426 564.2289682539698 
144151.13845483298 475.0571428571437 

129667.64883518784 1740.2638888888828 
128631.28289878626 1788.4519841269778 
127796.56797649956 1873.836111111105 
127060.64756117348 1924.109126984119 
193562.06819757097 18.04047619047619 
154231.11217069087 206.12936507936493 
135827.87200158788 675.8488095238108 
134395.5829747029 744.767063492064 
133282.1629378392 874.3936507936509 
132316.99138697403 1023.1626984126987 
131455.34359545266 1023.3876984126987 
130480.46271848764 1146.1230158730127 
129767.92868035578 1278.9571428571387 
184237.21628706748 20.427380952380954 
176128.7877237399 197.29801587301557 
152887.63884359825 328.67976190476156 
148839.5824987907 382.83888888888924 
136424.79188611355 669.1492063492074 
136526.46603179874 576.8500000000015 
138987.03520462988 508.17261904761995 
143638.93180074528 436.24563492063544 

127796.56797649956 1873.836111111105 
127060.64756117348 1924.109126984119 
193562.06819757097 18.04047619047619 
154231.11217069087 206.12936507936493 
143434.34374352221 510.5055555555568 
140986.99729005608 569.1722222222239 
138885.36105894466 600.4718253968266 
137377.98077936462 609.9519841269858 
135827.87200158788 675.8488095238108 
134395.5829747029 744.767063492064 
133282.1629378392 874.3936507936509 
132316.99138697403 1023.1626984126987 
131455.34359545266 1023.3876984126987 
130480.46271848764 1146.1230158730127 
129767.92868035578 1278.9571428571387 
184237.21628706748 20.427380952380954 
176128.7877237399 197.29801587301557 
152887.63884359825 328.67976190476156 
148839.5824987907 382.83888888888924 
145803.39441019864 503.19087301587416 
132614.73954563917 1013.940873015873 
137335.25228116792 666.3686507936518 
129667.64883518784 1740.2638888888828 
128631.28289878626 1788.4519841269778 

176128.7877237399 197.29801587301557 
152887.63884359825 328.67976190476156 
148839.5824987907 382.83888888888924 
129667.64883518784 1740.2638888888828 
128631.28289878626 1788.4519841269778 
127796.56797649956 1873.836111111105 
127060.64756117348 1924.109126984119 
128664.65106276935 1778.359920634916 
185173.90741966234 41.344047619047615 
193562.06819757097 18.04047619047619 
185046.99646332918 45.10476190476189 
154231.11217069087 206.12936507936493 
185219.13413833853 29.847619047619048 
193491.26102252686 24.498412698412697 
193530.97988354316 21.069444444444443 
140986.99729005608 569.1722222222239 
138885.36105894466 600.4718253968266 
137377.98077936462 609.9519841269858 
135827.87200158788 675.8488095238108 
134395.5829747029 744.767063492064 
133282.1629378392 874.3936507936509 
132316.99138697403 1023.1626984126987 
131455.34359545266 1023.3876984126987 
130480.46271848764 1146.1230158730127 
129767.92868035578 1278.9571428571387 
143357.7209699399 411.8821428571431 

129667.64883518784 1740.2638888888828 
128631.28289878626 1788.4519841269778 
127796.56797649956 1873.836111111105 
127060.64756117348 1924.109126984119 
193562.06819757097 18.04047619047619 
154231.11217069087 206.12936507936493 
143434.34374352221 510.5055555555568 
138885.36105894466 600.4718253968266 
137377.98077936462 609.9519841269858 
135827.87200158788 675.8488095238108 
134395.5829747029 744.767063492064 
133282.1629378392 874.3936507936509 
132316.99138697403 1023.1626984126987 
131455.34359545266 1023.3876984126987 
130480.46271848764 1146.1230158730127 
129767.92868035578 1278.9571428571387 
184237.21628706748 20.427380952380954 
132569.6288997074 1007.2277777777782 
133952.2400556682 827.3984126984122 
136424.79188611355 669.1492063492074 
137335.25228116792 666.3686507936518 
140422.2471173563 544.5857142857159 
145668.87212930236 485.3678571428577 

154231.11217069087 206.12936507936493 
138885.36105894466 600.4718253968266 
137377.98077936462 609.9519841269858 
135827.87200158788 675.8488095238108 
134395.5829747029 744.767063492064 
133282.1629378392 874.3936507936509 
131455.34359545266 1023.3876984126987 
130480.46271848764 1146.1230158730127 
129767.92868035578 1278.9571428571387 
184237.21628706748 20.427380952380954 
176128.7877237399 197.29801587301557 
152887.63884359825 328.67976190476156 
148839.5824987907 382.83888888888924 
129667.64883518784 1740.2638888888828 
128631.28289878626 1788.4519841269778 
127796.56797649956 1873.836111111105 
127060.64756117348 1924.109126984119 
132307.28206087425 997.1289682539682 
137350.22848823792 642.6595238095254 
138987.03520462988 508.17261904761995 
145629.98378424568 487.61031746031796 

134395.5829747029 744.767063492064 
133282.1629378392 874.3936507936509 
132316.99138697403 1023.1626984126987 
131455.34359545266 1023.3876984126987 
130480.46271848764 1146.1230158730127 
129767.92868035578 1278.9571428571387 
184237.21628706748 20.427380952380954 
176128.7877237399 197.29801587301557 
170188.06644064008 223.45436507936466 
164291.80446610707 312.50198412698376 
157253.91899689037 314.5416666666663 
152887.63884359825 328.67976190476156 
148839.5824987907 382.83888888888924 
145803.39441019864 503.19087301587416 
129667.64883518784 1740.2638888888828 
128631.28289878626 1788.4519841269778 
127796.56797649956 1873.836111111105 
127060.64756117348 1924.109126984119 
193562.06819757097 18.04047619047619 
131342.1105100091 1145.8980158730128 
135827.87200158788 675.8488095238108 
137377.98077936462 609.9519841269858 

131455.34359545266 1023.3876984126987 
130480.46271848764 1146.1230158730127 
129767.92868035578 1278.9571428571387 
184237.21628706748 20.427380952380954 
176128.7877237399 197.29801587301557 
152887.63884359825 328.67976190476156 
148839.5824987907 382.83888888888924 
145803.39441019864 503.19087301587416 
129667.64883518784 1740.2638888888828 
128631.28289878626 1788.4519841269778 
127796.56797649956 1873.836111111105 
127060.64756117348 1924.109126984119 
193562.06819757097 18.04047619047619 
154231.11217069087 206.12936507936493 
132569.6288997074 1007.2277777777782 
143434.34374352221 510.5055555555568 
140986.99729005608 569.1722222222239 
138885.36105894466 600.4718253968266 
134395.5829747029 744.767063492064 
135827.87200158788 675.8488095238108 
133282.1629378392 874.3936507936509 
132316.99138697403 1023.1626984126987 

129667.64883518784 1740.2638888888828 
128631.28289878626 1788.4519841269778 
127796.56797649956 1873.836111111105 
127060.64756117348 1924.109126984119 
193562.06819757097 18.04047619047619 
154231.11217069087 206.12936507936493 
138885.36105894466 600.4718253968266 
137377.98077936462 609.9519841269858 
135827.87200158788 675.8488095238108 
134395.5829747029 744.767063492064 
133282.1629378392 874.3936507936509 
131455.34359545266 1023.3876984126987 
130480.46271848764 1146.1230158730127 
129767.92868035578 1278.9571428571387 
184237.21628706748 20.427380952380954 
132307.28206087425 997.1289682539682 
137335.25228116792 666.3686507936518 
138987.03520462988 508.17261904761995 
144194.73269269557 436.6440476190481 

129667.64883518784 1740.2638888888828 
128631.28289878626 1788.4519841269778 
127796.56797649956 1873.836111111105 
127060.64756117348 1924.109126984119 
193562.06819757097 18.04047619047619 
154231.11217069087 206.12936507936493 
143434.34374352221 510.5055555555568 
135827.87200158788 675.8488095238108 
134395.5829747029 744.767063492064 
133282.1629378392 874.3936507936509 
132316.99138697403 1023.1626984126987 
131455.34359545266 1023.3876984126987 
130480.46271848764 1146.1230158730127 
129767.92868035578 1278.9571428571387 
184237.21628706748 20.427380952380954 
176128.7877237399 197.29801587301557 
152887.63884359825 328.67976190476156 
148839.5824987907 382.83888888888924 
133952.2400556682 827.3984126984122 
134917.41160653354 678.6293650793662 
136526.46603179874 576.8500000000015 
138076.5748095755 510.95317460317546 
145393.27095341304 489.5142857142865 

193562.06819757097 18.04047619047619 
154231.11217069087 206.12936507936493 
138885.36105894466 600.4718253968266 
137377.98077936462 609.9519841269858 
135827.87200158788 675.8488095238108 
134395.5829747029 744.767063492064 
133282.1629378392 874.3936507936509 
132316.99138697403 1023.1626984126987 
131455.34359545266 1023.3876984126987 
130480.46271848764 1146.1230158730127 
129767.92868035578 1278.9571428571387 
184237.21628706748 20.427380952380954 
176128.7877237399 197.29801587301557 
152887.63884359825 328.67976190476156 
148839.5824987907 382.83888888888924 
129667.64883518784 1740.2638888888828 
128631.28289878626 1788.4519841269778 
127796.56797649956 1873.836111111105 
127060.64756117348 1924.109126984119 
137335.25228116792 666.3686507936518 
138987.03520462988 508.17261904761995 
143638.93180074528 436.24563492063544 

