154231.11217069087 206.12936507936493 
143849.02247034092 464.0111111111119 
138987.03520462988 508.17261904761995 
137335.25228116792 666.3686507936518 
135827.87200158788 675.8488095238108 
134395.5829747029 744.767063492064 
133282.1629378392 874.3936507936509 
132958.23454356246 1013.0174603174604 
132316.99138697403 1023.1626984126987 
131455.34359545266 1023.3876984126987 
131342.1105100091 1145.8980158730128 
130480.46271848764 1146.1230158730127 
129767.92868035578 1278.9571428571387 
129667.64883518784 1740.2638888888828 
128631.28289878626 1788.4519841269778 
127796.56797649956 1873.836111111105 
127060.64756117348 1924.109126984119 

154231.11217069087 206.12936507936493 
143849.02247034092 464.0111111111119 
138072.2735760366 508.66865079365164 
137335.25228116792 666.3686507936518 
135827.87200158788 675.8488095238108 
134395.5829747029 744.767063492064 
133952.2400556682 827.3984126984122 
133282.1629378392 874.3936507936509 
132316.99138697403 1023.1626984126987 
131455.34359545266 1023.3876984126987 
130480.46271848764 1146.1230158730127 
129767.92868035578 1278.9571428571387 
129667.64883518784 1740.2638888888828 
128631.28289878626 1788.4519841269778 
127796.56797649956 1873.836111111105 
127060.64756117348 1924.109126984119 
138982.73397109105 505.8880952380961 

154231.11217069087 206.12936507936493 
143827.09605553022 445.90396825396897 
138987.03520462988 508.17261904761995 
137111.4032587101 659.7222222222235 
134917.41160653354 678.6293650793662 
134395.5829747029 744.767063492064 
133952.2400556682 827.3984126984122 
133282.1629378392 874.3936507936509 
132838.82001880457 957.0249999999997 
132316.99138697403 1023.1626984126987 
131455.34359545266 1023.3876984126987 
130480.46271848764 1146.1230158730127 
129767.92868035578 1278.9571428571387 
129667.64883518784 1740.2638888888828 
128631.28289878626 1788.4519841269778 
127796.56797649956 1873.836111111105 
127060.64756117348 1924.109126984119 
135827.87200158788 675.8488095238108 

154231.11217069087 206.12936507936493 
143169.2851783815 443.0412698412703 
138987.03520462988 508.17261904761995 
137377.98077936462 609.9519841269858 
135827.87200158788 675.8488095238108 
134395.5829747029 744.767063492064 
133282.1629378392 874.3936507936509 
132316.99138697403 1023.1626984126987 
131455.34359545266 1023.3876984126987 
131342.1105100091 1145.8980158730128 
130480.46271848764 1146.1230158730127 
129767.92868035578 1278.9571428571387 
129667.64883518784 1740.2638888888828 
128631.28289878626 1788.4519841269778 
128468.67257224514 1870.4630952380887 
127796.56797649956 1873.836111111105 
127060.64756117348 1924.109126984119 
133420.70209773787 867.5023809523811 

154231.11217069087 206.12936507936493 
144194.73269269557 436.6440476190481 
138987.03520462988 508.17261904761995 
137377.98077936462 609.9519841269858 
135827.87200158788 675.8488095238108 
134395.5829747029 744.767063492064 
133282.1629378392 874.3936507936509 
132307.28206087425 997.1289682539682 
131455.34359545266 1023.3876984126987 
131342.1105100091 1145.8980158730128 
130480.46271848764 1146.1230158730127 
129767.92868035578 1278.9571428571387 
129667.64883518784 1740.2638888888828 
128631.28289878626 1788.4519841269778 
127796.56797649956 1873.836111111105 
127060.64756117348 1924.109126984119 
133420.70209773787 867.5023809523811 

154231.11217069087 206.12936507936493 
143638.93180074528 436.24563492063544 
138920.3937301264 542.6706349206362 
137335.25228116792 666.3686507936518 
135827.87200158788 675.8488095238108 
134395.5829747029 744.767063492064 
133282.1629378392 874.3936507936509 
132316.99138697403 1023.1626984126987 
131455.34359545266 1023.3876984126987 
131342.1105100091 1145.8980158730128 
130480.46271848764 1146.1230158730127 
129767.92868035578 1278.9571428571387 
129667.64883518784 1740.2638888888828 
128631.28289878626 1788.4519841269778 
127796.56797649956 1873.836111111105 
127060.64756117348 1924.109126984119 
138987.03520462988 508.17261904761995 
132455.53054687261 1016.2714285714286 

154231.11217069087 206.12936507936493 
144194.73269269557 436.6440476190481 
138987.03520462988 508.17261904761995 
137335.25228116792 666.3686507936518 
135827.87200158788 675.8488095238108 
134395.5829747029 744.767063492064 
133952.2400556682 827.3984126984122 
133282.1629378392 874.3936507936509 
132307.28206087425 997.1289682539682 
131455.34359545266 1023.3876984126987 
130480.46271848764 1146.1230158730127 
129767.92868035578 1278.9571428571387 
129116.8696508433 1725.0019841269793 
128631.28289878626 1788.4519841269778 
127796.56797649956 1873.836111111105 
127060.64756117348 1924.109126984119 

154231.11217069087 206.12936507936493 
143827.09605553022 445.90396825396897 
138987.03520462988 508.17261904761995 
137335.25228116792 666.3686507936518 
134917.41160653354 678.6293650793662 
134395.5829747029 744.767063492064 
133282.1629378392 874.3936507936509 
132307.28206087425 997.1289682539682 
131455.34359545266 1023.3876984126987 
130480.46271848764 1146.1230158730127 
129767.92868035578 1278.9571428571387 
129667.64883518784 1740.2638888888828 
128631.28289878626 1788.4519841269778 
127796.56797649956 1873.836111111105 
127060.64756117348 1924.109126984119 
135827.87200158788 675.8488095238108 

154231.11217069087 206.12936507936493 
143169.2851783815 443.0412698412703 
138987.03520462988 508.17261904761995 
137335.25228116792 666.3686507936518 
135827.87200158788 675.8488095238108 
134395.5829747029 744.767063492064 
133952.2400556682 827.3984126984122 
133282.1629378392 874.3936507936509 
132307.28206087425 997.1289682539682 
131455.34359545266 1023.3876984126987 
131342.1105100091 1145.8980158730128 
130480.46271848764 1146.1230158730127 
129767.92868035578 1278.9571428571387 
129667.64883518784 1740.2638888888828 
128631.28289878626 1788.4519841269778 
127796.56797649956 1873.836111111105 
127060.64756117348 1924.109126984119 

154231.11217069087 206.12936507936493 
143153.42860702504 443.70714285714325 
138966.09726122243 523.9563492063502 
137319.39570981145 667.0345238095248 
134916.82166109237 683.6468253968261 
134395.5829747029 744.767063492064 
133952.2400556682 827.3984126984122 
133282.1629378392 874.3936507936509 
132316.99138697403 1023.1626984126987 
131455.34359545266 1023.3876984126987 
130480.46271848764 1146.1230158730127 
129767.92868035578 1278.9571428571387 
129693.3130428927 1710.5634920634868 
129641.20385907241 1746.609126984121 
129409.39403533678 1782.886904761899 
128631.28289878626 1788.4519841269778 
127796.56797649956 1873.836111111105 
127060.64756117348 1924.109126984119 
129667.64883518784 1740.2638888888828 
138982.16082809388 513.9206349206358 

154231.11217069087 206.12936507936493 
143352.88751226538 458.15238095238163 
138076.5748095755 510.95317460317546 
136526.46603179874 576.8500000000015 
135827.87200158788 675.8488095238108 
134395.5829747029 744.767063492064 
133282.1629378392 874.3936507936509 
132307.28206087425 997.1289682539682 
131455.34359545266 1023.3876984126987 
130480.46271848764 1146.1230158730127 
129767.92868035578 1278.9571428571387 
129516.54001916244 1670.8964285714226 
128631.28289878626 1788.4519841269778 
127796.56797649956 1873.836111111105 
127060.64756117348 1924.109126984119 
143630.42600177266 452.1547619047625 
138987.03520462988 508.17261904761995 
133441.37193660578 872.0630952380953 
143827.09605553022 445.90396825396897 

154231.11217069087 206.12936507936493 
143298.258050464 453.8694444444449 
138922.6998093503 555.0051587301596 
137263.50166087254 677.6214285714296 
135754.38321226017 735.0432539682539 
134395.5829747029 744.767063492064 
133282.1629378392 874.3936507936509 
132316.99138697403 1023.1626984126987 
131455.34359545266 1023.3876984126987 
130480.46271848764 1146.1230158730127 
129767.92868035578 1278.9571428571387 
129667.64883518784 1740.2638888888828 
128631.28289878626 1788.4519841269778 
127796.56797649956 1873.836111111105 
127060.64756117348 1924.109126984119 
138926.5701739752 540.659920634922 
137264.50269550478 674.7662698412706 
135762.29439034718 726.3007936507937 
143482.82473445326 446.7436507936514 
137270.98168001257 668.0805555555565 

154231.11217069087 206.12936507936493 
143169.2851783815 443.0412698412703 
138987.03520462988 508.17261904761995 
137377.98077936462 609.9519841269858 
135827.87200158788 675.8488095238108 
134395.5829747029 744.767063492064 
133282.1629378392 874.3936507936509 
132316.99138697403 1023.1626984126987 
131455.34359545266 1023.3876984126987 
130480.46271848764 1146.1230158730127 
129767.92868035578 1278.9571428571387 
129667.64883518784 1740.2638888888828 
129285.21910866666 1744.8035714285668 
128631.28289878626 1788.4519841269778 
127796.56797649956 1873.836111111105 
127060.64756117348 1924.109126984119 

154231.11217069087 206.12936507936493 
145181.8690346064 484.87976190476286 
140135.9458645315 609.1019841269858 
137377.98077936462 609.9519841269858 
135827.87200158788 675.8488095238108 
134395.5829747029 744.767063492064 
133282.1629378392 874.3936507936509 
131455.34359545266 1023.3876984126987 
130480.46271848764 1146.1230158730127 
129767.92868035578 1278.9571428571387 
129667.64883518784 1740.2638888888828 
128631.28289878626 1788.4519841269778 
127796.56797649956 1873.836111111105 
127060.64756117348 1924.109126984119 
145188.4839178866 481.2964285714296 

154231.11217069087 206.12936507936493 
143163.17701222305 448.46428571428606 
137377.98077936462 609.9519841269858 
134917.41160653354 678.6293650793662 
134395.5829747029 744.767063492064 
134379.21947048162 865.0944444444441 
133282.1629378392 874.3936507936509 
132838.82001880457 957.0249999999997 
132316.99138697403 1023.1626984126987 
131455.34359545266 1023.3876984126987 
130480.46271848764 1146.1230158730127 
129767.92868035578 1278.9571428571387 
129667.64883518784 1740.2638888888828 
128631.28289878626 1788.4519841269778 
127796.56797649956 1873.836111111105 
127060.64756117348 1924.109126984119 
135827.87200158788 675.8488095238108 

154231.11217069087 206.12936507936493 
145803.39441019864 503.19087301587416 
140135.9458645315 609.1019841269858 
137335.25228116792 666.3686507936518 
135827.87200158788 675.8488095238108 
134395.5829747029 744.767063492064 
133952.2400556682 827.3984126984122 
133282.1629378392 874.3936507936509 
132316.99138697403 1023.1626984126987 
131455.34359545266 1023.3876984126987 
130480.46271848764 1146.1230158730127 
129767.92868035578 1278.9571428571387 
129667.64883518784 1740.2638888888828 
128631.28289878626 1788.4519841269778 
127796.56797649956 1873.836111111105 
127060.64756117348 1924.109126984119 

154231.11217069087 206.12936507936493 
143849.02247034092 464.0111111111119 
138984.42212618038 512.1015873015881 
137335.25228116792 666.3686507936518 
135827.87200158788 675.8488095238108 
134392.33476112146 753.8182539682543 
133282.1629378392 874.3936507936509 
133005.45237322923 957.490873015873 
132316.99138697403 1023.1626984126987 
131455.34359545266 1023.3876984126987 
131342.1105100091 1145.8980158730128 
130480.46271848764 1146.1230158730127 
129767.92868035578 1278.9571428571387 
129667.64883518784 1740.2638888888828 
128631.28289878626 1788.4519841269778 
128500.7850153998 1824.239285714279 
127796.56797649956 1873.836111111105 
127060.64756117348 1924.109126984119 
138987.03520462988 508.17261904761995 
128666.23075680107 1783.8674603174543 

154231.11217069087 206.12936507936493 
143169.2851783815 443.0412698412703 
138987.03520462988 508.17261904761995 
137322.90261387784 662.5980158730177 
135760.7159006459 722.3043650793662 
134395.5829747029 744.767063492064 
133282.1629378392 874.3936507936509 
133017.750374618 975.0123015873025 
132316.99138697403 1023.1626984126987 
131455.34359545266 1023.3876984126987 
131342.1105100091 1145.8980158730128 
130480.46271848764 1146.1230158730127 
129767.92868035578 1278.9571428571387 
129667.64883518784 1740.2638888888828 
128631.28289878626 1788.4519841269778 
127796.56797649956 1873.836111111105 
127060.64756117348 1924.109126984119 
161637.17071051168 203.97142857142836 
137355.5885616521 613.8658730158751 
135827.87200158788 675.8488095238108 
137377.98077936462 609.9519841269858 

154231.11217069087 206.12936507936493 
145801.1861425534 504.38134920635036 
138910.36239695767 534.7710317460333 
137305.9350736899 655.1246031746043 
135827.87200158788 675.8488095238108 
134395.5829747029 744.767063492064 
133952.2400556682 827.3984126984122 
133282.1629378392 874.3936507936509 
132307.28206087425 997.1289682539682 
131455.34359545266 1023.3876984126987 
130480.46271848764 1146.1230158730127 
129767.92868035578 1278.9571428571387 
129667.64883518784 1740.2638888888828 
128631.28289878626 1788.4519841269778 
127796.56797649956 1873.836111111105 
127060.64756117348 1924.109126984119 
145803.39441019864 503.19087301587416 
137377.98077936462 609.9519841269858 

154231.11217069087 206.12936507936493 
143827.09605553022 445.90396825396897 
138987.03520462988 508.17261904761995 
137377.98077936462 609.9519841269858 
134917.41160653354 678.6293650793662 
134395.5829747029 744.767063492064 
133282.1629378392 874.3936507936509 
132316.99138697403 1023.1626984126987 
131455.34359545266 1023.3876984126987 
131342.1105100091 1145.8980158730128 
130480.46271848764 1146.1230158730127 
129767.92868035578 1278.9571428571387 
129667.64883518784 1740.2638888888828 
128631.28289878626 1788.4519841269778 
127796.56797649956 1873.836111111105 
127060.64756117348 1924.109126984119 
137554.74617774494 577.0908730158744 
135827.87200158788 675.8488095238108 

154231.11217069087 206.12936507936493 
143493.74085665707 458.59563492063535 
138961.13808156466 506.98809523809604 
137327.65251071056 663.2900793650805 
135827.87200158788 675.8488095238108 
134395.5829747029 744.767063492064 
133282.1629378392 874.3936507936509 
132316.99138697403 1023.1626984126987 
131455.34359545266 1023.3876984126987 
130480.46271848764 1146.1230158730127 
129767.92868035578 1278.9571428571387 
129667.64883518784 1740.2638888888828 
128631.28289878626 1788.4519841269778 
127796.56797649956 1873.836111111105 
127060.64756117348 1924.109126984119 
132569.6288997074 1007.2277777777782 
137373.8647615379 614.4908730158749 

154231.11217069087 206.12936507936493 
143119.58488722934 445.8150793650795 
138987.03520462988 508.17261904761995 
137335.25228116792 666.3686507936518 
135827.87200158788 675.8488095238108 
134395.5829747029 744.767063492064 
133952.2400556682 827.3984126984122 
133282.1629378392 874.3936507936509 
132307.28206087425 997.1289682539682 
131455.34359545266 1023.3876984126987 
130480.46271848764 1146.1230158730127 
129767.92868035578 1278.9571428571387 
129667.64883518784 1740.2638888888828 
128631.28289878626 1788.4519841269778 
127796.56797649956 1873.836111111105 
127060.64756117348 1924.109126984119 

154231.11217069087 206.12936507936493 
144485.81085901847 464.34166666666727 
140750.57894745388 599.9388888888902 
137335.25228116792 666.3686507936518 
135827.87200158788 675.8488095238108 
134395.5829747029 744.767063492064 
133282.1629378392 874.3936507936509 
132307.28206087425 997.1289682539682 
131455.34359545266 1023.3876984126987 
131342.1105100091 1145.8980158730128 
130480.46271848764 1146.1230158730127 
129767.92868035578 1278.9571428571387 
129667.64883518784 1740.2638888888828 
128631.28289878626 1788.4519841269778 
127796.56797649956 1873.836111111105 
127060.64756117348 1924.109126984119 
140986.99729005608 569.1722222222239 
129667.5824008528 1787.2710317460258 
133420.70209773787 867.5023809523811 

154231.11217069087 206.12936507936493 
145596.38340627062 469.460714285715 
140986.99729005608 569.1722222222239 
137377.98077936462 609.9519841269858 
135827.87200158788 675.8488095238108 
134395.5829747029 744.767063492064 
133282.1629378392 874.3936507936509 
132316.99138697403 1023.1626984126987 
131455.34359545266 1023.3876984126987 
131342.1105100091 1145.8980158730128 
130480.46271848764 1146.1230158730127 
129767.92868035578 1278.9571428571387 
129667.64883518784 1740.2638888888828 
128631.28289878626 1788.4519841269778 
127796.56797649956 1873.836111111105 
127060.64756117348 1924.109126984119 

154231.11217069087 206.12936507936493 
144092.0099444024 466.6488095238103 
138912.29635906953 560.1182539682553 
137377.98077936462 609.9519841269858 
135827.87200158788 675.8488095238108 
134395.5829747029 744.767063492064 
133282.1629378392 874.3936507936509 
132838.82001880457 957.0249999999997 
132316.99138697403 1023.1626984126987 
131455.34359545266 1023.3876984126987 
130480.46271848764 1146.1230158730127 
129767.92868035578 1278.9571428571387 
129667.64883518784 1740.2638888888828 
129543.7562912234 1766.4674603174544 
128631.28289878626 1788.4519841269778 
127796.56797649956 1873.836111111105 
127060.64756117348 1924.109126984119 
138915.1796456636 548.7115079365093 
128656.64702306424 1779.2912698412638 

154231.11217069087 206.12936507936493 
145270.92140949282 411.74166666666713 
140135.9458645315 609.1019841269858 
137207.5227335542 631.4988095238112 
135827.87200158788 675.8488095238108 
134395.5829747029 744.767063492064 
133952.2400556682 827.3984126984122 
133282.1629378392 874.3936507936509 
132316.99138697403 1023.1626984126987 
131455.34359545266 1023.3876984126987 
131342.1105100091 1145.8980158730128 
130480.46271848764 1146.1230158730127 
129767.92868035578 1278.9571428571387 
129667.64883518784 1740.2638888888828 
128631.28289878626 1788.4519841269778 
127796.56797649956 1873.836111111105 
127060.64756117348 1924.109126984119 

154231.11217069087 206.12936507936493 
145803.39441019864 503.19087301587416 
140135.9458645315 609.1019841269858 
137335.25228116792 666.3686507936518 
135827.87200158788 675.8488095238108 
134395.5829747029 744.767063492064 
134236.80516783733 853.7718253968253 
133282.1629378392 874.3936507936509 
132316.99138697403 1023.1626984126987 
131455.34359545266 1023.3876984126987 
131342.1105100091 1145.8980158730128 
130480.46271848764 1146.1230158730127 
129767.92868035578 1278.9571428571387 
129667.64883518784 1740.2638888888828 
128631.28289878626 1788.4519841269778 
127796.56797649956 1873.836111111105 
127060.64756117348 1924.109126984119 
132455.53054687261 1016.2714285714286 

154231.11217069087 206.12936507936493 
143169.2851783815 443.0412698412703 
138987.03520462988 508.17261904761995 
137335.25228116792 666.3686507936518 
135561.2944809335 725.6190476190482 
134395.5829747029 744.767063492064 
133282.1629378392 874.3936507936509 
132962.72387503253 1013.9075396825396 
132316.99138697403 1023.1626984126987 
131455.34359545266 1023.3876984126987 
131342.1105100091 1145.8980158730128 
130480.46271848764 1146.1230158730127 
129767.92868035578 1278.9571428571387 
129667.64883518784 1740.2638888888828 
128631.28289878626 1788.4519841269778 
127796.56797649956 1873.836111111105 
127060.64756117348 1924.109126984119 
137377.98077936462 609.9519841269858 
135827.87200158788 675.8488095238108 
132476.2003857406 1020.8321428571431 

154231.11217069087 206.12936507936493 
143823.5868618133 444.8448412698417 
138987.03520462988 508.17261904761995 
137335.25228116792 666.3686507936518 
135827.87200158788 675.8488095238108 
134395.5829747029 744.767063492064 
133282.1629378392 874.3936507936509 
132316.99138697403 1023.1626984126987 
131455.34359545266 1023.3876984126987 
131342.1105100091 1145.8980158730128 
130480.46271848764 1146.1230158730127 
129767.92868035578 1278.9571428571387 
129667.64883518784 1740.2638888888828 
128631.28289878626 1788.4519841269778 
127796.56797649956 1873.836111111105 
127060.64756117348 1924.109126984119 
161613.34681989963 192.42222222222205 
143836.2769803034 442.46309523809566 

154231.11217069087 206.12936507936493 
143849.02247034092 464.0111111111119 
138987.03520462988 508.17261904761995 
137335.25228116792 666.3686507936518 
135827.87200158788 675.8488095238108 
134395.5829747029 744.767063492064 
133952.2400556682 827.3984126984122 
133282.1629378392 874.3936507936509 
132316.99138697403 1023.1626984126987 
131455.34359545266 1023.3876984126987 
131342.1105100091 1145.8980158730128 
130480.46271848764 1146.1230158730127 
129767.92868035578 1278.9571428571387 
129667.64883518784 1740.2638888888828 
128631.28289878626 1788.4519841269778 
127796.56797649956 1873.836111111105 
127060.64756117348 1924.109126984119 
137377.98077936462 609.9519841269858 
144194.73269269557 436.6440476190481 

