193562.06819757097 18.04047619047619 
154231.11217069087 206.12936507936493 
137377.98077936462 609.9519841269858 
135827.87200158788 675.8488095238108 
134395.5829747029 744.767063492064 
133282.1629378392 874.3936507936509 
132316.99138697403 1023.1626984126987 
131455.34359545266 1023.3876984126987 
130480.46271848764 1146.1230158730127 
129667.64883518784 1740.2638888888828 
129767.92868035578 1278.9571428571387 
128631.28289878626 1788.4519841269778 
127796.56797649956 1873.836111111105 
127060.64756117348 1924.109126984119 

193562.06819757097 18.04047619047619 
154231.11217069087 206.12936507936493 
137377.98077936462 609.9519841269858 
135827.87200158788 675.8488095238108 
134395.5829747029 744.767063492064 
133282.1629378392 874.3936507936509 
132316.99138697403 1023.1626984126987 
131455.34359545266 1023.3876984126987 
129667.64883518784 1740.2638888888828 
130480.46271848764 1146.1230158730127 
129767.92868035578 1278.9571428571387 
128631.28289878626 1788.4519841269778 
127796.56797649956 1873.836111111105 
127060.64756117348 1924.109126984119 

193727.87834905414 3.857936507936508 
154231.11217069087 206.12936507936493 
137377.98077936462 609.9519841269858 
135827.87200158788 675.8488095238108 
134395.5829747029 744.767063492064 
133282.1629378392 874.3936507936509 
132316.99138697403 1023.1626984126987 
131455.34359545266 1023.3876984126987 
129667.64883518784 1740.2638888888828 
130480.46271848764 1146.1230158730127 
129767.92868035578 1278.9571428571387 
128617.97456666232 1867.7388888888815 
128631.28289878626 1788.4519841269778 
127796.56797649956 1873.836111111105 
127060.64756117348 1924.109126984119 

193727.87834905414 3.857936507936508 
154231.11217069087 206.12936507936493 
138885.36105894466 600.4718253968266 
137377.98077936462 609.9519841269858 
135795.07037497175 723.9043650793661 
135827.87200158788 675.8488095238108 
134395.5829747029 744.767063492064 
133282.1629378392 874.3936507936509 
132316.99138697403 1023.1626984126987 
131455.34359545266 1023.3876984126987 
130480.46271848764 1146.1230158730127 
129667.64883518784 1740.2638888888828 
129767.92868035578 1278.9571428571387 
128631.28289878626 1788.4519841269778 
127796.56797649956 1873.836111111105 
127060.64756117348 1924.109126984119 

193727.87834905414 3.857936507936508 
154231.11217069087 206.12936507936493 
137377.98077936462 609.9519841269858 
134395.5829747029 744.767063492064 
133282.1629378392 874.3936507936509 
132316.99138697403 1023.1626984126987 
131455.34359545266 1023.3876984126987 
129667.64883518784 1740.2638888888828 
130480.46271848764 1146.1230158730127 
129767.92868035578 1278.9571428571387 
128631.28289878626 1788.4519841269778 
127796.56797649956 1873.836111111105 
127060.64756117348 1924.109126984119 

193562.06819757097 18.04047619047619 
154231.11217069087 206.12936507936493 
138885.36105894466 600.4718253968266 
137377.98077936462 609.9519841269858 
135827.87200158788 675.8488095238108 
134395.5829747029 744.767063492064 
133282.1629378392 874.3936507936509 
132316.99138697403 1023.1626984126987 
131455.34359545266 1023.3876984126987 
129667.64883518784 1740.2638888888828 
130480.46271848764 1146.1230158730127 
129767.92868035578 1278.9571428571387 
128631.28289878626 1788.4519841269778 
127796.56797649956 1873.836111111105 
127060.64756117348 1924.109126984119 

193562.06819757097 18.04047619047619 
154231.11217069087 206.12936507936493 
137377.98077936462 609.9519841269858 
135827.87200158788 675.8488095238108 
134395.5829747029 744.767063492064 
133282.1629378392 874.3936507936509 
132316.99138697403 1023.1626984126987 
129667.64883518784 1740.2638888888828 
131455.34359545266 1023.3876984126987 
130480.46271848764 1146.1230158730127 
129767.92868035578 1278.9571428571387 
128631.28289878626 1788.4519841269778 
127796.56797649956 1873.836111111105 
127060.64756117348 1924.109126984119 

185502.64448089167 8.29484126984127 
154231.11217069087 206.12936507936493 
138885.36105894466 600.4718253968266 
137377.98077936462 609.9519841269858 
135827.87200158788 675.8488095238108 
134395.5829747029 744.767063492064 
133282.1629378392 874.3936507936509 
132316.99138697403 1023.1626984126987 
128631.28289878626 1788.4519841269778 
131455.34359545266 1023.3876984126987 
130480.46271848764 1146.1230158730127 
129767.92868035578 1278.9571428571387 
127796.56797649956 1873.836111111105 
127060.64756117348 1924.109126984119 

193562.06819757097 18.04047619047619 
154231.11217069087 206.12936507936493 
137377.98077936462 609.9519841269858 
135827.87200158788 675.8488095238108 
134395.5829747029 744.767063492064 
133276.40167052453 942.7904761904771 
133282.1629378392 874.3936507936509 
132316.99138697403 1023.1626984126987 
131455.34359545266 1023.3876984126987 
129667.64883518784 1740.2638888888828 
130480.46271848764 1146.1230158730127 
129767.92868035578 1278.9571428571387 
128663.28677279537 1785.1924603174557 
128631.28289878626 1788.4519841269778 
127796.56797649956 1873.836111111105 
127060.64756117348 1924.109126984119 

193562.06819757097 18.04047619047619 
146296.368923807 405.34444444444483 
141747.38623922938 495.3107142857151 
138885.36105894466 600.4718253968266 
135827.87200158788 675.8488095238108 
134395.5829747029 744.767063492064 
133282.1629378392 874.3936507936509 
132316.99138697403 1023.1626984126987 
131455.34359545266 1023.3876984126987 
130480.46271848764 1146.1230158730127 
129667.64883518784 1740.2638888888828 
129767.92868035578 1278.9571428571387 
128653.20443671814 1774.5527777777718 
128631.28289878626 1788.4519841269778 
127796.56797649956 1873.836111111105 

193562.06819757097 18.04047619047619 
154231.11217069087 206.12936507936493 
137377.98077936462 609.9519841269858 
135827.87200158788 675.8488095238108 
134395.5829747029 744.767063492064 
133282.1629378392 874.3936507936509 
132316.99138697403 1023.1626984126987 
128631.28289878626 1788.4519841269778 
131455.34359545266 1023.3876984126987 
130480.46271848764 1146.1230158730127 
129767.92868035578 1278.9571428571387 
128631.44425416974 1785.5801587301523 
127796.56797649956 1873.836111111105 
127060.64756117348 1924.109126984119 

193727.87834905414 3.857936507936508 
154231.11217069087 206.12936507936493 
137377.98077936462 609.9519841269858 
135827.87200158788 675.8488095238108 
134395.5829747029 744.767063492064 
129667.64883518784 1740.2638888888828 
133282.1629378392 874.3936507936509 
132316.99138697403 1023.1626984126987 
131455.34359545266 1023.3876984126987 
130480.46271848764 1146.1230158730127 
129767.92868035578 1278.9571428571387 
128631.28289878626 1788.4519841269778 
127796.56797649956 1873.836111111105 
127060.64756117348 1924.109126984119 

193562.06819757097 18.04047619047619 
154231.11217069087 206.12936507936493 
138885.36105894466 600.4718253968266 
137377.98077936462 609.9519841269858 
135827.87200158788 675.8488095238108 
134395.5829747029 744.767063492064 
133282.1629378392 874.3936507936509 
132316.99138697403 1023.1626984126987 
131455.34359545266 1023.3876984126987 
129667.64883518784 1740.2638888888828 
130480.46271848764 1146.1230158730127 
129767.92868035578 1278.9571428571387 
128631.28289878626 1788.4519841269778 
127796.56797649956 1873.836111111105 
127060.64756117348 1924.109126984119 

193562.06819757097 18.04047619047619 
154231.11217069087 206.12936507936493 
138883.25648402126 600.5333333333346 
138873.68720309855 600.923412698414 
137377.98077936462 609.9519841269858 
135827.87200158788 675.8488095238108 
134395.5829747029 744.767063492064 
133282.1629378392 874.3936507936509 
132316.99138697403 1023.1626984126987 
131455.34359545266 1023.3876984126987 
129667.64883518784 1740.2638888888828 
130480.46271848764 1146.1230158730127 
129767.92868035578 1278.9571428571387 
128631.28289878626 1788.4519841269778 
127796.56797649956 1873.836111111105 
127060.64756117348 1924.109126984119 

193562.06819757097 18.04047619047619 
154231.11217069087 206.12936507936493 
138885.36105894466 600.4718253968266 
137377.98077936462 609.9519841269858 
135827.87200158788 675.8488095238108 
134395.5829747029 744.767063492064 
133282.1629378392 874.3936507936509 
132316.99138697403 1023.1626984126987 
131455.34359545266 1023.3876984126987 
129667.64883518784 1740.2638888888828 
130480.46271848764 1146.1230158730127 
129767.92868035578 1278.9571428571387 
128631.28289878626 1788.4519841269778 
127796.56797649956 1873.836111111105 
127060.64756117348 1924.109126984119 

193562.06819757097 18.04047619047619 
154231.11217069087 206.12936507936493 
137377.98077936462 609.9519841269858 
135827.87200158788 675.8488095238108 
134395.5829747029 744.767063492064 
133282.1629378392 874.3936507936509 
132316.99138697403 1023.1626984126987 
131455.34359545266 1023.3876984126987 
130480.46271848764 1146.1230158730127 
129767.92868035578 1278.9571428571387 
127796.56797649956 1873.836111111105 
127060.64756117348 1924.109126984119 

193562.06819757097 18.04047619047619 
154231.11217069087 206.12936507936493 
137374.51765329833 615.8916666666686 
137377.57835793815 613.7182539682558 
137377.98077936462 609.9519841269858 
135827.87200158788 675.8488095238108 
134395.5829747029 744.767063492064 
133282.1629378392 874.3936507936509 
132316.99138697403 1023.1626984126987 
131455.34359545266 1023.3876984126987 
129667.64883518784 1740.2638888888828 
130480.46271848764 1146.1230158730127 
129767.92868035578 1278.9571428571387 
128658.82452599287 1786.085714285708 
128660.97337560005 1779.0658730158664 
128631.28289878626 1788.4519841269778 
127796.56797649956 1873.836111111105 
127060.64756117348 1924.109126984119 

193562.06819757097 18.04047619047619 
154231.11217069087 206.12936507936493 
138885.36105894466 600.4718253968266 
137377.98077936462 609.9519841269858 
135827.87200158788 675.8488095238108 
134395.5829747029 744.767063492064 
133282.1629378392 874.3936507936509 
132316.99138697403 1023.1626984126987 
129667.64883518784 1740.2638888888828 
131455.34359545266 1023.3876984126987 
130480.46271848764 1146.1230158730127 
129767.92868035578 1278.9571428571387 
128631.28289878626 1788.4519841269778 
127796.56797649956 1873.836111111105 
127060.64756117348 1924.109126984119 

193562.06819757097 18.04047619047619 
154231.11217069087 206.12936507936493 
138885.36105894466 600.4718253968266 
137377.98077936462 609.9519841269858 
135827.87200158788 675.8488095238108 
134395.5829747029 744.767063492064 
133282.1629378392 874.3936507936509 
132316.99138697403 1023.1626984126987 
131455.34359545266 1023.3876984126987 
129667.64883518784 1740.2638888888828 
130480.46271848764 1146.1230158730127 
129767.92868035578 1278.9571428571387 
128631.28289878626 1788.4519841269778 
127796.56797649956 1873.836111111105 
127060.64756117348 1924.109126984119 

193727.87834905414 3.857936507936508 
154231.11217069087 206.12936507936493 
138885.36105894466 600.4718253968266 
137377.98077936462 609.9519841269858 
135827.87200158788 675.8488095238108 
134395.5829747029 744.767063492064 
133282.1629378392 874.3936507936509 
132316.99138697403 1023.1626984126987 
131455.34359545266 1023.3876984126987 
130480.46271848764 1146.1230158730127 
129767.92868035578 1278.9571428571387 
128631.28289878626 1788.4519841269778 
127796.56797649956 1873.836111111105 
127060.64756117348 1924.109126984119 

193727.87834905414 3.857936507936508 
154231.11217069087 206.12936507936493 
137377.98077936462 609.9519841269858 
135827.87200158788 675.8488095238108 
134395.5829747029 744.767063492064 
133282.1629378392 874.3936507936509 
132316.99138697403 1023.1626984126987 
131455.34359545266 1023.3876984126987 
130480.46271848764 1146.1230158730127 
129667.64883518784 1740.2638888888828 
129767.92868035578 1278.9571428571387 
128631.28289878626 1788.4519841269778 
127796.56797649956 1873.836111111105 
127060.64756117348 1924.109126984119 

193562.06819757097 18.04047619047619 
154231.11217069087 206.12936507936493 
138885.36105894466 600.4718253968266 
137377.98077936462 609.9519841269858 
135827.87200158788 675.8488095238108 
134395.5829747029 744.767063492064 
133282.1629378392 874.3936507936509 
132316.99138697403 1023.1626984126987 
131455.34359545266 1023.3876984126987 
130480.46271848764 1146.1230158730127 
129767.92868035578 1278.9571428571387 
128631.28289878626 1788.4519841269778 
127796.56797649956 1873.836111111105 
127060.64756117348 1924.109126984119 

193562.06819757097 18.04047619047619 
154231.11217069087 206.12936507936493 
138885.36105894466 600.4718253968266 
137377.98077936462 609.9519841269858 
135827.87200158788 675.8488095238108 
134395.5829747029 744.767063492064 
133282.1629378392 874.3936507936509 
132316.99138697403 1023.1626984126987 
131455.34359545266 1023.3876984126987 
129667.64883518784 1740.2638888888828 
130480.46271848764 1146.1230158730127 
129767.92868035578 1278.9571428571387 
128631.28289878626 1788.4519841269778 
128548.68066231778 1840.8420634920565 
127796.56797649956 1873.836111111105 
127060.64756117348 1924.109126984119 

193727.87834905414 3.857936507936508 
154231.11217069087 206.12936507936493 
137377.98077936462 609.9519841269858 
135827.87200158788 675.8488095238108 
134395.5829747029 744.767063492064 
133282.1629378392 874.3936507936509 
132316.99138697403 1023.1626984126987 
129667.64883518784 1740.2638888888828 
131455.34359545266 1023.3876984126987 
130480.46271848764 1146.1230158730127 
129767.92868035578 1278.9571428571387 
128631.28289878626 1788.4519841269778 
127796.56797649956 1873.836111111105 
127060.64756117348 1924.109126984119 

193562.06819757097 18.04047619047619 
154231.11217069087 206.12936507936493 
138885.36105894466 600.4718253968266 
137377.98077936462 609.9519841269858 
135827.87200158788 675.8488095238108 
134395.5829747029 744.767063492064 
133282.1629378392 874.3936507936509 
132316.99138697403 1023.1626984126987 
131455.34359545266 1023.3876984126987 
129667.64883518784 1740.2638888888828 
130480.46271848764 1146.1230158730127 
129767.92868035578 1278.9571428571387 
128669.13988945536 1780.804365079358 
128631.28289878626 1788.4519841269778 
127796.56797649956 1873.836111111105 
127060.64756117348 1924.109126984119 

193727.87834905414 3.857936507936508 
154231.11217069087 206.12936507936493 
138885.36105894466 600.4718253968266 
137335.25228116792 666.3686507936518 
137377.98077936462 609.9519841269858 
135827.87200158788 675.8488095238108 
134395.5829747029 744.767063492064 
133282.1629378392 874.3936507936509 
132316.99138697403 1023.1626984126987 
131455.34359545266 1023.3876984126987 
130480.46271848764 1146.1230158730127 
129667.64883518784 1740.2638888888828 
129767.92868035578 1278.9571428571387 
128631.28289878626 1788.4519841269778 
127796.56797649956 1873.836111111105 
127060.64756117348 1924.109126984119 

193562.06819757097 18.04047619047619 
154231.11217069087 206.12936507936493 
138885.36105894466 600.4718253968266 
135827.87200158788 675.8488095238108 
134395.5829747029 744.767063492064 
130640.04293327375 1633.7249999999935 
130549.09390677614 1648.4813492063413 
131455.34359545266 1023.3876984126987 
129667.64883518784 1740.2638888888828 
128631.28289878626 1788.4519841269778 
127796.56797649956 1873.836111111105 
127060.64756117348 1924.109126984119 

193727.87834905414 3.857936507936508 
154231.11217069087 206.12936507936493 
138885.36105894466 600.4718253968266 
137377.98077936462 609.9519841269858 
135827.87200158788 675.8488095238108 
134395.5829747029 744.767063492064 
133282.1629378392 874.3936507936509 
132316.99138697403 1023.1626984126987 
131455.34359545266 1023.3876984126987 
130480.46271848764 1146.1230158730127 
129667.64883518784 1740.2638888888828 
129767.92868035578 1278.9571428571387 
128631.28289878626 1788.4519841269778 
127796.56797649956 1873.836111111105 
127060.64756117348 1924.109126984119 

193562.06819757097 18.04047619047619 
154231.11217069087 206.12936507936493 
140721.93872491532 501.7079365079373 
137377.98077936462 609.9519841269858 
135827.87200158788 675.8488095238108 
134395.5829747029 744.767063492064 
133282.1629378392 874.3936507936509 
132316.99138697403 1023.1626984126987 
131455.34359545266 1023.3876984126987 
130480.46271848764 1146.1230158730127 
129767.92868035578 1278.9571428571387 
128717.7078219998 1771.6138888888836 
128728.98131483143 1743.9027777777733 
128631.28289878626 1788.4519841269778 
128633.271804818 1784.2888888888824 
127796.56797649956 1873.836111111105 
127060.64756117348 1924.109126984119 

193727.87834905414 3.857936507936508 
154231.11217069087 206.12936507936493 
137377.98077936462 609.9519841269858 
137361.780498162 610.5523809523826 
135827.87200158788 675.8488095238108 
134395.5829747029 744.767063492064 
133282.1629378392 874.3936507936509 
132316.99138697403 1023.1626984126987 
131455.34359545266 1023.3876984126987 
129667.64883518784 1740.2638888888828 
130480.46271848764 1146.1230158730127 
129767.92868035578 1278.9571428571387 
128631.28289878626 1788.4519841269778 
127796.56797649956 1873.836111111105 
127060.64756117348 1924.109126984119 

