129667.64883518784 1740.2638888888828 
128631.28289878626 1788.4519841269778 
127796.56797649956 1873.836111111105 
127060.64756117348 1924.109126984119 
193562.06819757097 18.04047619047619 
154231.11217069087 206.12936507936493 
135827.87200158788 675.8488095238108 
133282.1629378392 874.3936507936509 
131455.34359545266 1023.3876984126987 
130480.46271848764 1146.1230158730127 
129767.92868035578 1278.9571428571387 
132307.28206087425 997.1289682539682 
166542.6752912322 135.55198412698402 
134395.5829747029 744.767063492064 
149232.97301775098 344.83849206349197 
166188.88787819445 138.0107142857141 
152983.74087453898 276.219444444444 
160216.82573344884 177.10476190476174 
131342.1105100091 1145.8980158730128 
149227.66020316372 345.45119047619033 
177789.9283255938 51.83333333333335 
133420.70209773787 867.5023809523811 
137360.13966750543 627.4325396825413 
141357.47037297266 422.86666666666684 
149241.8799929608 344.30634920634907 
149266.88705251005 326.7444444444441 
170104.8513268705 111.35555555555554 
154477.78227147306 202.70039682539667 
144110.59690253716 417.8932539682541 
177834.78565674176 49.204365079365104 
154484.51243765804 194.1480158730157 
177828.02577860336 51.53333333333335 
146254.8898920351 367.195634920635 
145226.56118922634 375.55119047619064 
137436.92642685308 574.0694444444459 
137377.98077936462 609.9519841269858 
137335.25228116792 666.3686507936518 
177165.28624942957 59.521825396825434 
141356.0298458956 432.6400793650796 
149271.81906398598 325.41111111111076 
149256.42653480385 331.8813492063489 
170809.20198108192 60.77936507936509 
149210.40224463693 352.71150793650776 
161017.53747935605 164.3873015873013 
138981.74403946905 511.3849206349215 
138937.42247482963 555.6452380952393 
154556.42486445486 191.91904761904743 
184237.21628706748 20.427380952380954 
140721.93872491532 501.7079365079373 
137431.63526169228 577.2817460317475 
146249.59462779728 370.40793650793654 
143536.01788920735 418.20634920634984 
138972.9639192053 517.2507936507945 
138979.30184600002 513.5170634920645 
170090.8569687619 113.78452380952378 
138967.40048938888 520.240873015874 
149278.06147754734 325.25277777777745 
138987.03520462988 508.17261904761995 

129667.64883518784 1740.2638888888828 
128631.28289878626 1788.4519841269778 
127796.56797649956 1873.836111111105 
127060.64756117348 1924.109126984119 
154231.11217069087 206.12936507936493 
134395.5829747029 744.767063492064 
131455.34359545266 1023.3876984126987 
130480.46271848764 1146.1230158730127 
129767.92868035578 1278.9571428571387 
164956.26866628305 89.03730158730157 
177144.89732292062 37.64246031746033 
165019.8574433353 86.65833333333335 
193740.35234884662 3.9289682539682538 
165048.06318931442 83.32936507936509 
136004.6373999682 642.9876984127 
133952.2400556682 827.3984126984122 
170790.0754685914 70.08015873015873 
128662.7519811912 1786.3396825396767 
132569.6288997074 1007.2277777777782 
148957.38704441005 305.1369047619046 
163030.8635460871 111.15515873015873 
177205.77577327465 20.138095238095243 
139811.47832986078 504.4884920634928 
170775.08469009656 78.87301587301586 
146296.368923807 405.34444444444483 
143536.01788920735 418.20634920634984 
141434.38165809592 449.505952380953 
153142.77672072224 223.8281746031743 
133282.1629378392 874.3936507936509 
132316.99138697403 1023.1626984126987 
148448.27264479513 330.00277777777774 
146486.79318891518 376.71865079365097 
138076.5748095755 510.95317460317546 
154608.42565525175 195.86031746031725 
137436.92642685308 574.0694444444459 
143426.88641020967 418.7865079365084 
140523.9212630415 452.2865079365085 
170823.25051002376 56.02142857142858 
152688.83167154444 291.32182539682515 
184247.145580394 14.05992063492063 
145270.92140949282 411.74166666666713 
135561.2944809335 725.6190476190482 
138987.03520462988 508.17261904761995 
184234.21843228844 16.488888888888884 
143169.2851783815 443.0412698412703 
184245.8502926129 15.28333333333333 
185510.01910257214 5.464285714285714 
158115.14163052296 126.62896825396818 
184224.59916048037 20.041269841269838 
177199.33081785045 22.4670634920635 
143148.76853518139 444.61468253968314 
184237.1089497904 15.298412698412694 
171142.00985542385 46.697222222222244 
137377.98077936462 609.9519841269858 
135827.87200158788 675.8488095238108 
184232.9171411736 17.71230158730158 
154587.28765272247 195.93134920634898 
184225.903714229 18.817857142857136 

129667.64883518784 1740.2638888888828 
128631.28289878626 1788.4519841269778 
127796.56797649956 1873.836111111105 
127060.64756117348 1924.109126984119 
154231.11217069087 206.12936507936493 
135827.87200158788 675.8488095238108 
134395.5829747029 744.767063492064 
133282.1629378392 874.3936507936509 
131455.34359545266 1023.3876984126987 
130480.46271848764 1146.1230158730127 
129767.92868035578 1278.9571428571387 
134917.41160653354 678.6293650793662 
133803.9915696698 808.2559523809522 
132316.99138697403 1023.1626984126987 
165024.01033831935 82.26706349206349 
137436.92642685308 574.0694444444459 
141434.38165809592 449.505952380953 
146366.69551903565 363.3190476190475 
165050.7309145172 79.23809523809523 
149356.27570251262 363.2765873015875 
146296.368923807 405.34444444444483 
163423.62392034128 101.475 
178196.8821787711 40.78134920634923 
154557.33407032106 186.77936507936494 
140069.07956168905 480.2337301587309 
140979.53995674354 477.45317460317534 
178175.81849487167 41.85753968253971 
150285.28267682018 307.83412698412684 
137335.25228116792 666.3686507936518 
171158.885729037 42.83492063492066 
136424.79188611355 669.1492063492074 
184250.0336231424 12.86944444444444 
138076.5748095755 510.95317460317546 
157430.73725206297 141.02142857142843 
138987.03520462988 508.17261904761995 
137377.98077936462 609.9519841269858 
143426.88641020967 418.7865079365084 
184247.145580394 14.05992063492063 
184232.9171411736 17.71230158730158 
184245.8502926129 15.28333333333333 
184225.903714229 18.817857142857136 
184224.59916048037 20.041269841269838 
184234.21843228844 16.488888888888884 

135827.87200158788 675.8488095238108 
134395.5829747029 744.767063492064 
133282.1629378392 874.3936507936509 
131455.34359545266 1023.3876984126987 
130480.46271848764 1146.1230158730127 
129767.92868035578 1278.9571428571387 
129667.64883518784 1740.2638888888828 
128631.28289878626 1788.4519841269778 
127796.56797649956 1873.836111111105 
127060.64756117348 1924.109126984119 
154231.11217069087 206.12936507936493 
153408.15960061035 296.707936507936 
132316.99138697403 1023.1626984126987 
164982.7802872545 92.33293650793652 
170809.20198108192 60.77936507936509 
137436.92642685308 574.0694444444459 
142223.16498836927 466.29404761904806 
146474.54487146056 362.1773809523808 
177173.93378782738 57.19285714285718 
193727.87834905414 3.857936507936508 
146380.22594099634 378.0892857142858 
157391.81924967398 141.68928571428557 
146375.8353359218 379.06984126984133 
143252.09811581054 396.68849206349233 
177127.18879642 59.82182539682543 
137377.98077936462 609.9519841269858 
131342.1105100091 1145.8980158730128 
148540.47109587598 325.1571428571425 
145192.398372261 382.39523809523826 
164861.1028747194 137.32301587301575 
177199.33081785045 22.4670634920635 
141725.45982441882 477.20357142857205 
185510.01910257214 5.464285714285714 
138987.03520462988 508.17261904761995 
177181.19111002178 54.76388888888892 
143449.63829042195 390.43769841269864 
140721.93872491532 501.7079365079373 
140892.00138198366 483.1238095238103 
177205.77577327465 20.138095238095243 
177165.28624942957 59.521825396825434 
185505.3182857758 7.497619047619048 
143090.76214114967 413.69484126984133 
184258.4371942252 15.66944444444444 
148473.83524641808 344.13293650793645 
177207.10326443997 17.32301587301587 
143095.15274622405 412.7142857142858 
148555.67074363196 320.4087301587298 

131455.34359545266 1023.3876984126987 
130480.46271848764 1146.1230158730127 
129767.92868035578 1278.9571428571387 
129667.64883518784 1740.2638888888828 
128631.28289878626 1788.4519841269778 
127796.56797649956 1873.836111111105 
127060.64756117348 1924.109126984119 
154231.11217069087 206.12936507936493 
135827.87200158788 675.8488095238108 
133282.1629378392 874.3936507936509 
134395.5829747029 744.767063492064 
137377.98077936462 609.9519841269858 
132316.99138697403 1023.1626984126987 
144494.28843680158 407.43809523809546 
153749.62454429257 326.22579365079343 
154574.00407412674 196.49087301587278 
152887.63884359825 328.67976190476156 
171141.74357215528 54.03690476190477 
163417.42784336026 96.89603174603174 
157472.85571470877 150.7055555555554 
150699.084771719 348.00634920634917 
136004.6373999682 642.9876984127 
141434.38165809592 449.505952380953 
177160.97562842985 33.82063492063493 
177180.31638716767 31.72063492063493 
143339.34783544985 424.4571428571434 
193727.87834905414 3.857936507936508 
184213.53262481582 21.22738095238096 
170127.40078021275 61.56150793650798 
143169.2851783815 443.0412698412703 
145772.64372083294 348.1250000000003 
153818.99846501648 300.3944444444443 
141292.02236474503 471.13611111111163 
185505.3182857758 7.497619047619048 
140892.00138198366 483.1238095238103 
143743.9039648762 407.9305555555557 
137436.92642685308 574.0694444444459 
185510.01910257214 5.464285714285714 
138987.03520462988 508.17261904761995 
184258.4371942252 15.66944444444444 
141296.55751141015 466.5972222222226 
140721.93872491532 501.7079365079373 
143426.88641020967 418.7865079365084 
143536.01788920735 418.20634920634984 
184237.21628706748 20.427380952380954 

128631.28289878626 1788.4519841269778 
127796.56797649956 1873.836111111105 
127060.64756117348 1924.109126984119 
154231.11217069087 206.12936507936493 
135827.87200158788 675.8488095238108 
133282.1629378392 874.3936507936509 
131455.34359545266 1023.3876984126987 
130480.46271848764 1146.1230158730127 
129767.92868035578 1278.9571428571387 
185502.64448089167 8.29484126984127 
193727.87834905414 3.857936507936508 
132307.28206087425 997.1289682539682 
152036.87820421046 337.2567460317459 
151729.60986336548 354.4904761904764 
161634.6409136318 204.66190476190442 
133952.2400556682 827.3984126984122 
134917.41160653354 678.6293650793662 
164122.42704250672 202.64999999999966 
137377.98077936462 609.9519841269858 
146693.37640349707 392.0353174603175 
143638.93180074528 436.24563492063544 
165297.12088546006 144.35277777777765 
146296.368923807 405.34444444444483 
170090.8127028285 70.10436507936511 
177161.57695045677 26.396031746031753 
153749.62454429257 326.22579365079343 
139811.47832986078 504.4884920634928 
144549.39219579977 433.46507936507993 
138076.5748095755 510.95317460317546 
152883.33761005942 326.39523809523774 
141434.38165809592 449.505952380953 
141191.58534727918 494.9123015873024 
167112.09867760606 130.2845238095237 
129379.80585689867 1691.2611111111064 
146651.0284269112 402.1654761904766 
143169.2851783815 443.0412698412703 
170809.20198108192 60.77936507936509 
185505.3182857758 7.497619047619048 
164672.37667718864 145.02380952380935 
170118.3871697894 61.93968253968258 
145270.92140949282 411.74166666666713 
137111.4032587101 659.7222222222235 
137436.92642685308 574.0694444444459 
177199.33081785045 22.4670634920635 
134395.5829747029 744.767063492064 
136652.31512681892 672.1646825396838 
185510.01910257214 5.464285714285714 
138987.03520462988 508.17261904761995 
148795.0126346084 360.73571428571427 
184237.21628706748 20.427380952380954 
140721.93872491532 501.7079365079373 
149318.9777543007 357.58253968253973 

129667.64883518784 1740.2638888888828 
128631.28289878626 1788.4519841269778 
127796.56797649956 1873.836111111105 
127060.64756117348 1924.109126984119 
154231.11217069087 206.12936507936493 
134395.5829747029 744.767063492064 
133282.1629378392 874.3936507936509 
132316.99138697403 1023.1626984126987 
131455.34359545266 1023.3876984126987 
130480.46271848764 1146.1230158730127 
129767.92868035578 1278.9571428571387 
154500.75271189687 195.19801587301566 
164987.78915073935 88.60833333333332 
139645.5674217461 495.1432539682547 
135827.87200158788 675.8488095238108 
141434.38165809592 449.505952380953 
182567.7799854122 53.863888888888916 
143426.88641020967 418.7865079365084 
172031.29887244626 82.48690476190477 
149953.63559775695 299.28412698412683 
184258.4371942252 15.66944444444444 
177161.38858733512 60.71230158730163 
143536.01788920735 418.20634920634984 
184196.2743368998 25.5468253968254 
138987.03520462988 508.17261904761995 
137554.74617774494 577.0908730158744 
137377.98077936462 609.9519841269858 
157397.8766027675 145.60833333333318 
140973.7777941904 479.4603174603182 
154556.42486445486 191.91904761904743 
132455.53054687261 1016.2714285714286 
138986.48848551177 513.4880952380961 
141088.67143574124 476.8730158730168 
143330.74247665337 429.30476190476196 
145971.15668721742 356.791666666667 
184245.5242674286 18.098412698412698 
153884.24318015765 223.1277777777774 
145975.36642251431 354.4626984126988 
184199.15417628604 24.356349206349215 
145536.77981160232 402.1666666666673 
172028.3714855883 84.81587301587302 
164444.52520614327 139.2523809523808 
140979.53995674354 477.45317460317534 
143423.19354216233 419.3714285714291 
141092.88117103826 474.54404761904857 
149086.16722492134 340.75079365079387 
137713.95517651158 574.760317460319 
184250.13795432058 17.998412698412693 
177170.03762991496 58.383333333333375 
133420.70209773787 867.5023809523811 
184242.64944669305 19.288888888888888 
184234.34033466142 21.617857142857144 
177865.6026554802 53.98174603174604 
177165.28624942957 59.521825396825434 
177851.39164040386 57.6011904761905 
149091.89303917825 327.11071428571444 
164125.32392621323 139.82619047619025 
184237.21628706748 20.427380952380954 

129667.64883518784 1740.2638888888828 
128631.28289878626 1788.4519841269778 
127796.56797649956 1873.836111111105 
127060.64756117348 1924.109126984119 
154231.11217069087 206.12936507936493 
134395.5829747029 744.767063492064 
132316.99138697403 1023.1626984126987 
131455.34359545266 1023.3876984126987 
130480.46271848764 1146.1230158730127 
129767.92868035578 1278.9571428571387 
140721.93872491532 501.7079365079373 
164974.7909222191 91.53730158730158 
178159.07005105546 45.27261904761907 
159581.2585860035 167.4817460317457 
171126.34752405854 48.292857142857166 
154530.05218560685 192.7202380952379 
133282.1629378392 874.3936507936509 
154556.77276180463 189.69126984126964 
136004.6373999682 642.9876984127 
160021.59625989044 156.3730158730156 
159151.19947138408 185.56031746031707 
184201.4405966705 20.251190476190473 
152887.63884359825 328.67976190476156 
153573.7199420141 321.4095238095234 
135827.87200158788 675.8488095238108 
163426.95504175144 99.47222222222221 
151364.20008859696 330.34404761904716 
141295.65042660042 429.1503968253971 
185502.64448089167 8.29484126984127 
153896.3144019594 307.2583333333331 
137554.74617774494 577.0908730158744 
185507.33342117886 6.261507936507936 
185464.86834970867 11.207142857142859 
137377.98077936462 609.9519841269858 
184232.9171411736 17.71230158730158 
170850.43249577133 68.2345238095238 
138980.75579565385 507.77261904761986 
146430.82949850056 332.3059523809522 
153601.82438156937 318.6158730158725 
184234.21843228844 16.488888888888884 
138980.29040920452 509.3353174603183 
184224.59916048037 20.041269841269838 
146292.53307671743 401.49722222222255 
178140.59513252636 46.07380952380954 
178169.079905819 44.18650793650796 
178177.62915929971 40.634126984127015 
184225.903714229 18.817857142857136 
137371.2359839392 611.1146825396842 
178170.89155143572 42.96309523809526 
178173.58597250836 41.77261904761908 

154231.11217069087 206.12936507936493 
135827.87200158788 675.8488095238108 
134395.5829747029 744.767063492064 
131455.34359545266 1023.3876984126987 
130480.46271848764 1146.1230158730127 
129767.92868035578 1278.9571428571387 
129667.64883518784 1740.2638888888828 
128631.28289878626 1788.4519841269778 
127796.56797649956 1873.836111111105 
127060.64756117348 1924.109126984119 
134917.41160653354 678.6293650793662 
133282.1629378392 874.3936507936509 
149903.28229911294 322.1099206349205 
136526.46603179874 576.8500000000015 
157427.43198263703 147.32222222222208 
133952.2400556682 827.3984126984122 
137436.92642685308 574.0694444444459 
176813.17843877373 91.4924603174603 
164455.84541328042 144.18253968253956 
169979.73023129706 100.36825396825395 
144494.28843680158 407.43809523809546 
178175.81849487167 41.85753968253971 
184245.8502926129 15.28333333333333 
132316.99138697403 1023.1626984126987 
177856.8378529301 54.42222222222223 
146188.55843202735 374.9023809523811 
177838.26984539948 57.95674603174605 
147210.87051040056 367.1559523809522 
132476.2003857406 1020.8321428571431 
139811.47832986078 504.4884920634928 
138076.5748095755 510.95317460317546 
143426.88641020967 418.7865079365084 
144150.96373169497 409.22380952380973 
153596.57974331678 318.44999999999993 
132838.82001880457 957.0249999999997 
170443.39407013275 94.07341269841267 
164462.57923026913 141.8535714285713 
138987.03520462988 508.17261904761995 
143169.2851783815 443.0412698412703 
184248.7526650683 14.092857142857138 
176820.28185743836 89.16349206349209 
140721.93872491532 501.7079365079373 
184232.9171411736 17.71230158730158 
184225.903714229 18.817857142857136 
184224.59916048037 20.041269841269838 
140979.53995674354 477.45317460317534 
184234.21843228844 16.488888888888884 
141434.38165809592 449.505952380953 
178169.079905819 44.18650793650796 
136004.6373999682 642.9876984127 
176816.92588824374 90.30198412698415 

129667.64883518784 1740.2638888888828 
128631.28289878626 1788.4519841269778 
127796.56797649956 1873.836111111105 
127060.64756117348 1924.109126984119 
154231.11217069087 206.12936507936493 
134395.5829747029 744.767063492064 
133282.1629378392 874.3936507936509 
132316.99138697403 1023.1626984126987 
131455.34359545266 1023.3876984126987 
130480.46271848764 1146.1230158730127 
129767.92868035578 1278.9571428571387 
153328.3959595303 270.5650793650789 
164988.86981793042 100.690873015873 
132829.11069270482 930.9912698412699 
164835.7379531624 104.85436507936507 
147544.82686321772 359.32023809523827 
135492.63950734536 735.4678571428581 
170772.0196708474 63.629365079365094 
170809.20198108192 60.77936507936509 
136163.8463987348 640.6571428571443 
141434.38165809592 449.505952380953 
157493.53609272485 167.82380952380936 
193727.87834905414 3.857936507936508 
147544.73733782925 360.62976190476206 
158047.2054805238 128.64007936507926 
137377.98077936462 609.9519841269858 
143936.80613710338 399.393650793651 
184213.53262481582 21.22738095238096 
184199.15417628604 24.356349206349215 
154411.32131557635 196.4496031746029 
178204.98508174898 42.843650793650816 
152887.63884359825 328.67976190476156 
151566.25583428654 329.21626984126976 
138877.19740667168 599.2178571428582 
184228.79535586128 17.627380952380946 
177147.8769873041 59.13571428571433 
146611.65336371426 367.1781746031749 
170452.59332833538 95.33968253968249 
184225.903714229 18.817857142857136 
143169.2851783815 443.0412698412703 
178198.25256871703 45.17261904761907 
140533.47073334368 464.2837301587307 
184198.86532150663 27.451984126984136 
177817.07049618935 51.14722222222224 
138886.6312354826 598.916269841271 
185510.01910257214 5.464285714285714 
184208.30641837046 24.070238095238096 
184224.59916048037 20.041269841269838 
147654.49459011163 346.2238095238094 
138987.03520462988 508.17261904761995 
135827.87200158788 675.8488095238108 

129667.64883518784 1740.2638888888828 
128631.28289878626 1788.4519841269778 
127796.56797649956 1873.836111111105 
127060.64756117348 1924.109126984119 
193562.06819757097 18.04047619047619 
154231.11217069087 206.12936507936493 
133282.1629378392 874.3936507936509 
132316.99138697403 1023.1626984126987 
131455.34359545266 1023.3876984126987 
130480.46271848764 1146.1230158730127 
129767.92868035578 1278.9571428571387 
143536.01788920735 418.20634920634984 
136467.52038431028 612.7325396825414 
134395.5829747029 744.767063492064 
161200.77834478687 178.3984126984125 
171153.06033754308 45.263888888888914 
162564.2915619798 132.56825396825388 
166090.00984124604 130.06269841269835 
171134.77022819105 46.226190476190496 
169783.5063145082 129.0809523809523 
170773.46432210988 63.70833333333334 
159157.02861056465 182.55079365079322 
141434.38165809592 449.505952380953 
169971.89667621077 96.5626984126984 
170767.54064863073 73.3277777777778 
161213.9617683034 175.89841269841247 
136004.6373999682 642.9876984127 
135827.87200158788 675.8488095238108 
137377.98077936462 609.9519841269858 
137436.92642685308 574.0694444444459 
153885.7467177341 243.6361111111107 
143169.2851783815 443.0412698412703 
138076.5748095755 510.95317460317546 
143339.34783544985 424.4571428571434 
161288.8369874069 174.9861111111109 
160705.28562694814 182.4396825396821 
140721.93872491532 501.7079365079373 
148429.47354533087 306.55396825396787 
140798.29428299045 472.3702380952386 
170809.20198108192 60.77936507936509 
177115.06860137035 34.649603174603186 
184237.21628706748 20.427380952380954 
157768.0346165161 205.2626984126982 
145897.4802657044 347.20476190476205 
138987.03520462988 508.17261904761995 

129667.64883518784 1740.2638888888828 
128631.28289878626 1788.4519841269778 
127796.56797649956 1873.836111111105 
127060.64756117348 1924.109126984119 
154231.11217069087 206.12936507936493 
135827.87200158788 675.8488095238108 
134395.5829747029 744.767063492064 
133282.1629378392 874.3936507936509 
131455.34359545266 1023.3876984126987 
130480.46271848764 1146.1230158730127 
129767.92868035578 1278.9571428571387 
134917.41160653354 678.6293650793662 
160233.53053607175 162.79960317460296 
132307.28206087425 997.1289682539682 
146399.2546141555 382.3892857142861 
148279.73882864346 333.8960317460316 
133952.2400556682 827.3984126984122 
136467.52038431028 612.7325396825414 
140523.9212630415 452.2865079365085 
132838.82001880457 957.0249999999997 
152100.86702701295 302.92619047619036 
177196.75413863955 19.751984126984123 
153387.3113501283 285.4186507936504 
137554.74617774494 577.0908730158744 
177190.2894828521 22.08095238095238 
193727.87834905414 3.857936507936508 
141434.38165809592 449.505952380953 
177192.55158099733 21.7170634920635 
170808.42526350683 56.84087301587304 
145440.98406656118 393.1575396825402 
163030.8635460871 111.15515873015873 
137377.98077936462 609.9519841269858 
143339.34783544985 424.4571428571434 
138987.03520462988 508.17261904761995 
185510.01910257214 5.464285714285714 
184234.6979292098 18.538888888888888 
185505.3182857758 7.497619047619048 
163025.98925094612 113.48412698412699 
170127.40078021275 61.56150793650798 

129667.64883518784 1740.2638888888828 
128631.28289878626 1788.4519841269778 
127796.56797649956 1873.836111111105 
127060.64756117348 1924.109126984119 
154231.11217069087 206.12936507936493 
135827.87200158788 675.8488095238108 
134395.5829747029 744.767063492064 
133282.1629378392 874.3936507936509 
132316.99138697403 1023.1626984126987 
131455.34359545266 1023.3876984126987 
130480.46271848764 1146.1230158730127 
129767.92868035578 1278.9571428571387 
152887.63884359825 328.67976190476156 
170707.22124325542 70.03293650793651 
144010.69050385183 414.4000000000001 
148242.7890375034 382.4849206349209 
170744.27040168634 67.10396825396826 
134917.41160653354 678.6293650793662 
170455.31331257723 94.85634920634918 
165190.8358283958 115.79603174603173 
136004.6373999682 642.9876984127 
149356.27570251262 363.2765873015875 
137377.98077936462 609.9519841269858 
165195.5672332914 113.46706349206347 
158721.54735530476 192.39484126984092 
147254.63947140123 394.5761904761906 
128391.75118556722 1856.9007936507883 
177165.28624942957 59.521825396825434 
148555.99460426514 377.1166666666672 
177173.93378782738 57.19285714285718 
138885.36105894466 600.4718253968266 
184234.41065157184 25.679761904761914 
184258.4371942252 15.66944444444444 
184237.21628706748 20.427380952380954 
184250.13795432058 17.998412698412693 
184235.7110248785 24.456349206349216 
146296.368923807 405.34444444444483 
138987.03520462988 508.17261904761995 
162318.6308733963 181.69444444444406 
184245.5242674286 18.098412698412698 
146651.0284269112 402.1654761904766 
141434.38165809592 449.505952380953 

135827.87200158788 675.8488095238108 
134395.5829747029 744.767063492064 
132316.99138697403 1023.1626984126987 
131455.34359545266 1023.3876984126987 
130480.46271848764 1146.1230158730127 
129767.92868035578 1278.9571428571387 
129667.64883518784 1740.2638888888828 
128631.28289878626 1788.4519841269778 
127796.56797649956 1873.836111111105 
127060.64756117348 1924.109126984119 
154231.11217069087 206.12936507936493 
193727.87834905414 3.857936507936508 
132452.74630316292 998.1357142857142 
133282.1629378392 874.3936507936509 
171134.0874677301 49.1761904761905 
160109.13647179765 145.95873015873005 
170789.3085450772 49.634523809523834 
143675.550096539 395.6519841269844 
151912.1899833904 265.3230158730155 
177229.7235168329 17.34801587301587 
154616.84889981028 202.53412698412683 
163378.45769263635 87.71626984126985 
143671.33406531057 397.98095238095266 
177196.75413863955 19.751984126984123 
185503.57208016203 10.151587301587302 
141228.20364307312 454.3186507936514 
159024.44156470746 192.6753968253967 
177199.73199810513 18.528571428571425 
138977.77386769326 506.89642857142945 
137373.6795458257 607.667460317462 
138986.9500023195 503.5591269841279 
184234.21843228844 16.488888888888884 
138982.73397109105 505.8880952380961 
143665.8733873122 398.989285714286 
141218.5269338464 457.65595238095295 
170791.51866984193 49.27063492063494 
137550.444944206 574.8063492063508 
185510.01910257214 5.464285714285714 
170126.6205678789 59.888095238095275 
171139.6554923376 43.89722222222225 
143661.79466887124 399.75555555555576 
137364.48974395086 611.0047619047637 
150342.7156297195 332.21865079365074 
147221.2874484255 365.1182539682544 
143661.64368883523 401.3182539682542 
141192.70607259765 477.2916666666672 
141223.98761184473 456.6476190476196 
177195.50929765066 20.493650793650797 
171150.1636094767 41.468253968254 
169721.89064101072 84.73849206349209 
138973.54416921618 509.2253968253977 
141214.29723536942 459.9849206349212 
184238.8780612814 16.124999999999996 
137335.0654087053 664.084126984128 
150346.90810564236 300.4634920634918 
170786.6124900151 51.59960317460319 
170787.7930317403 50.77301587301589 
185505.3182857758 7.497619047619048 

129767.92868035578 1278.9571428571387 
129667.64883518784 1740.2638888888828 
128631.28289878626 1788.4519841269778 
127796.56797649956 1873.836111111105 
127060.64756117348 1924.109126984119 
154231.11217069087 206.12936507936493 
135827.87200158788 675.8488095238108 
134395.5829747029 744.767063492064 
133282.1629378392 874.3936507936509 
131455.34359545266 1023.3876984126987 
130480.46271848764 1146.1230158730127 
164956.26866628305 89.03730158730157 
154169.39769425231 274.0198412698407 
170793.31034463085 72.96190476190478 
133103.76809104995 978.3964285714285 
170809.20198108192 60.77936507936509 
153060.54714821585 277.00476190476144 
136963.15477271192 640.579761904763 
132307.28206087425 997.1289682539682 
135492.63950734536 735.4678571428581 
137436.92642685308 574.0694444444459 
193727.87834905414 3.857936507936508 
143240.50333664054 412.0043650793653 
177153.54767437192 56.72182539682543 
154639.1510628932 204.85992063492037 
141434.38165809592 449.505952380953 
148950.69722276533 379.8230158730163 
138076.5748095755 510.95317460317546 
184247.145580394 14.05992063492063 
137377.98077936462 609.9519841269858 
157388.11944540608 149.2011904761903 
151918.92513243578 324.72261904761905 
149235.22244892595 324.74841269841255 
140793.15688317438 470.6710317460322 
184238.83958777605 16.388888888888882 
184224.59916048037 20.041269841269838 
139123.64874362788 505.299603174604 
146355.51387434432 395.96349206349225 
144373.69537721272 402.80833333333345 
184234.21843228844 16.488888888888884 
148839.5824987907 382.83888888888924 
139209.76685014757 501.7571428571437 
146787.87599545997 383.41507936507963 
184225.903714229 18.817857142857136 
152209.786508828 285.5817460317456 
143169.2851783815 443.0412698412703 
163039.58566564746 112.52182539682538 
140721.93872491532 501.7079365079373 
146445.19619638444 390.15952380952393 
184228.79535586128 17.627380952380946 
177857.1515854206 51.18174603174605 
138987.03520462988 508.17261904761995 
177838.61819123034 55.93968253968256 
153403.3793429419 274.02460317460276 

154231.11217069087 206.12936507936493 
133282.1629378392 874.3936507936509 
132316.99138697403 1023.1626984126987 
131455.34359545266 1023.3876984126987 
130480.46271848764 1146.1230158730127 
129767.92868035578 1278.9571428571387 
129667.64883518784 1740.2638888888828 
128631.28289878626 1788.4519841269778 
127796.56797649956 1873.836111111105 
127060.64756117348 1924.109126984119 
135827.87200158788 675.8488095238108 
134395.5829747029 744.767063492064 
193727.87834905414 3.857936507936508 
178210.12241983655 45.67261904761907 
153633.29170697444 239.7884920634918 
144336.68293079585 369.72777777777753 
170809.20198108192 60.77936507936509 
154491.23017988782 197.19246031746016 
151612.0596646267 289.15436507936465 
157368.78601768293 156.63571428571404 
136424.79188611355 669.1492063492074 
141088.67143574124 476.8730158730168 
164462.57923026913 141.8535714285713 
137436.92642685308 574.0694444444459 
137335.25228116792 666.3686507936518 
141291.84942925943 411.67063492063494 
178208.879435614 45.679365079365105 
137377.98077936462 609.9519841269858 
154558.5075646165 195.1412698412697 
185505.3182857758 7.497619047619048 
178191.36572710672 47.58650793650795 
140721.93872491532 501.7079365079373 
178190.31373121834 50.430555555555564 
138987.03520462988 508.17261904761995 
184224.59916048037 20.041269841269838 
185450.71398282942 8.409920634920633 
177188.60542359637 57.692857142857186 
166129.05582500575 111.94007936507937 
149313.60881023915 339.93015873015855 
184232.9171411736 17.71230158730158 
184258.4371942252 15.66944444444444 
170111.96917407104 94.41984126984126 

129667.64883518784 1740.2638888888828 
128631.28289878626 1788.4519841269778 
127796.56797649956 1873.836111111105 
127060.64756117348 1924.109126984119 
193562.06819757097 18.04047619047619 
154231.11217069087 206.12936507936493 
134395.5829747029 744.767063492064 
133282.1629378392 874.3936507936509 
132316.99138697403 1023.1626984126987 
131455.34359545266 1023.3876984126987 
130480.46271848764 1146.1230158730127 
129767.92868035578 1278.9571428571387 
132977.35917870322 950.1337301587303 
132569.6288997074 1007.2277777777782 
135827.87200158788 675.8488095238108 
133952.2400556682 827.3984126984122 
177115.06860137035 34.649603174603186 
146514.25944245706 339.1952380952378 
141088.67143574124 476.8730158730168 
129694.75623444984 1726.999999999994 
141268.49466385882 475.07936507936546 
148424.97372999706 323.19484126984105 
140979.53995674354 477.45317460317534 
140685.53690137132 506.0119047619056 
137377.98077936462 609.9519841269858 
145225.25551101114 374.6734126984128 
158206.42122035063 136.99404761904745 
164974.12540915248 76.28650793650796 
163381.75678531034 90.9130952380952 
138982.1823595012 509.25317460317547 
146323.33749888564 354.49444444444407 
158143.1823660572 140.13531746031737 
143299.43004715448 396.4373015873018 
137436.92642685308 574.0694444444459 
164978.9999816896 73.95753968253972 
143123.61927989998 405.97301587301587 
184237.21628706748 20.427380952380954 
158201.6635109166 139.3230158730157 
145164.9219787146 376.1678571428572 
170788.53748039957 54.79642857142859 
143063.28574760322 407.4674603174603 
140892.00138198366 483.1238095238103 
170757.67809752194 55.39642857142859 
136467.52038431028 612.7325396825414 
148374.94110006167 338.1460317460315 
145399.28722586896 364.29166666666686 
170793.43616936632 52.467460317460336 
141388.71575961445 412.43769841269847 
177196.3812669256 23.690476190476197 
184235.93413116087 21.650793650793656 
140721.93872491532 501.7079365079373 
148789.80110019541 272.8595238095234 
138987.03520462988 508.17261904761995 
184245.5242674286 18.098412698412698 

128631.28289878626 1788.4519841269778 
127796.56797649956 1873.836111111105 
127060.64756117348 1924.109126984119 
154231.11217069087 206.12936507936493 
134395.5829747029 744.767063492064 
133282.1629378392 874.3936507936509 
131455.34359545266 1023.3876984126987 
130480.46271848764 1146.1230158730127 
129767.92868035578 1278.9571428571387 
184195.52930813472 24.1186507936508 
177143.97597875728 34.649603174603186 
129663.53794764905 1732.8103174603114 
160052.61364820157 171.0924603174601 
184200.87444463815 23.356349206349208 
136004.6373999682 642.9876984127 
154505.2308903753 199.85039682539664 
166133.01207152012 115.57857142857142 
153321.3366137336 259.2940476190474 
129345.27569255774 1775.251190476184 
132316.99138697403 1023.1626984126987 
166138.30503604942 113.14960317460316 
150344.42526861484 351.18531746031755 
135827.87200158788 675.8488095238108 
154601.14620915687 196.75912698412682 
137436.92642685308 574.0694444444459 
133952.2400556682 827.3984126984122 
147584.07423401505 364.0472222222224 
184228.79535586128 17.627380952380946 
149224.9506466437 360.411111111111 
141434.38165809592 449.505952380953 
184155.50008044543 27.93531746031746 
145948.63178983916 395.8805555555562 
168608.7905909983 110.47420634920631 
151063.53308364342 291.10912698412653 
147498.5580302373 389.34801587301615 
184234.21843228844 16.488888888888884 
143169.2851783815 443.0412698412703 
143536.01788920735 418.20634920634984 
138987.03520462988 508.17261904761995 
153957.9001807359 244.19682539682506 
154561.07335457386 197.5714285714284 
160168.26595251993 161.47777777777756 
184195.67476672572 23.93253968253968 
138937.915918144 516.4321428571437 
184237.1089497904 15.298412698412694 
184250.0336231424 12.86944444444444 
168607.73892198986 110.78095238095234 
170844.59885742713 77.25476190476192 
136526.46603179874 576.8500000000015 
143339.34783544985 424.4571428571434 
138933.6695618633 518.7611111111121 
141088.67143574124 476.8730158730168 
140721.93872491532 501.7079365079373 
184225.903714229 18.817857142857136 
184224.59916048037 20.041269841269838 
159609.45668310722 177.03968253968227 
145270.92140949282 411.74166666666713 

129667.64883518784 1740.2638888888828 
128631.28289878626 1788.4519841269778 
127796.56797649956 1873.836111111105 
127060.64756117348 1924.109126984119 
154231.11217069087 206.12936507936493 
134395.5829747029 744.767063492064 
131455.34359545266 1023.3876984126987 
130480.46271848764 1146.1230158730127 
129767.92868035578 1278.9571428571387 
133282.1629378392 874.3936507936509 
163417.42784336026 96.89603174603174 
135827.87200158788 675.8488095238108 
133803.9915696698 808.2559523809522 
193727.87834905414 3.857936507936508 
141088.67143574124 476.8730158730168 
154146.3093226485 275.674206349206 
143169.2851783815 443.0412698412703 
151495.64400821712 344.04523809523846 
143536.01788920735 418.20634920634984 
170127.40078021275 61.56150793650798 
177199.33081785045 22.4670634920635 
152604.05094907287 322.95753968253945 
158347.58390715776 180.35833333333295 
163142.07241915778 137.17976190476173 
176248.63595565292 58.250396825396855 
145897.4802657044 347.20476190476205 
170809.20198108192 60.77936507936509 
143339.34783544985 424.4571428571434 
141434.38165809592 449.505952380953 
145440.98406656118 393.1575396825402 
137436.92642685308 574.0694444444459 
137377.98077936462 609.9519841269858 
132307.28206087425 997.1289682539682 
185450.71398282942 8.409920634920633 
138987.03520462988 508.17261904761995 
184237.21628706748 20.427380952380954 
140721.93872491532 501.7079365079373 
140892.00138198366 483.1238095238103 
184258.4371942252 15.66944444444444 
185510.01910257214 5.464285714285714 

129667.64883518784 1740.2638888888828 
128631.28289878626 1788.4519841269778 
127796.56797649956 1873.836111111105 
127060.64756117348 1924.109126984119 
154231.11217069087 206.12936507936493 
133282.1629378392 874.3936507936509 
132316.99138697403 1023.1626984126987 
131455.34359545266 1023.3876984126987 
130480.46271848764 1146.1230158730127 
129767.92868035578 1278.9571428571387 
135827.87200158788 675.8488095238108 
138885.36105894466 600.4718253968266 
185450.71398282942 8.409920634920633 
170801.08395090917 58.549206349206365 
154502.7297673746 187.69166666666652 
141088.67143574124 476.8730158730168 
147584.07423401505 364.0472222222224 
193727.87834905414 3.857936507936508 
141434.38165809592 449.505952380953 
143536.01788920735 418.20634920634984 
146296.368923807 405.34444444444483 
184237.54103077302 17.61230158730158 
170127.40078021275 61.56150793650798 
157479.61997979452 150.52896825396806 
168570.5738447918 93.40873015873018 
185510.01910257214 5.464285714285714 
137335.25228116792 666.3686507936518 
140609.2527564362 483.6130952380958 
184224.59916048037 20.041269841269838 
185504.51418786994 7.568650793650793 
148562.98285508214 276.19444444444406 
138987.03520462988 508.17261904761995 
140586.1096887691 494.0242063492069 
184227.68263344662 19.644444444444442 
164231.18898136987 136.8023809523808 
137377.98077936462 609.9519841269858 
132614.73954563917 1013.940873015873 
143060.51271802094 424.0591269841271 
185421.57637826077 10.409920634920635 
166241.9921897158 130.14880952380938 
134395.5829747029 744.767063492064 
184247.145580394 14.05992063492063 
184238.83958777605 16.388888888888882 
177188.60542359637 57.692857142857186 
140602.43650415083 486.06309523809585 
175280.54678164405 58.074206349206385 
145270.92140949282 411.74166666666713 
185505.3182857758 7.497619047619048 
140619.92600109364 480.2757936507942 
140613.16626455483 482.72579365079423 
184245.8502926129 15.28333333333333 
143067.27245455972 421.6091269841271 
140597.3438023306 487.02301587301645 
177199.33081785045 22.4670634920635 
140592.7153887348 490.1714285714292 

129667.64883518784 1740.2638888888828 
128631.28289878626 1788.4519841269778 
127796.56797649956 1873.836111111105 
127060.64756117348 1924.109126984119 
193562.06819757097 18.04047619047619 
154231.11217069087 206.12936507936493 
134395.5829747029 744.767063492064 
133282.1629378392 874.3936507936509 
131455.34359545266 1023.3876984126987 
130480.46271848764 1146.1230158730127 
129767.92868035578 1278.9571428571387 
129663.79995346224 1754.1964285714234 
154534.59689946403 194.64960317460304 
135827.87200158788 675.8488095238108 
132447.32980488858 998.7162698412699 
136004.6373999682 642.9876984127 
132316.99138697403 1023.1626984126987 
167065.3771957355 129.40277777777766 
132428.43193461795 1008.5087301587301 
177141.17917409792 31.72063492063493 
135813.31720355747 679.7666666666676 
151021.83865474144 301.80158730158706 
137423.0021915004 577.4940476190491 
137373.8647615379 614.4908730158749 
177162.98897542118 25.396031746031753 
138874.33357173955 477.328571428572 
133803.9915696698 808.2559523809522 
143546.52069738565 400.67023809523835 
143554.5200309522 396.40357142857175 
140886.4508777652 460.0694444444449 
157505.79944427795 156.9980158730157 
145993.6618754261 384.2861111111114 
184224.59916048037 20.041269841269838 
137452.46894670057 542.1456349206363 
145974.03348168597 387.00952380952407 
152052.55152997017 263.99801587301545 
154479.00487440184 194.78650793650775 
143564.06610653302 393.5134920634924 
157484.64643664303 157.06904761904744 
148269.05670140026 321.4305555555556 
165277.2536609797 137.0059523809523 
140870.6029305503 473.34365079365125 
163627.27512764413 137.26904761904746 
151053.94803935545 282.85396825396793 
143536.25528347216 449.6742063492066 
170772.1502212464 63.70833333333334 
153219.5766611021 251.1892857142855 
138860.48094209944 504.1738095238102 
149903.30138259978 320.320238095238 
157514.44601356768 154.06904761904744 
184245.5242674286 18.098412698412698 
143539.60497077738 440.3809523809527 
140882.3867673262 465.9126984126988 
141094.28493307237 450.78492063492126 
146089.53513336726 349.4698412698411 

154231.11217069087 206.12936507936493 
135827.87200158788 675.8488095238108 
133282.1629378392 874.3936507936509 
132316.99138697403 1023.1626984126987 
131455.34359545266 1023.3876984126987 
130480.46271848764 1146.1230158730127 
129767.92868035578 1278.9571428571387 
129667.64883518784 1740.2638888888828 
128631.28289878626 1788.4519841269778 
127796.56797649956 1873.836111111105 
127060.64756117348 1924.109126984119 
154173.80719976712 289.8753968253963 
147746.68790121985 387.8829365079368 
152971.97133849416 295.16746031745976 
150235.83619495085 304.4634920634915 
137377.98077936462 609.9519841269858 
137335.25228116792 666.3686507936518 
152962.618131852 300.7833333333329 
145270.92140949282 411.74166666666713 
146411.94130572013 398.70357142857154 
154593.74982582172 198.48650793650776 
134395.5829747029 744.767063492064 
170809.20198108192 60.77936507936509 
146119.8252669828 409.3317460317463 
170127.40078021275 61.56150793650798 
149135.61789742796 380.4269841269845 
137713.95517651158 574.760317460319 
148839.5824987907 382.83888888888924 
153396.28720707918 293.2630952380949 
141429.7704664421 452.70476190476245 
141434.38165809592 449.505952380953 
193727.87834905414 3.857936507936508 
184228.79535586128 17.627380952380946 
146414.44254531007 395.2269841269841 
143536.01788920735 418.20634920634984 
177199.33081785045 22.4670634920635 
177149.6328599526 57.91230158730163 
157468.6811793704 150.499603174603 
143426.88641020967 418.7865079365084 
143169.2851783815 443.0412698412703 
177157.10746785434 57.54841269841273 
157463.8410685777 152.82857142857125 
141405.7114844874 455.4277777777785 
177162.20162421186 54.392857142857174 
185505.3182857758 7.497619047619048 
138987.03520462988 508.17261904761995 
140959.17348937766 469.75833333333406 
143417.83782452877 418.8841269841275 
163042.08408746705 146.36904761904748 
184237.1089497904 15.298412698412694 
184224.59916048037 20.041269841269838 
146521.53048054758 395.0507936507941 
132455.53054687261 1016.2714285714286 
163421.50786244203 102.6984126984127 
146296.368923807 405.34444444444483 
140721.93872491532 501.7079365079373 

129667.64883518784 1740.2638888888828 
128631.28289878626 1788.4519841269778 
127796.56797649956 1873.836111111105 
127060.64756117348 1924.109126984119 
154231.11217069087 206.12936507936493 
133282.1629378392 874.3936507936509 
132316.99138697403 1023.1626984126987 
131455.34359545266 1023.3876984126987 
130480.46271848764 1146.1230158730127 
129767.92868035578 1278.9571428571387 
170758.22318972118 70.03293650793651 
157322.2136339853 135.94761904761893 
134395.5829747029 744.767063492064 
153070.93502963174 218.15198412698385 
154685.03324627923 202.58095238095214 
153039.40954944753 326.2218253968254 
137377.98077936462 609.9519841269858 
163417.42784336026 96.89603174603174 
170809.20198108192 60.77936507936509 
184225.938256528 24.40634920634921 
148242.7890375034 382.4849206349209 
178543.97922954088 54.94285714285715 
163038.88846727982 108.61190476190475 
178549.15380843825 51.554365079365084 
152887.63884359825 328.67976190476156 
168570.5738447918 93.40873015873018 
151913.1336550911 334.0749999999997 
177847.08745029874 58.739682539682555 
193727.87834905414 3.857936507936508 
147254.63947140123 394.5761904761906 
177165.28624942957 59.521825396825434 
141088.67143574124 476.8730158730168 
135827.87200158788 675.8488095238108 
144194.73269269557 436.6440476190481 
137554.74617774494 577.0908730158744 
178552.10687289835 48.03373015873015 
146296.368923807 405.34444444444483 
146456.31083587362 399.6313492063493 
141434.38165809592 449.505952380953 
177858.83696451513 56.3107142857143 
178562.62554500985 43.77658730158731 
144549.39219579977 433.46507936507993 
143169.2851783815 443.0412698412703 
148583.1322810966 368.22063492063506 
184248.91829929818 14.886507936507932 
184227.24791070115 23.18293650793651 
148583.5702706347 355.9039682539684 
140721.93872491532 501.7079365079373 
148607.6717122942 355.5448412698415 
185510.01910257214 5.464285714285714 
138987.03520462988 508.17261904761995 
184240.61363074463 17.215476190476185 
149291.83667909104 342.21230158730145 
178559.83927722365 45.809920634920644 
184227.68263344662 19.644444444444442 
185505.3182857758 7.497619047619048 
147265.97426939878 393.1829365079367 

129667.64883518784 1740.2638888888828 
128631.28289878626 1788.4519841269778 
127796.56797649956 1873.836111111105 
127060.64756117348 1924.109126984119 
154231.11217069087 206.12936507936493 
133282.1629378392 874.3936507936509 
132316.99138697403 1023.1626984126987 
131455.34359545266 1023.3876984126987 
130480.46271848764 1146.1230158730127 
129767.92868035578 1278.9571428571387 
128661.79308844016 1788.2936507936456 
135551.58515483385 699.5853174603187 
141434.38165809592 449.505952380953 
135827.87200158788 675.8488095238108 
154519.3668740101 197.42142857142844 
157432.9690907798 163.71150793650776 
154563.6090465269 192.28571428571408 
136981.17160689103 671.1107142857159 
134554.79197346955 742.4365079365085 
177215.8253840004 18.689682539682536 
137361.734600764 576.9265873015887 
141428.02594660167 452.1865079365085 
141088.67143574124 476.8730158730168 
153225.91668881674 256.71706349206323 
129727.68369762522 1674.6325396825348 
148556.60061414188 357.2000000000002 
177196.6902562183 27.811507936507944 
163134.93855368163 137.16150793650783 
164984.5653291891 79.55436507936508 
170806.77719696495 58.06428571428574 
142730.1691478736 377.2416666666665 
140468.15566941508 484.50912698412753 
185507.33342117886 6.261507936507936 
150902.7127818224 286.80476190476156 
148551.45044881152 360.00793650793685 
138977.04977421358 510.41706349206436 
177196.75413863955 19.751984126984123 
148530.98773081397 361.02896825396846 
138979.25804185873 509.22658730158815 
137436.92642685308 574.0694444444459 
134395.5829747029 744.767063492064 
141430.25335332847 450.9960317460323 
185510.01910257214 5.464285714285714 
138987.03520462988 508.17261904761995 
184238.83958777605 16.388888888888882 
140480.80137746432 477.0968253968259 
184237.54103077302 17.61230158730158 
185504.85900098563 10.808730158730159 
140471.5301229687 479.22539682539735 
139811.47832986078 504.4884920634928 
177188.60542359637 57.692857142857186 
185505.5506312174 8.379761904761905 
149871.4069704135 325.8547619047618 
164957.0485019753 86.88849206349208 
184241.7287585194 15.198412698412696 
184247.145580394 14.05992063492063 

133282.1629378392 874.3936507936509 
132316.99138697403 1023.1626984126987 
131455.34359545266 1023.3876984126987 
130480.46271848764 1146.1230158730127 
129767.92868035578 1278.9571428571387 
129667.64883518784 1740.2638888888828 
128631.28289878626 1788.4519841269778 
127796.56797649956 1873.836111111105 
127060.64756117348 1924.109126984119 
193562.06819757097 18.04047619047619 
154231.11217069087 206.12936507936493 
153323.73035177693 273.7817460317455 
153320.18690170758 282.98373015873 
132838.82001880457 957.0249999999997 
135994.1569568163 641.917063492065 
148929.983331331 331.7591269841269 
161630.33968009287 202.3773809523806 
137429.4721977614 575.0349206349221 
163091.16377951123 130.5603174603173 
134395.5829747029 744.767063492064 
137366.61932466459 610.2277777777796 
184225.903714229 18.817857142857136 
145266.62017595393 409.4571428571432 
138977.4150886291 507.12023809523896 
147164.56278131827 379.0174603174605 
138985.27994138622 505.71587301587385 
146298.69127009608 398.4138888888894 
140920.2358352997 465.28968253968327 
170780.25607556792 54.159920634920645 
141416.1589535092 449.0690476190482 
148940.6324221026 322.86349206349195 
170762.71768351877 62.94682539682542 
135827.87200158788 675.8488095238108 
137434.7685248282 574.1404761904777 
143153.19070359992 437.85714285714346 
184230.56579054135 18.453968253968252 
140925.13682140032 463.919841269842 
148934.1504147721 324.2333333333332 
145270.90961243308 402.25079365079404 
140705.84425013396 496.5238095238104 
137376.5849051482 609.3202380952398 
148942.86757391717 321.67301587301574 
143369.40952528734 411.86428571428615 
146478.776653425 391.7726190476196 
138982.73397109105 505.8880952380961 
146485.25866075553 390.4027777777783 
177816.21828696778 52.12023809523811 
148936.3855665867 323.042857142857 
138964.09941957073 508.3515873015882 
146472.06178748733 393.04603174603227 
138970.39352127298 507.7357142857152 
147173.36205587265 374.57500000000016 
177819.18997960514 50.75039682539684 
140701.77219605207 499.5130952380961 
148933.9805489921 326.5369047619046 
147171.04478864884 377.6476190476193 
146487.49381257012 389.21230158730214 
161629.3988250786 204.88571428571393 

129667.64883518784 1740.2638888888828 
128631.28289878626 1788.4519841269778 
127796.56797649956 1873.836111111105 
127060.64756117348 1924.109126984119 
154231.11217069087 206.12936507936493 
135827.87200158788 675.8488095238108 
133282.1629378392 874.3936507936509 
132316.99138697403 1023.1626984126987 
131455.34359545266 1023.3876984126987 
130480.46271848764 1146.1230158730127 
129767.92868035578 1278.9571428571387 
132569.6288997074 1007.2277777777782 
170791.99503878626 70.03293650793651 
154531.29115606184 199.14246031746018 
137111.4032587101 659.7222222222235 
177808.98999728917 59.03968253968256 
136424.79188611355 669.1492063492074 
169976.01213104604 98.06388888888887 
134395.5829747029 744.767063492064 
184228.79535586128 17.627380952380946 
152840.46973140672 286.3773809523802 
170809.20198108192 60.77936507936509 
140178.2110406867 479.6535714285724 
137436.92642685308 574.0694444444459 
137377.98077936462 609.9519841269858 
141434.38165809592 449.505952380953 
139438.46682293888 504.61111111111194 
177836.13043574436 57.130158730158755 
146296.368923807 405.34444444444483 
143899.4030148069 446.2285714285718 
146360.26154792315 387.50119047619074 
184225.903714229 18.817857142857136 
144549.39219579977 433.46507936507993 
146346.7494682729 387.5619047619048 
138076.5748095755 510.95317460317546 
147993.41320715417 317.00952380952333 
177838.61819123034 55.93968253968256 
158347.20212325198 181.85952380952344 
141088.67143574124 476.8730158730168 
144194.73269269557 436.6440476190481 
163417.446671902 98.39722222222221 
138987.03520462988 508.17261904761995 
184224.59916048037 20.041269841269838 

129667.64883518784 1740.2638888888828 
128631.28289878626 1788.4519841269778 
127796.56797649956 1873.836111111105 
127060.64756117348 1924.109126984119 
154231.11217069087 206.12936507936493 
135827.87200158788 675.8488095238108 
134395.5829747029 744.767063492064 
133282.1629378392 874.3936507936509 
132316.99138697403 1023.1626984126987 
131455.34359545266 1023.3876984126987 
130480.46271848764 1146.1230158730127 
129767.92868035578 1278.9571428571387 
150973.36784066918 258.60912698412665 
141088.67143574124 476.8730158730168 
164606.42166651235 182.11150793650765 
171153.06033754308 45.263888888888914 
178192.87740124977 39.064682539682565 
141434.38165809592 449.505952380953 
177196.0033889213 41.674206349206344 
144494.28843680158 407.43809523809546 
143169.2851783815 443.0412698412703 
164992.5794913006 86.31230158730162 
136004.6373999682 642.9876984127 
148839.5824987907 382.83888888888924 
160546.9480927884 193.1801587301584 
137377.98077936462 609.9519841269858 
147254.63947140123 394.5761904761906 
149356.27570251262 363.2765873015875 
170106.2114932415 79.984126984127 
143536.01788920735 418.20634920634984 
171158.885729037 42.83492063492066 
184242.21327614548 17.248412698412697 
184243.4943103079 16.024999999999995 
146296.368923807 405.34444444444483 
184230.56579054135 18.453968253968252 
137554.74617774494 577.0908730158744 
146651.0284269112 402.1654761904766 
184250.52009518316 14.91944444444444 
184224.59916048037 20.041269841269838 
138987.03520462988 508.17261904761995 
170153.1832963924 78.54007936507938 
184225.903714229 18.817857142857136 
184251.79784705117 13.696031746031743 
140721.93872491532 501.7079365079373 

129667.64883518784 1740.2638888888828 
128631.28289878626 1788.4519841269778 
127796.56797649956 1873.836111111105 
127060.64756117348 1924.109126984119 
154231.11217069087 206.12936507936493 
133282.1629378392 874.3936507936509 
132316.99138697403 1023.1626984126987 
131455.34359545266 1023.3876984126987 
130480.46271848764 1146.1230158730127 
129767.92868035578 1278.9571428571387 
170087.7840152631 120.29126984126978 
165286.67962140535 137.14642857142846 
164092.45173124893 195.44365079365045 
143550.005851809 398.32539682539704 
146375.96372132248 372.03571428571445 
162612.04481598063 202.48769841269817 
153738.95880651704 319.01944444444416 
143537.7683178451 400.3948412698415 
135827.87200158788 675.8488095238108 
193727.87834905414 3.857936507936508 
146213.61865899843 378.69007936507955 
141080.54925490296 465.42658730158774 
137436.92642685308 574.0694444444459 
134395.5829747029 744.767063492064 
138983.7932403306 509.18888888888966 
138990.46463931 506.54603174603255 
141055.98961523804 465.60158730158776 
170790.14030938636 53.57301587301589 
138650.50238710514 556.9408730158747 
143559.20844669573 396.86825396825424 
146631.18673790345 351.0452380952381 
148412.29905887443 344.28730158730184 
141088.1689229526 460.32380952381 
138947.82029274636 518.2388888888896 
146230.78609937028 373.0694444444446 
143527.89570836903 406.7599206349207 
137377.98077936462 609.9519841269858 
138966.8798277825 513.5265873015882 
167084.79719178085 123.07817460317455 
138954.62712773855 515.5960317460325 
185510.01910257214 5.464285714285714 
143564.03082109283 395.75595238095264 
146196.2603164282 384.25436507936524 
158788.83416793033 202.4960317460315 
143574.50762636634 391.81984126984156 
148441.0083288922 325.61944444444435 
141104.9402746335 458.8876984126988 
141115.07503784497 454.2416666666672 
141127.1611729003 450.4865079365084 
177199.33081785045 22.4670634920635 
140721.93872491532 501.7079365079373 
138971.65648554324 512.9440476190485 
141083.0209423655 461.70436507936546 
146203.87998447783 379.1515873015874 
138978.3676237142 510.3011904761913 
141119.89010566662 453.1293650793655 
184237.21628706748 20.427380952380954 
141096.8898784125 459.89325396825444 

154231.11217069087 206.12936507936493 
135827.87200158788 675.8488095238108 
134395.5829747029 744.767063492064 
132316.99138697403 1023.1626984126987 
131455.34359545266 1023.3876984126987 
130480.46271848764 1146.1230158730127 
129767.92868035578 1278.9571428571387 
129667.64883518784 1740.2638888888828 
128631.28289878626 1788.4519841269778 
127796.56797649956 1873.836111111105 
127060.64756117348 1924.109126984119 
170758.22318972118 70.03293650793651 
133282.1629378392 874.3936507936509 
137436.92642685308 574.0694444444459 
165318.8600385872 151.36507936507923 
141434.38165809592 449.505952380953 
150087.98652700204 350.57936507936546 
167112.09867760606 130.2845238095237 
170439.04747100838 93.24682539682539 
133441.37193660578 872.0630952380953 
137377.98077936462 609.9519841269858 
152887.63884359825 328.67976190476156 
146304.0920979133 401.21388888888924 
148839.5824987907 382.83888888888924 
143536.01788920735 418.20634920634984 
141088.67143574124 476.8730158730168 
145191.67108322986 404.55119047619064 
146300.5786591039 403.0154761904766 
141441.38415035355 445.3753968253974 
167112.8375005623 126.73730158730153 
177836.13043574436 57.130158730158755 
138987.56843707312 507.44325396825485 
177149.6328599526 57.91230158730163 
148844.33051415195 379.7805555555559 
184225.903714229 18.817857142857136 
158323.12402623548 183.85833333333295 
170446.14764496207 90.91785714285717 
138994.03769688742 504.04206349206436 
135831.93645244194 674.9765873015886 
184224.59916048037 20.041269841269838 
138987.03520462988 508.17261904761995 
143169.2851783815 443.0412698412703 
140721.93872491532 501.7079365079373 
184228.79535586128 17.627380952380946 
152946.77295019597 312.1865079365077 
177147.8769873041 59.13571428571433 

154231.11217069087 206.12936507936493 
135827.87200158788 675.8488095238108 
133282.1629378392 874.3936507936509 
132316.99138697403 1023.1626984126987 
131455.34359545266 1023.3876984126987 
130480.46271848764 1146.1230158730127 
129767.92868035578 1278.9571428571387 
129667.64883518784 1740.2638888888828 
128631.28289878626 1788.4519841269778 
127796.56797649956 1873.836111111105 
127060.64756117348 1924.109126984119 
154505.2308903753 199.85039682539664 
153376.86657534222 276.3003968253965 
133441.37193660578 872.0630952380953 
153372.12059494678 278.62936507936473 
146049.47800983913 404.77301587301616 
157446.87820148768 147.35555555555538 
154582.96347497785 195.55793650793635 
148452.40888265017 350.4980158730161 
149785.7744801834 316.01190476190465 
153437.240731077 275.5388888888885 
141088.67143574124 476.8730158730168 
146000.14905214583 418.9480158730162 
144549.39219579977 433.46507936507993 
146293.1963953543 394.88333333333344 
134395.5829747029 744.767063492064 
137436.92642685308 574.0694444444459 
137335.25228116792 666.3686507936518 
137377.98077936462 609.9519841269858 
177159.70391330917 28.488888888888887 
185501.92650564923 9.9265873015873 
171151.17255546557 44.290079365079386 
148496.82446330527 346.10634920634936 
184234.21843228844 16.488888888888884 
143881.8489716183 441.6265873015877 
185510.01910257214 5.464285714285714 
184237.1089497904 15.298412698412694 
177196.75413863955 19.751984126984123 
184228.79535586128 17.627380952380946 
148448.13404483334 352.82698412698437 
193727.87834905414 3.857936507936508 
146023.41893392242 412.2452380952384 
184245.8502926129 15.28333333333333 
148445.69177335198 357.88531746031776 
165058.9988869739 79.48373015873015 
177215.8253840004 18.689682539682536 
185505.3182857758 7.497619047619048 
140979.53995674354 477.45317460317534 
152883.29837088552 294.7789682539681 
140974.29523872535 479.013095238096 
170787.6769229362 50.85793650793653 
184250.0336231424 12.86944444444444 
146326.57955503796 385.90714285714296 
163417.42784336026 96.89603174603174 
138987.03520462988 508.17261904761995 
143870.39576542703 454.3115079365084 
163021.60342007183 142.70555555555543 
146340.95552888326 385.1662698412699 

