6814.649693163115 0.1 
3849.721401912859 35.49365079365079 
3013.9669112981596 73.04603174603172 
2525.4701880193215 92.1230158730158 
2470.797299708538 135.79206349206333 

6814.649693163115 0.1 
3849.721401912859 35.49365079365079 
3013.9669112981596 73.04603174603172 
2470.6114045133104 135.79206349206333 
2525.4701880193215 92.1230158730158 

6814.649693163115 0.1 
3849.721401912859 35.49365079365079 
2708.1866194878626 80.33571428571425 
2523.7392718324504 92.1230158730158 
2517.38827565518 100.45634920634912 
2470.797299708538 135.79206349206333 

6814.649693163115 0.1 
3849.721401912859 35.49365079365079 
3013.9669112981596 73.04603174603172 
2470.797299708538 135.79206349206333 
2525.4701880193215 92.1230158730158 

6814.649693163115 0.1 
3849.499268316948 35.49365079365079 
2470.6114045133104 135.79206349206333 
2525.4701880193215 92.1230158730158 

6814.649693163115 0.1 
3850.7838622830595 33.489285714285714 
2470.797299708538 135.79206349206333 
2525.4701880193215 92.1230158730158 

6814.649693163115 0.1 
3850.7816680769633 33.18650793650794 
3013.9669112981596 73.04603174603172 
2467.309207503706 119.89246031746016 
2525.4701880193215 92.1230158730158 

6814.649693163115 0.1 
3849.721401912859 35.49365079365079 
3013.9669112981596 73.04603174603172 
2470.797299708538 135.79206349206333 
2525.4701880193215 92.1230158730158 

6814.649693163115 0.1 
3849.721401912859 35.49365079365079 
3013.9669112981596 73.04603174603172 
2470.797299708538 135.79206349206333 
2525.4701880193215 92.1230158730158 

6814.649693163115 0.1 
3849.721401912859 35.49365079365079 
3013.9669112981596 73.04603174603172 
2468.6757208300305 126.05317460317444 
2525.4701880193215 92.1230158730158 

6814.649693163115 0.1 
3849.721401912859 35.49365079365079 
2467.877279260906 125.75039682539668 
2525.4701880193215 92.1230158730158 

6814.649693163115 0.1 
3849.721401912859 35.49365079365079 
3013.9669112981596 73.04603174603172 
2470.797299708538 135.79206349206333 
2525.4701880193215 92.1230158730158 

6814.649693163115 0.1 
3850.7816680769633 33.18650793650794 
3013.9669112981596 73.04603174603172 
2470.686755404698 135.79206349206333 
2525.4701880193215 92.1230158730158 

6814.649693163115 0.1 
3849.721401912859 35.49365079365079 
2471.278039669495 131.7202380952379 
2525.4701880193215 92.1230158730158 
2470.764371023359 135.79206349206333 

6814.649693163115 0.1 
3849.721401912859 35.49365079365079 
3013.9669112981596 73.04603174603172 
2470.797299708538 135.79206349206333 
2525.4701880193215 92.1230158730158 

6814.649693163115 0.1 
3849.721401912859 35.49365079365079 
2467.9212101267817 120.19523809523794 
2525.4701880193215 92.1230158730158 
2467.766793292832 123.19523809523794 

6814.649693163115 0.1 
3849.721401912859 35.49365079365079 
3013.9669112981596 73.04603174603172 
2470.797299708538 135.79206349206333 
2525.4701880193215 92.1230158730158 
2470.77775143748 138.79206349206333 

6814.649693163115 0.1 
3849.721401912859 35.49365079365079 
3013.9669112981596 73.04603174603172 
2470.797299708538 135.79206349206333 
2525.4701880193215 92.1230158730158 

6814.649693163115 0.1 
3849.721401912859 35.49365079365079 
2470.797299708538 135.79206349206333 
2525.4701880193215 92.1230158730158 
2470.77775143748 138.79206349206333 

6814.649693163115 0.1 
3850.7838622830595 33.489285714285714 
3013.9669112981596 73.04603174603172 
2470.797299708538 135.79206349206333 
2525.4701880193215 92.1230158730158 

6814.649693163115 0.1 
3849.721401912859 35.49365079365079 
2525.4701880193215 92.1230158730158 
2470.797299708538 135.79206349206333 

6814.649693163115 0.1 
3849.721401912859 35.49365079365079 
3013.9669112981596 73.04603174603172 
2729.8843801001494 90.42420634920627 
2470.754463027548 135.79206349206333 
2525.4701880193215 92.1230158730158 

6814.649693163115 0.1 
3849.721401912859 35.49365079365079 
3013.9669112981596 73.04603174603172 
2470.797299708538 135.79206349206333 
2525.4701880193215 92.1230158730158 

6814.649693163115 0.1 
3849.721401912859 35.49365079365079 
3013.9669112981596 73.04603174603172 
2470.797299708538 135.79206349206333 
2525.4701880193215 92.1230158730158 

6814.649693163115 0.1 
3849.721401912859 35.49365079365079 
3013.9669112981596 73.04603174603172 
2468.790162117617 131.48888888888874 
2525.4701880193215 92.1230158730158 
2468.6275439248348 134.48888888888877 

6814.649693163115 0.1 
3849.721401912859 35.49365079365079 
3013.9669112981596 73.04603174603172 
2471.33822480096 131.7202380952379 
2525.4701880193215 92.1230158730158 
2470.797299708538 135.79206349206333 

6814.649693163115 0.1 
3849.7330492847623 35.19087301587301 
3013.9669112981596 73.04603174603172 
2468.211269398417 125.63095238095222 
2525.4701880193215 92.1230158730158 

6814.649693163115 0.1 
3849.721401912859 35.49365079365079 
3174.7609479787957 68.54841269841269 
3013.9669112981596 73.04603174603172 
2525.4701880193215 92.1230158730158 
2470.797299708538 135.79206349206333 

6814.649693163115 0.1 
3849.7330492847623 35.19087301587301 
2680.2506622113706 89.19365079365075 
2483.978018425729 107.04761904761894 
2525.4701880193215 92.1230158730158 
2470.797299708538 135.79206349206333 
2483.7072970689283 111.3503968253967 

6814.649693163115 0.1 
3849.721401912859 35.49365079365079 
3013.9669112981596 73.04603174603172 
2468.3982106499943 127.3619047619046 
2525.4701880193215 92.1230158730158 

