3174.7609479787957 68.54841269841269 
2470.797299708538 135.79206349206333 
3396.4669529191215 65.6722222222222 
3013.9669112981596 73.04603174603172 
3655.344471773286 50.86746031746031 
4661.188472452406 17.50992063492063 
2929.080199169934 74.44206349206347 
5259.583982431497 11.407936507936508 
4844.105899977043 11.616269841269839 
4347.7662950610775 23.40357142857142 
2860.300567799108 86.22936507936502 
5441.245016655008 5.817063492063492 
3455.6811147629555 59.068253968253956 
3850.7838622830595 33.489285714285714 
2525.4701880193215 92.1230158730158 
4125.745274696403 29.297222222222214 
5439.985471374528 6.74047619047619 
5441.236593521735 6.437698412698412 
6148.531098891834 3.3313492063492065 
3849.721401912859 35.49365079365079 
5442.501409956138 5.514285714285714 
5990.588981226449 4.798809523809524 
6814.649693163115 0.1 
6150.033428332739 3.028571428571429 

2470.797299708538 135.79206349206333 
4123.942171857234 29.297222222222214 
4620.281776773204 17.50992063492063 
4123.93052448533 29.599999999999994 
2708.1866194878626 80.33571428571425 
4223.061306559545 27.292857142857137 
4844.09425260514 11.91904761904762 
4401.003016061079 21.399206349206345 
5218.677286752287 11.407936507936508 
3849.7330492847623 35.19087301587301 
3225.989323132265 62.6547619047619 
3513.4155232620906 50.86746031746031 
3455.845263207044 56.761111111111106 
5217.420893451158 11.710714285714285 
4399.942749896974 23.706349206349202 
2525.4701880193215 92.1230158730158 
4124.992984855531 27.595634920634915 
5990.588981226449 4.798809523809524 
2890.903050956406 68.54841269841269 
3849.721401912859 35.49365079365079 
5442.501409956138 5.514285714285714 
4399.954397268877 23.40357142857142 
5439.985471374528 6.74047619047619 
6148.531098891834 3.3313492063492065 
3850.7816680769633 33.18650793650794 
3849.172297423457 37.581349206349195 
5441.236593521735 6.437698412698412 
6814.649693163115 0.1 
5441.245016655008 5.817063492063492 

2470.797299708538 135.79206349206333 
3021.3163144530427 60.95595238095237 
4844.153418372631 12.842460317460317 
4661.176825080497 17.81269841269841 
5435.999994951895 10.212301587301587 
3347.39845673389 55.36507936507935 
5439.694725088109 8.207936507936507 
2772.4785716971305 78.63690476190472 
6150.033428332739 3.028571428571429 
4399.942749896974 23.706349206349202 
3458.7917726484598 50.86746031746031 
2889.073691878305 72.74325396825394 
5216.161348170677 12.634126984126983 
2773.2593119830303 76.44642857142853 
2523.64082894122 96.31785714285705 
2707.1380006956633 82.3400793650793 
2708.1866194878644 80.33571428571425 
3850.7816680769633 33.18650793650794 
2524.4215692271205 94.12738095238086 
2706.3572604097612 84.5305555555555 
3849.721401912859 35.49365079365079 
3619.6332178944635 46.19999999999999 
4592.87803706036 21.701984126984122 
4589.090035516196 22.322619047619042 
5442.501409956138 5.514285714285714 
5439.985471374528 6.74047619047619 
2774.307930775232 74.44206349206347 
5441.245016655008 5.817063492063492 
2955.1957782459363 67.15238095238094 
6814.649693163115 0.1 
5990.588981226449 4.798809523809524 
2525.4701880193215 92.1230158730158 
6148.531098891834 3.3313492063492065 
4126.850655239178 28.519047619047612 
5220.917637150684 11.710714285714285 
2524.187788259306 94.43015873015864 

2470.797299708538 135.79206349206333 
4844.153418372631 12.842460317460317 
3655.344471773286 50.86746031746031 
3734.3091029441625 44.97380952380952 
2525.4701880193215 92.1230158730158 
3177.917941925846 56.761111111111106 
5216.161348170677 12.634126984126983 
2774.307930775234 74.44206349206347 
6150.033428332739 3.028571428571429 
3849.721401912859 35.49365079365079 
4123.93052448533 29.599999999999994 
4040.622205573674 33.489285714285714 
3007.2248076988108 62.6547619047619 
4721.0812885352025 23.498015873015866 
2758.1163435860976 84.63849206349201 
4399.942749896974 23.706349206349202 
2525.199466662521 96.42579365079357 
5439.985471374528 6.74047619047619 
5990.588981226449 4.798809523809524 
5441.236593521735 6.437698412698412 
2758.387064942898 80.33571428571425 
6148.531098891834 3.3313492063492065 
6814.649693163115 0.1 
5217.420893451158 11.710714285714285 
5442.501409956138 5.514285714285714 
5441.245016655008 5.817063492063492 
2774.0372094184336 78.74484126984123 

2470.797299708538 135.79206349206333 
4844.153418372631 12.842460317460317 
4478.259397555859 23.706349206349202 
3655.344471773286 50.86746031746031 
2773.259311983033 76.44642857142853 
2707.1380006956615 82.3400793650793 
5216.161348170677 12.634126984126983 
4123.93052448533 29.599999999999994 
4722.88439137437 23.498015873015866 
5442.501409956138 5.514285714285714 
3272.032744078541 57.06388888888888 
2957.0243622437742 62.6547619047619 
2890.903050956406 68.54841269841269 
5217.420893451158 11.710714285714285 
2708.1866194878626 80.33571428571425 
2707.1263533237584 82.64285714285708 
4446.872165962731 29.39166666666666 
4820.408197746439 23.19523809523809 
2524.4215692271205 94.12738095238086 
6814.649693163115 0.1 
5441.245016655008 5.817063492063492 
5990.588981226449 4.798809523809524 
6170.87379380118 3.186904761904762 
2955.975743451573 64.65912698412697 
2525.4701880193215 92.1230158730158 
3849.721401912859 35.49365079365079 
5439.985471374528 6.74047619047619 
6148.531098891834 3.3313492063492065 
2774.307930775234 74.44206349206347 
3850.7838622830595 33.489285714285714 

2470.797299708538 135.79206349206333 
4844.153418372631 12.842460317460317 
3832.049372167405 44.97380952380952 
4399.942749896974 23.706349206349202 
4123.93052448533 29.599999999999994 
5217.420893451158 11.710714285714285 
4401.003016061079 21.399206349206345 
5441.245016655008 5.817063492063492 
3655.344471773286 50.86746031746031 
2525.4701880193215 92.1230158730158 
3849.721401912859 35.49365079365079 
3850.7816680769633 33.18650793650794 
4621.332589771502 15.808333333333334 
3313.9163146958485 56.761111111111106 
5216.161348170677 12.634126984126983 
6150.033428332739 3.028571428571429 
6814.649693163115 0.1 
2890.903050956406 68.54841269841269 
4399.954397268877 23.40357142857142 
2708.1866194878626 80.33571428571425 
4124.9907906494345 27.292857142857137 
5990.588981226449 4.798809523809524 
3849.7330492847623 35.19087301587301 
6148.531098891834 3.3313492063492065 
5439.985471374528 6.74047619047619 

2470.797299708538 135.79206349206333 
4844.153418372631 12.842460317460317 
3655.344471773286 50.86746031746031 
3276.189768587301 62.6547619047619 
6111.252194988552 4.798809523809524 
5398.155929024853 9.130555555555555 
6150.033428332739 3.028571428571429 
4620.281776773204 17.50992063492063 
5441.245016655008 5.817063492063492 
2941.1034964114397 68.54841269841269 
3313.9163146958485 56.761111111111106 
2708.1866194878644 80.33571428571425 
4125.7336273245 29.599999999999994 
4399.954397268877 23.40357142857142 
4399.942749896974 23.706349206349202 
5439.985471374528 6.74047619047619 
5398.144281652951 9.433333333333334 
5217.412470317884 12.331349206349206 
2525.4701880193215 92.1230158730158 
4125.745274696403 29.297222222222214 
3849.7330492847623 35.19087301587301 
3849.721401912859 35.49365079365079 
6148.531098891834 3.3313492063492065 
5217.420893451158 11.710714285714285 
6072.2867236543825 4.913095238095238 
6814.649693163115 0.1 
5216.161348170677 12.634126984126983 

2470.797299708538 135.79206349206333 
4844.153418372631 12.842460317460317 
3655.344471773286 50.86746031746031 
3253.725579149673 62.6547619047619 
4123.93052448533 29.599999999999994 
5441.245016655008 5.817063492063492 
3750.0353006399837 45.2765873015873 
4399.942749896974 23.706349206349202 
2708.1866194878644 80.33571428571425 
4623.766873100813 17.81269841269841 
5216.161348170677 12.634126984126983 
5990.588981226449 4.798809523809524 
2525.4701880193215 92.1230158730158 
5442.501409956138 5.514285714285714 
3849.721401912859 35.49365079365079 
5439.985471374528 6.74047619047619 
6814.649693163115 0.1 
6148.531098891834 3.3313492063492065 
6150.033428332739 3.028571428571429 
2890.903050956406 68.54841269841269 
5217.420893451158 11.710714285714285 

2470.797299708538 135.79206349206333 
4844.153418372631 12.842460317460317 
3655.344471773286 50.86746031746031 
3396.4669529191215 65.6722222222222 
3734.3091029441625 44.97380952380952 
4123.93052448533 29.599999999999994 
5396.105536658157 7.428968253968254 
4620.270129401301 17.81269841269841 
3455.845263207044 56.761111111111106 
2708.1866194878626 80.33571428571425 
3849.721401912859 35.49365079365079 
2941.103496411446 68.54841269841269 
6148.531098891834 3.3313492063492065 
2525.4701880193215 92.1230158730158 
5439.985471374528 6.74047619047619 
5441.245016655008 5.817063492063492 
4401.005210267174 21.701984126984122 
4124.992984855531 27.595634920634915 
5217.420893451158 11.710714285714285 
5990.588981226449 4.798809523809524 
6170.87379380118 3.186904761904762 
3850.7838622830595 33.489285714285714 
6814.649693163115 0.1 
4399.942749896974 23.706349206349202 

2470.797299708538 135.79206349206333 
4844.153418372631 12.842460317460317 
4478.259397555859 23.706349206349202 
4135.92799556777 33.18650793650794 
3655.344471773286 50.86746031746031 
4038.8194237226676 33.489285714285714 
5442.501409956138 5.514285714285714 
2708.1866194878626 80.33571428571425 
4446.872165962731 29.39166666666666 
4313.766079235137 29.599999999999994 
4661.1768250805035 17.81269841269841 
3313.9163146958485 56.761111111111106 
5990.588981226449 4.798809523809524 
6150.033428332739 3.028571428571429 
5439.985471374528 6.74047619047619 
5217.420893451158 11.710714285714285 
2523.8725400993158 96.21507936507928 
3849.721401912859 35.49365079365079 
5435.940829184405 9.288888888888888 
2890.903050956406 68.54841269841269 
5441.245016655008 5.817063492063492 
2707.1380006956615 82.3400793650793 
2525.4701880193215 92.1230158730158 
2524.4215692271205 94.12738095238086 
6814.649693163115 0.1 
6148.531098891834 3.3313492063492065 

2470.797299708538 135.79206349206333 
3396.4669529191215 65.6722222222222 
3013.9669112981596 73.04603174603172 
4844.153418372631 12.842460317460317 
2708.1866194878626 80.33571428571425 
3032.8319994675994 68.54841269841269 
4123.942171857234 29.297222222222214 
3655.344471773286 50.86746031746031 
5216.161348170677 12.634126984126983 
3849.7330492847623 35.19087301587301 
4399.942749896974 23.706349206349202 
5441.245016655008 5.817063492063492 
4401.003016061079 21.399206349206345 
6814.649693163115 0.1 
4124.9907906494345 27.292857142857137 
3849.721401912859 35.49365079365079 
3850.7816680769633 33.18650793650794 
4621.3303955654055 15.505555555555556 
4399.954397268877 23.40357142857142 
5990.588981226449 4.798809523809524 
5439.985471374528 6.74047619047619 
2525.4701880193215 92.1230158730158 
5217.412470317884 12.331349206349206 
5217.420893451158 11.710714285714285 
5442.501409956138 5.514285714285714 
4123.93052448533 29.599999999999994 
6148.531098891834 3.3313492063492065 

2470.797299708538 135.79206349206333 
3013.9669112981596 73.04603174603172 
4844.153418372631 12.842460317460317 
4620.112806906352 19.038888888888884 
5398.144281652951 9.433333333333334 
4399.942749896974 23.706349206349202 
2525.4701880193215 92.1230158730158 
4589.0354679717175 21.399206349206345 
6148.531098891834 3.3313492063492065 
2708.1866194878626 80.33571428571425 
5442.501409956138 5.514285714285714 
5216.161348170677 12.634126984126983 
4123.708390889419 29.599999999999994 
5217.420893451158 11.710714285714285 
3396.4669529191215 65.6722222222222 
6170.87379380118 3.186904761904762 
5990.588981226449 4.798809523809524 
5439.985471374528 6.74047619047619 
5441.236593521735 6.437698412698412 
4620.281776773204 17.50992063492063 
5218.677286752287 11.407936507936508 
3174.7609479787957 68.54841269841269 
3849.7330492847623 35.19087301587301 
3655.344471773286 50.86746031746031 
4124.9907906494345 27.292857142857137 
5217.412470317884 12.331349206349206 
3849.49266531872 35.796428571428564 
4123.942171857234 29.297222222222214 
6814.649693163115 0.1 
5435.940829184405 9.288888888888888 
5441.245016655008 5.817063492063492 
3850.7816680769633 33.18650793650794 
5439.640157543634 7.284523809523811 
4399.954397268877 23.40357142857142 
3849.499268316948 35.49365079365079 

2470.797299708538 135.79206349206333 
4844.153418372631 12.842460317460317 
4478.259397555859 23.706349206349202 
3655.344471773286 50.86746031746031 
4036.109088959607 33.18650793650794 
4410.045139677983 29.297222222222214 
5220.909214017409 12.331349206349206 
4313.766079235137 29.599999999999994 
4222.025235113615 31.931746031746023 
5222.174030451812 11.407936507936508 
5990.588981226449 4.798809523809524 
6150.033428332739 3.028571428571429 
5441.245016655008 5.817063492063492 
3284.4505660396308 62.6547619047619 
4620.329295168792 18.736111111111107 
2902.1229871436863 70.63611111111108 
3849.721401912859 35.49365079365079 
2525.4701880193215 92.1230158730158 
5442.501409956138 5.514285714285714 
5216.161348170677 12.634126984126983 
6814.649693163115 0.1 
2708.1866194878626 80.33571428571425 
4448.128559263861 29.08888888888888 
3849.7330492847623 35.19087301587301 
5439.985471374528 6.74047619047619 
5441.236593521735 6.437698412698412 
6148.531098891834 3.3313492063492065 
2902.6793055367675 68.54841269841269 

2470.797299708538 135.79206349206333 
3396.4669529191215 65.6722222222222 
4844.153418372631 12.842460317460317 
3655.344471773286 50.86746031746031 
4399.942749896974 23.706349206349202 
4123.942171857234 29.297222222222214 
2890.903050956406 68.54841269841269 
5216.161348170677 12.634126984126983 
2525.4701880193215 92.1230158730158 
4123.93052448533 29.599999999999994 
5441.236593521735 6.437698412698412 
6150.033428332739 3.028571428571429 
4124.9907906494345 27.292857142857137 
5217.420893451158 11.710714285714285 
2708.1866194878644 80.33571428571425 
5442.501409956138 5.514285714285714 
4623.778520472716 17.50992063492063 
6814.649693163115 0.1 
5990.588981226449 4.798809523809524 
6148.531098891834 3.3313492063492065 
3849.721401912859 35.49365079365079 
3639.5931686772874 56.761111111111106 
4587.986849179516 23.40357142857142 
5218.677286752287 11.407936507936508 
5439.985471374528 6.74047619047619 
3849.7330492847623 35.19087301587301 

2470.797299708538 135.79206349206333 
4844.153418372631 12.842460317460317 
4478.259397555859 23.706349206349202 
4135.92799556777 33.18650793650794 
3486.6674431764695 55.062301587301576 
4330.797663157262 29.297222222222214 
3111.796630638481 62.6547619047619 
3736.9295784352935 44.97380952380952 
3487.805935933148 50.86746031746031 
3313.9163146958485 56.761111111111106 
2890.903050956406 68.54841269841269 
5398.155929024853 9.130555555555555 
5990.588981226449 4.798809523809524 
4315.874164417914 30.22063492063491 
4721.0812885352025 23.498015873015866 
3849.7330492847623 35.19087301587301 
5398.144281652951 9.433333333333334 
5220.917637150684 11.710714285714285 
2525.4701880193215 92.1230158730158 
3849.721401912859 35.49365079365079 
2708.1866194878626 80.33571428571425 
5219.658091870202 12.634126984126983 
6148.531098891834 3.3313492063492065 
5441.245016655008 5.817063492063492 
5439.985471374528 6.74047619047619 
6814.649693163115 0.1 
6150.033428332739 3.028571428571429 

2470.797299708538 135.79206349206333 
6150.033428332739 3.028571428571429 
3513.415523262086 50.86746031746031 
3111.7966306384774 62.6547619047619 
4845.1545187692445 9.611904761904762 
4123.93052448533 29.599999999999994 
3849.7330492847623 35.19087301587301 
4621.332589771502 15.808333333333334 
4218.56172086911 27.292857142857137 
4844.105899977043 11.616269841269839 
4620.281776773204 17.50992063492063 
2525.4701880193215 92.1230158730158 
2890.903050956406 68.54841269841269 
4620.270129401301 17.81269841269841 
3849.721401912859 35.49365079365079 
5396.103342452061 7.126190476190477 
2708.1866194878626 80.33571428571425 
4399.942749896974 23.706349206349202 
3850.7838622830595 33.489285714285714 
5439.985471374528 6.74047619047619 
5990.588981226449 4.798809523809524 
6814.649693163115 0.1 
6148.531098891834 3.3313492063492065 
5441.245016655008 5.817063492063492 

2470.797299708538 135.79206349206333 
4844.153418372631 12.842460317460317 
3655.344471773286 50.86746031746031 
5217.412470317884 12.331349206349206 
3305.464992511015 62.6547619047619 
4437.352701876663 23.706349206349202 
3313.9163146958485 56.761111111111106 
4217.513102076909 29.297222222222214 
4123.93052448533 29.599999999999994 
2890.903050956406 68.54841269841269 
4437.364349248566 23.40357142857142 
5990.588981226449 4.798809523809524 
5441.245016655008 5.817063492063492 
2708.1866194878626 80.33571428571425 
5217.420893451158 11.710714285714285 
6814.649693163115 0.1 
4623.766873100813 17.81269841269841 
5216.161348170677 12.634126984126983 
3849.721401912859 35.49365079365079 
5442.501409956138 5.514285714285714 
5441.236593521735 6.437698412698412 
6148.531098891834 3.3313492063492065 
5218.677286752287 11.407936507936508 
2525.4701880193215 92.1230158730158 
6150.033428332739 3.028571428571429 
5439.985471374528 6.74047619047619 

2470.797299708538 135.79206349206333 
4442.328419899768 23.706349206349202 
3787.6666734660794 44.97380952380952 
4620.270129401301 17.81269841269841 
5990.588981226449 4.798809523809524 
4135.92799556777 33.18650793650794 
2707.1380006956633 82.3400793650793 
4845.15671297534 9.91468253968254 
6814.649693163115 0.1 
2890.903050956406 68.54841269841269 
2523.64082894122 96.31785714285705 
2772.478571697133 78.63690476190472 
6150.033428332739 3.028571428571429 
5441.245016655008 5.817063492063492 
4218.563915075206 27.595634920634915 
5439.985471374528 6.74047619047619 
2773.2593119830303 76.44642857142853 
4844.09425260514 11.91904761904762 
2957.024362243774 62.6547619047619 
3021.856670772901 59.37103174603173 
5442.501409956138 5.514285714285714 
5441.236593521735 6.437698412698412 
4217.501454705006 29.599999999999994 
3352.0205743487677 50.86746031746031 
2524.4215692271205 94.12738095238086 
3023.1456735311444 56.761111111111106 
2774.307930775232 74.44206349206347 
3347.9446409717116 53.17460317460316 
2525.4701880193215 92.1230158730158 
3849.721401912859 35.49365079365079 
3850.7838622830595 33.489285714285714 
5398.144281652951 9.433333333333334 
3022.097054738943 58.76547619047618 
2708.1866194878644 80.33571428571425 
2889.854432164205 70.55277777777775 
6148.531098891834 3.3313492063492065 

2470.797299708538 135.79206349206333 
3013.9669112981596 73.04603174603172 
4844.153418372631 12.842460317460317 
3655.344471773286 50.86746031746031 
3174.7609479787957 68.54841269841269 
4624.829333471013 15.808333333333334 
2824.5394488046663 87.0007936507936 
4123.93052448533 29.599999999999994 
4124.992984855531 27.595634920634915 
4347.754647689174 23.706349206349202 
5439.985471374528 6.74047619047619 
6170.87379380118 3.186904761904762 
5990.588981226449 4.798809523809524 
2525.4701880193215 92.1230158730158 
2719.054886784163 90.86904761904755 
2992.0445165102533 80.33571428571425 
5220.917637150684 11.710714285714285 
2970.531932043045 80.88333333333331 
2721.422638352926 88.10595238095232 
3850.7838622830595 33.489285714285714 
2860.300567799108 86.22936507936502 
2969.4833132508434 82.88769841269837 
3396.4669529191215 65.6722222222222 
6148.531098891834 3.3313492063492065 
3849.721401912859 35.49365079365079 
5441.245016655008 5.817063492063492 
4623.766873100813 17.81269841269841 
2720.096216311088 88.86468253968248 
6814.649693163115 0.1 

2470.797299708538 135.79206349206333 
4844.153418372631 12.842460317460317 
3655.344471773286 50.86746031746031 
4123.93052448533 29.599999999999994 
4399.942749896974 23.706349206349202 
3313.9163146958485 56.761111111111106 
3849.721401912859 35.49365079365079 
5441.236593521735 6.437698412698412 
2890.903050956406 68.54841269841269 
5217.420893451158 11.710714285714285 
6148.531098891834 3.3313492063492065 
2708.1866194878644 80.33571428571425 
2525.4701880193215 92.1230158730158 
3850.7838622830595 33.489285714285714 
5990.588981226449 4.798809523809524 
4620.270129401301 17.81269841269841 
5216.161348170677 12.634126984126983 
6150.033428332739 3.028571428571429 
5441.245016655008 5.817063492063492 
5439.985471374528 6.74047619047619 
6814.649693163115 0.1 
4124.992984855531 27.595634920634915 

2470.797299708538 135.79206349206333 
2850.1155679990566 80.33571428571425 
3293.9121776620964 58.848809523809514 
4399.942749896974 23.706349206349202 
4123.93052448533 29.599999999999994 
2704.567404812629 82.42341269841263 
4399.954397268877 23.40357142857142 
5218.677286752287 11.407936507936508 
4479.3196637199635 21.399206349206345 
4844.09425260514 11.91904761904762 
3222.370108457031 64.7424603174603 
4124.9907906494345 27.292857142857137 
4662.237091244601 15.505555555555556 
4844.105899977043 11.616269841269839 
2887.840154674253 68.54841269841269 
3655.344471773286 50.86746031746031 
3849.721401912859 35.49365079365079 
6150.033428332739 3.028571428571429 
2525.4701880193215 92.1230158730158 
6814.649693163115 0.1 
5442.501409956138 5.514285714285714 
5396.103342452061 7.126190476190477 
4661.176825080497 17.81269841269841 
5441.245016655008 5.817063492063492 
5990.588981226449 4.798809523809524 
6148.531098891834 3.3313492063492065 
5439.985471374528 6.74047619047619 
3850.7816680769633 33.18650793650794 

2470.797299708538 135.79206349206333 
3655.344471773286 50.86746031746031 
3848.5017954379455 44.97380952380952 
4123.93052448533 29.599999999999994 
4844.09425260514 11.91904761904762 
5442.501409956138 5.514285714285714 
5990.588981226449 4.798809523809524 
3111.796630638481 62.6547619047619 
5396.103342452061 7.126190476190477 
4479.3196637199635 21.399206349206345 
4399.942749896974 23.706349206349202 
6150.033428332739 3.028571428571429 
4399.954397268877 23.40357142857142 
3849.721401912859 35.49365079365079 
5258.327589130361 11.710714285714285 
6814.649693163115 0.1 
2941.103496411446 68.54841269841269 
2708.1866194878626 80.33571428571425 
4620.281776773204 17.50992063492063 
5439.985471374528 6.74047619047619 
6148.531098891834 3.3313492063492065 
5441.245016655008 5.817063492063492 
5441.236593521735 6.437698412698412 
2525.4701880193215 92.1230158730158 
3436.6819565744513 56.761111111111106 

2470.797299708538 135.79206349206333 
3396.4669529191215 65.6722222222222 
3013.9669112981596 73.04603174603172 
3655.344471773286 50.86746031746031 
4844.153418372631 12.842460317460317 
3455.845263207044 56.761111111111106 
5396.103342452061 7.126190476190477 
4811.799325011452 17.81269841269841 
3849.721401912859 35.49365079365079 
2900.3160134540976 80.33571428571425 
4399.954397268877 23.40357142857142 
5218.677286752287 11.407936507936508 
4479.3196637199635 21.399206349206345 
5217.420893451158 11.710714285714285 
5990.588981226449 4.798809523809524 
2525.4701880193215 92.1230158730158 
3032.8319994675994 68.54841269841269 
4123.942171857234 29.297222222222214 
3849.7330492847623 35.19087301587301 
4123.93052448533 29.599999999999994 
6814.649693163115 0.1 
5441.245016655008 5.817063492063492 
3850.7816680769633 33.18650793650794 
5442.501409956138 5.514285714285714 
5439.985471374528 6.74047619047619 
5216.161348170677 12.634126984126983 
6148.531098891834 3.3313492063492065 
6150.033428332739 3.028571428571429 
4124.9907906494345 27.292857142857137 

2470.797299708538 135.79206349206333 
3655.344471773286 50.86746031746031 
4844.09425260514 11.91904761904762 
4661.1884724524 17.50992063492063 
3222.926426850112 62.6547619047619 
3850.7816680769633 33.18650793650794 
2887.840154674253 68.54841269841269 
2703.2943641276083 84.5305555555555 
4399.954397268877 23.40357142857142 
4401.003016061079 21.399206349206345 
2703.526075285704 84.42777777777772 
2523.64082894122 96.31785714285705 
3475.7917716767847 56.761111111111106 
4123.93052448533 29.599999999999994 
3849.721401912859 35.49365079365079 
3849.7330492847623 35.19087301587301 
5441.245016655008 5.817063492063492 
5442.501409956138 5.514285714285714 
6148.531098891834 3.3313492063492065 
2704.0751044135086 82.3400793650793 
2525.4701880193215 92.1230158730158 
2524.4215692271205 94.12738095238086 
6814.649693163115 0.1 
4123.942171857234 29.297222222222214 
6150.033428332739 3.028571428571429 
2703.8413234456943 82.64285714285708 
2523.8725400993158 96.21507936507928 
2705.1237232057097 80.33571428571425 
5217.420893451158 11.710714285714285 
5990.588981226449 4.798809523809524 
2524.187788259306 94.43015873015864 
5218.677286752287 11.407936507936508 

3174.7609479787957 68.54841269841269 
2470.797299708538 135.79206349206333 
3013.9669112981596 73.04603174603172 
4844.153418372631 12.842460317460317 
3014.5130955359814 70.85555555555553 
3014.1978473759914 72.64047619047616 
4217.501454705006 29.599999999999994 
4422.966091601231 29.297222222222214 
3011.513703408454 75.931746031746 
4128.947560595328 32.6 
2525.4701880193215 92.1230158730158 
3015.2391769029164 70.63611111111108 
4623.766873100813 17.81269841269841 
5439.985471374528 6.74047619047619 
5441.245016655008 5.817063492063492 
3580.4513445221055 46.978174603174594 
3737.095364690742 41.0845238095238 
5216.161348170677 12.634126984126983 
2719.1213591184965 87.71904761904756 
3849.721401912859 35.49365079365079 
4478.259397555859 23.706349206349202 
3580.4396971502024 47.28095238095237 
2835.830849226261 84.63849206349201 
3330.3208023120123 58.76547619047618 
6814.649693163115 0.1 
3173.712329186594 70.55277777777775 
3330.3091549401097 59.068253968253956 
5990.588981226449 4.798809523809524 
3852.8679640118394 35.19087301587301 
6148.531098891834 3.3313492063492065 
2836.1015705830614 80.33571428571425 

2470.797299708538 135.79206349206333 
3396.4669529191215 65.6722222222222 
4844.153418372631 12.842460317460317 
3655.344471773286 50.86746031746031 
4123.93052448533 29.599999999999994 
5218.677286752287 11.407936507936508 
3639.595362883383 57.06388888888888 
4621.3303955654055 15.505555555555556 
3750.033106433887 44.97380952380952 
4401.003016061079 21.399206349206345 
5441.236593521735 6.437698412698412 
5217.420893451158 11.710714285714285 
6150.033428332739 3.028571428571429 
2890.903050956406 68.54841269841269 
3850.7816680769633 33.18650793650794 
2708.1866194878644 80.33571428571425 
4399.942749896974 23.706349206349202 
4124.9907906494345 27.292857142857137 
5439.985471374528 6.74047619047619 
4620.281776773204 17.50992063492063 
3849.7330492847623 35.19087301587301 
6814.649693163115 0.1 
4399.954397268877 23.40357142857142 
5216.161348170677 12.634126984126983 
5396.103342452061 7.126190476190477 
3849.721401912859 35.49365079365079 
6148.531098891834 3.3313492063492065 
5442.501409956138 5.514285714285714 
5990.588981226449 4.798809523809524 
5217.412470317884 12.331349206349206 
5441.245016655008 5.817063492063492 
2525.4701880193215 92.1230158730158 

2470.797299708538 135.79206349206333 
3013.9669112981596 73.04603174603172 
3481.475172693344 59.37103174603173 
3111.7966306384774 62.6547619047619 
3534.8098943779178 50.86746031746031 
4845.15671297534 9.91468253968254 
3481.7039092874843 59.068253968253956 
3850.7816680769633 33.18650793650794 
4623.766873100813 17.81269841269841 
4844.09425260514 11.91904761904762 
4479.32185792606 21.701984126984122 
3007.217843489579 76.44642857142853 
4126.7960876947 27.595634920634915 
5990.588981226449 4.798809523809524 
4125.7336273245 29.599999999999994 
3533.749628213813 53.17460317460316 
5396.105536658157 7.428968253968254 
2525.4701880193215 92.1230158730158 
3849.7330492847623 35.19087301587301 
2708.1866194878644 80.33571428571425 
5439.985471374528 6.74047619047619 
4346.07265420073 23.40357142857142 
2524.4215692271205 94.12738095238086 
3008.2664622817806 74.44206349206347 
5441.245016655008 5.817063492063492 
6814.649693163115 0.1 
3849.721401912859 35.49365079365079 
6148.531098891834 3.3313492063492065 
6150.033428332739 3.028571428571429 

2992.0445165102556 80.33571428571425 
2470.797299708538 135.79206349206333 
3396.4669529191215 65.6722222222222 
3013.9669112981596 73.04603174603172 
4844.153418372631 12.842460317460317 
3655.344471773286 50.86746031746031 
3796.431240848714 45.2765873015873 
2525.4701880193215 92.1230158730158 
4124.9907906494345 27.292857142857137 
4401.003016061079 21.399206349206345 
5217.420893451158 11.710714285714285 
3072.415101182366 68.54841269841269 
3849.721401912859 35.49365079365079 
5216.161348170677 12.634126984126983 
4399.954397268877 23.40357142857142 
3849.7330492847623 35.19087301587301 
6150.033428332739 3.028571428571429 
6148.531098891834 3.3313492063492065 
6814.649693163115 0.1 
5217.412470317884 12.331349206349206 
5441.245016655008 5.817063492063492 
5990.588981226449 4.798809523809524 
3850.7816680769633 33.18650793650794 
3445.227919466769 56.761111111111106 
5441.236593521735 6.437698412698412 
5442.501409956138 5.514285714285714 
5439.985471374528 6.74047619047619 

2470.797299708538 135.79206349206333 
4844.153418372631 12.842460317460317 
4640.029542605997 17.81269841269841 
3513.415523262086 50.86746031746031 
4123.93052448533 29.599999999999994 
5219.658091870202 12.634126984126983 
3225.9893231322626 62.6547619047619 
2472.5833356617864 130.37103174603158 
3849.721401912859 35.49365079365079 
5441.245016655008 5.817063492063492 
4399.942749896974 23.706349206349202 
6150.033428332739 3.028571428571429 
2525.4701880193215 92.1230158730158 
3313.916314695849 56.761111111111106 
5439.985471374528 6.74047619047619 
2890.903050956406 68.54841269841269 
5220.917637150684 11.710714285714285 
6814.649693163115 0.1 
5990.588981226449 4.798809523809524 
5401.584532448202 11.517857142857142 
6148.531098891834 3.3313492063492065 
2708.1866194878626 80.33571428571425 

2470.797299708538 135.79206349206333 
3013.9669112981596 73.04603174603172 
3655.344471773286 50.86746031746031 
3253.725579149676 62.6547619047619 
4844.105899977043 11.616269841269839 
5396.103342452061 7.126190476190477 
4399.942749896974 23.706349206349202 
4624.827139264918 15.505555555555556 
4123.93052448533 29.599999999999994 
4401.005210267174 21.701984126984122 
4124.9907906494345 27.292857142857137 
3850.7816680769633 33.18650793650794 
4844.09425260514 11.91904761904762 
3849.7330492847623 35.19087301587301 
4479.3196637199635 21.399206349206345 
2708.1866194878644 80.33571428571425 
5218.677286752287 11.407936507936508 
3174.7609479787957 68.54841269841269 
5990.588981226449 4.798809523809524 
5442.501409956138 5.514285714285714 
5441.236593521735 6.437698412698412 
2525.4701880193215 92.1230158730158 
5441.245016655008 5.817063492063492 
4399.954397268877 23.40357142857142 
4623.778520472716 17.50992063492063 
6150.033428332739 3.028571428571429 
6148.531098891834 3.3313492063492065 
3849.721401912859 35.49365079365079 
5439.985471374528 6.74047619047619 
4123.942171857234 29.297222222222214 
6814.649693163115 0.1 

