4478.259397555859 23.706349206349202 
3655.3444717732823 50.86746031746031 
3455.8452632070453 56.761111111111106 
3111.7966306384774 62.6547619047619 
2889.314584539143 68.54841269841269 
2704.8672368837297 80.33571428571425 
2703.5349401274707 91.83809523809518 
2525.4701880193215 92.1230158730158 
2522.4400861216072 96.28968253968246 
2520.497691396559 106.31428571428562 
2470.797299708538 135.79206349206333 
2518.317143459637 110.74325396825387 
2521.0200527088273 100.45634920634912 

4478.259397555859 23.706349206349202 
3655.344471773286 50.86746031746031 
3313.9163146958485 56.761111111111106 
3111.796630638481 62.6547619047619 
2941.1034964114397 68.54841269841269 
2890.346732563325 70.63611111111108 
2708.1866194878626 80.33571428571425 
2525.4701880193215 92.1230158730158 
2470.797299708538 135.79206349206333 

4478.259397555859 23.706349206349202 
3655.344471773286 50.86746031746031 
3313.9163146958485 56.761111111111106 
3225.9893231322626 62.6547619047619 
2890.903050956406 68.54841269841269 
2708.1866194878626 80.33571428571425 
2525.4701880193215 92.1230158730158 
2470.797299708538 135.79206349206333 
4479.3196637199635 21.399206349206345 
3833.4297788471717 49.065873015873 

4478.259397555859 23.706349206349202 
3655.344471773286 50.86746031746031 
3364.1167601508846 56.761111111111106 
3111.7966306384774 62.6547619047619 
2941.1034964114397 68.54841269841269 
2886.242506754247 72.64047619047616 
2704.0751044135086 82.3400793650793 
2525.4701880193215 92.1230158730158 
2523.8725400993158 96.21507936507928 
2470.797299708538 135.79206349206333 
3849.721401912859 35.49365079365079 

4478.259397555859 23.706349206349202 
3655.344471773286 50.86746031746031 
3311.763392589943 56.761111111111106 
3161.6691685211476 65.6547619047619 
2887.603177024535 71.47738095238093 
2754.092598943708 80.33571428571425 
2702.1960206409594 85.23571428571424 
2700.714831709172 90.13571428571424 
2521.5404152981587 92.1230158730158 
2519.134354196748 99.28968253968245 
2516.472856904054 106.62539682539675 
2470.797299708538 135.79206349206333 
3161.997076093517 62.6547619047619 
2890.903050956406 68.54841269841269 
2703.3572496414304 83.33571428571423 
2520.522504340267 95.1230158730158 
2516.226735660791 110.7920634920634 
5030.270681608869 19.216269841269835 
2519.623554331975 96.28968253968246 

4478.259397555859 23.706349206349202 
3655.344471773286 50.86746031746031 
3313.9163146958485 56.761111111111106 
3225.989323132265 62.6547619047619 
2890.903050956406 68.54841269841269 
2708.1866194878626 80.33571428571425 
2525.4701880193215 92.1230158730158 
2470.797299708538 135.79206349206333 

4478.259397555859 23.706349206349202 
3655.344471773286 50.86746031746031 
3455.845263207044 56.761111111111106 
3111.7966306384774 62.6547619047619 
2890.903050956406 68.54841269841269 
2703.357324247534 80.33571428571425 
2520.640892778994 92.1230158730158 
2517.9211809719673 99.82539682539675 
2470.797299708538 135.79206349206333 
3849.49266531872 35.796428571428564 
2520.084574385913 94.21071428571419 
2516.5856417908267 100.55873015873011 
2519.0653032501305 95.1230158730158 

4478.259397555859 23.706349206349202 
3655.344471773286 50.86746031746031 
3313.9163146958485 56.761111111111106 
2941.103496411446 68.54841269841269 
2888.956608070465 74.47738095238094 
2705.5584537977848 83.33571428571425 
2703.502993238357 89.26468253968248 
2524.280060160133 92.1230158730158 
2522.7197928976875 95.1230158730158 
2520.9492579187277 105.88095238095231 
2519.6911619951707 117.45119047619042 
2470.797299708538 135.79206349206333 
3849.721401912859 35.49365079365079 
2889.465013125515 71.54841269841269 
2522.2245996007046 98.05198412698405 
2521.4554875857807 100.02301587301581 

4478.259397555859 23.706349206349202 
3654.2958529810844 52.871825396825386 
3312.8676959036475 58.76547619047618 
3111.796630638481 62.6547619047619 
2889.854432164205 70.55277777777775 
2758.3870649429045 80.33571428571425 
2704.963589211047 84.7646825396825 
2525.4701880193215 92.1230158730158 
2470.797299708538 135.79206349206333 
3655.344471773286 50.86746031746031 
3313.9163146958485 56.761111111111106 
2890.903050956406 68.54841269841269 

4478.259397555859 23.706349206349202 
3655.3444717732823 50.86746031746031 
3312.867695903648 58.76547619047618 
3111.7966306384774 62.6547619047619 
2886.5577549142376 70.85555555555553 
2703.8413234456943 82.64285714285708 
2525.4701880193215 92.1230158730158 
2522.8459796982565 97.12738095238086 
2470.797299708538 135.79206349206333 
3313.916314695849 56.761111111111106 
3111.5259092816764 66.95753968253968 
2886.791535882052 70.55277777777775 
2704.0751044135086 82.3400793650793 

4478.259397555859 23.706349206349202 
3655.344471773286 50.86746031746031 
3313.9163146958485 56.761111111111106 
3225.989323132265 62.6547619047619 
2890.903050956406 68.54841269841269 
2708.1866194878626 80.33571428571425 
2524.6779578751884 92.1230158730158 
2524.3610578387797 97.9809523809523 
2523.656463259175 108.54126984126972 
2470.797299708538 135.79206349206333 
2523.744611180952 101.41428571428561 

4399.942749896974 23.706349206349202 
3680.6247538095927 49.27658730158729 
3333.610523114709 55.17023809523808 
2986.8670137766244 56.761111111111106 
2938.885032366513 62.6547619047619 
2890.903050956406 68.54841269841269 
2756.1686008979727 74.44206349206347 
2755.897879541172 78.74484126984123 
2708.1866194878626 80.33571428571425 
2525.4701880193215 92.1230158730158 
2470.797299708538 135.79206349206333 
4478.271044927762 23.40357142857142 

4478.259397555859 23.706349206349202 
3655.344471773286 50.86746031746031 
3396.4669529191215 65.6722222222222 
2890.903050956406 68.54841269841269 
2756.439028354698 84.5023809523809 
2705.1729921281058 86.33571428571425 
2525.4701880193215 92.1230158730158 
2523.522151431115 96.28968253968246 
2470.797299708538 135.79206349206333 
4951.954033949983 19.216269841269835 
3849.721401912859 35.49365079365079 
3639.5931686772874 56.761111111111106 
2758.387064942898 80.33571428571425 

4478.259397555859 23.706349206349202 
3312.8676959036475 58.76547619047618 
3111.796630638481 62.6547619047619 
2941.103496411446 68.54841269841269 
2889.854432164205 70.55277777777775 
2702.113161994093 86.50674603174598 
2521.5404152981573 92.1230158730158 
2520.8937954944054 105.02738095238085 
2515.339278466227 111.02301587301578 
2470.797299708538 135.79206349206333 
3313.9163146958485 56.761111111111106 
2703.9526417459474 85.34007936507932 
5030.268487402773 18.91349206349206 
2889.700282102395 73.481746031746 
3534.8098943779246 50.86746031746031 

4478.259397555859 23.706349206349202 
3653.9130775597127 50.86746031746031 
3023.1456735311444 56.761111111111106 
2887.840154674253 68.54841269841269 
2774.307930775232 74.44206349206347 
2705.1237232057097 80.33571428571425 
2525.4701880193215 92.1230158730158 
2470.797299708538 135.79206349206333 

4331.8462819494525 27.292857142857137 
3651.7701707135216 53.17460317460316 
3309.571018653679 59.068253968253956 
3172.8679555447325 64.65912698412697 
3021.166036935125 70.55277777777775 
2886.5577549142376 70.85555555555553 
2839.498224258782 80.33571428571425 
2703.8413234456943 82.64285714285708 
2525.4701880193215 92.1230158730158 
2470.797299708538 135.79206349206333 
4440.849445576172 23.706349206349202 
3309.804799621493 58.76547619047618 

4478.259397555859 23.706349206349202 
3654.2958529810844 52.871825396825386 
3283.2621778519347 58.76547619047618 
2934.773517292159 64.65912698412697 
2886.791535882052 70.55277777777775 
2755.1199821057717 76.44642857142853 
2704.0751044135086 82.3400793650793 
2525.4701880193215 92.1230158730158 
2470.797299708538 135.79206349206333 
4479.3196637199635 21.399206349206345 
3655.344471773286 50.86746031746031 
3310.8534184136943 56.761111111111106 
2935.82213608436 62.6547619047619 
2887.840154674253 68.54841269841269 
2705.1237232057097 80.33571428571425 

4478.259397555859 23.706349206349202 
3655.344471773286 50.86746031746031 
3313.9163146958485 56.761111111111106 
3225.989323132265 62.6547619047619 
2890.903050956406 68.54841269841269 
2705.5898543521616 85.71468253968249 
2525.4701880193215 92.1230158730158 
2524.4388108017674 99.45873015873005 
2470.797299708538 135.79206349206333 
2708.1866194878626 80.33571428571425 
4143.200836960332 50.26626984126983 

4347.121272992931 21.399206349206345 
3655.344471773286 50.86746031746031 
3367.91827164346 62.6547619047619 
2890.903050956406 68.54841269841269 
2705.9438151126124 80.33571428571425 
2523.227383644069 92.1230158730158 
2522.835314879692 97.0230158730158 
2470.797299708538 135.79206349206333 
3849.721401912859 35.49365079365079 
3454.3686741940996 62.619047619047606 
2522.5573184902696 102.88095238095228 

4478.259397555859 23.706349206349202 
3313.9163146958485 56.761111111111106 
3111.7966306384774 62.6547619047619 
2890.903050956406 68.54841269841269 
2705.434329827025 80.33571428571425 
2525.4701880193215 92.1230158730158 
2521.180934325065 103.83888888888879 
2470.797299708538 135.79206349206333 
4064.3643469448975 48.381746031746026 
3513.415523262086 50.86746031746031 
4166.3076204720455 46.978174603174594 

4478.259397555859 23.706349206349202 
3654.2958529810844 52.871825396825386 
3021.3163144530427 60.95595238095237 
2938.0406001292936 68.54841269841269 
2886.242506754247 72.64047619047616 
2772.478571697133 78.63690476190472 
2703.8413234456943 82.64285714285708 
2525.4701880193215 92.1230158730158 
2523.64082894122 96.31785714285705 
2470.797299708538 135.79206349206333 
4479.3196637199635 21.399206349206345 
3655.344471773286 50.86746031746031 
2955.195003165673 66.84960317460316 
2956.4680438506934 64.7424603174603 
2886.791535882052 70.55277777777775 
2703.2943641276083 84.5305555555555 
2704.0751044135086 82.3400793650793 

4478.259397555859 23.706349206349202 
3655.344471773286 50.86746031746031 
3313.9163146958485 56.761111111111106 
3111.796630638481 62.6547619047619 
2890.903050956406 68.54841269841269 
2707.3943893437313 80.33571428571425 
2524.6779578751884 92.1230158730158 
2524.628979248345 97.98095238095229 
2470.797299708538 135.79206349206333 
4661.235990847994 18.736111111111107 

4478.259397555859 23.706349206349202 
3312.8676959036475 58.76547619047618 
2955.975743451573 64.65912698412697 
2889.854432164205 70.55277777777775 
2773.259311983033 76.44642857142853 
2707.1380006956615 82.3400793650793 
2525.4701880193215 92.1230158730158 
2470.797299708538 135.79206349206333 
3313.9163146958485 56.761111111111106 
3513.4155232620906 50.86746031746031 

4478.259397555859 23.706349206349202 
3654.2842056091818 53.17460317460316 
3312.8676959036475 58.76547619047618 
3111.7966306384774 62.6547619047619 
2889.854432164205 70.55277777777775 
2757.5948347987714 80.33571428571425 
2706.34577055153 82.3400793650793 
2524.6779578751884 92.1230158730158 
2470.797299708538 135.79206349206333 
3655.344471773286 50.86746031746031 
3313.9163146958485 56.761111111111106 
2890.903050956406 68.54841269841269 

4478.259397555859 23.706349206349202 
3613.5640410431583 50.86746031746031 
3574.0944972139528 54.27539682539682 
3023.1456735311444 56.761111111111106 
2941.1034964114397 68.54841269841269 
2774.307930775232 74.44206349206347 
2708.1866194878626 80.33571428571425 
2705.941714514082 90.67142857142854 
2525.4701880193215 92.1230158730158 
2524.3617403229837 97.55873015873009 
2470.797299708538 135.79206349206333 
3734.3091029441593 44.97380952380952 

4331.8462819494525 27.292857142857137 
3655.344471773286 50.86746031746031 
3312.3278482785877 56.761111111111106 
3225.2361176573904 65.6547619047619 
2939.515029994184 68.54841269841269 
2886.703608323628 75.71507936507935 
2706.5981530706003 80.33571428571425 
2525.4701880193215 92.1230158730158 
2470.797299708538 135.79206349206333 
4478.259397555859 23.706349206349202 

4478.259397555859 23.706349206349202 
3649.00258687171 50.86746031746031 
3364.1167601508887 56.761111111111106 
3111.796630638481 62.6547619047619 
2890.903050956406 68.54841269841269 
2708.1866194878626 80.33571428571425 
2525.4701880193215 92.1230158730158 
2524.517661700669 97.9809523809523 
2470.797299708538 135.79206349206333 
3734.3091029441593 44.97380952380952 

4478.259397555859 23.706349206349202 
3655.344471773286 50.86746031746031 
3263.063414545623 57.06388888888888 
3253.725579149676 62.6547619047619 
2941.103496411446 68.54841269841269 
2940.5471780183652 70.63611111111108 
2708.1866194878626 80.33571428571425 
2525.4701880193215 92.1230158730158 
2525.104258073228 97.9809523809523 
2470.797299708538 135.79206349206333 

4478.259397555859 23.706349206349202 
3654.2958529810844 52.871825396825386 
3367.91827164346 62.6547619047619 
3224.9407043400643 64.65912698412697 
2889.854432164205 70.55277777777775 
2704.939144161372 82.3400793650793 
2702.9283075685858 90.04246031746025 
2521.5404152981573 92.1230158730158 
2518.01301956575 101.82976190476181 
2470.797299708538 135.79206349206333 
3655.344471773286 50.86746031746031 
3849.721401912859 35.49365079365079 
2520.4917965059562 94.12738095238086 

4478.259397555859 23.706349206349202 
3655.344471773286 50.86746031746031 
3292.870848135172 60.85317460317459 
3222.926426850112 62.6547619047619 
2886.791535882052 70.55277777777775 
2704.0751044135086 82.3400793650793 
2702.8107991015963 87.24007936507932 
2525.4701880193215 92.1230158730158 
2524.2058827074084 97.02301587301581 
2521.6075298224405 106.89880952380942 
2470.797299708538 135.79206349206333 
3309.804799621493 58.76547619047618 
3310.8534184136943 56.761111111111106 

