2470.797299708538 135.79206349206333 
2524.4215692271205 94.12738095238086 
2525.4701880193215 92.1230158730158 
2708.1866194878626 80.33571428571425 
2773.259311983033 76.44642857142853 
2774.307930775234 74.44206349206347 
2957.0243622437742 62.6547619047619 
3428.2904795115196 46.978174603174594 
4123.93052448533 29.599999999999994 

2470.797299708538 135.79206349206333 
2523.447844311302 102.88095238095228 
2524.097221279587 96.28968253968245 
2525.4701880193215 92.1230158730158 
2708.1866194878626 80.33571428571425 
2774.307930775232 74.44206349206347 
2957.0243622437742 62.6547619047619 
3005.0063436538876 56.761111111111106 
3349.227040731728 50.86746031746031 
3787.666673466085 44.97380952380952 
4478.259397555859 23.706349206349202 
4135.92799556777 33.18650793650794 
4331.848476155559 27.595634920634915 

2470.797299708538 135.79206349206333 
2516.974799021713 115.35317460317452 
2519.7927164720963 104.82976190476182 
2521.560348353106 99.82539682539675 
2524.280060160133 92.1230158730158 
2708.1866194878626 80.33571428571425 
2890.903050956406 68.54841269841269 
4123.93052448533 29.599999999999994 
2521.9854575424606 98.1230158730158 
2519.9627004331 103.91746031746023 
2521.42913914938 100.2107142857142 
2517.6881187464805 112.35317460317452 

2470.797299708538 135.79206349206333 
2523.64082894122 96.31785714285705 
2525.4701880193215 92.1230158730158 
2708.1866194878626 80.33571428571425 
2774.307930775234 74.44206349206347 
2890.903050956406 68.54841269841269 
3225.9893231322626 62.6547619047619 
3534.8098943779178 50.86746031746031 
4401.73049175978 30.700793650793646 

2470.797299708538 135.79206349206333 
2525.4701880193215 92.1230158730158 
2708.1866194878626 80.33571428571425 
2890.903050956406 68.54841269841269 
3894.6411118800074 33.18650793650794 
3313.9163146958485 56.761111111111106 
3850.7838622830595 33.489285714285714 
3225.989323132265 62.6547619047619 

2470.797299708538 135.79206349206333 
2524.9138696262407 94.21071428571419 
2525.4701880193215 92.1230158730158 
2707.6303010947818 82.42341269841263 
2708.1866194878626 80.33571428571425 
2770.3580304694765 76.52976190476186 
2890.903050956406 68.54841269841269 
3015.8021913127127 58.848809523809514 
3674.487721670911 54.27539682539682 
3849.721401912859 35.49365079365079 
3123.538897988101 56.761111111111106 

2471.144140811936 135.16309523809505 
2524.187788259306 94.43015873015864 
2525.4701880193215 92.1230158730158 
2708.1866194878626 80.33571428571425 
2890.903050956406 68.54841269841269 
3364.1167601508887 56.761111111111106 
4135.92799556777 33.18650793650794 
2470.797299708538 135.79206349206333 
3111.796630638481 62.6547619047619 
4403.771430960671 33.007936507936506 
3110.7480118462795 64.65912698412697 

2470.797299708538 135.79206349206333 
2523.64082894122 96.31785714285705 
2525.4701880193215 92.1230158730158 
2703.2943641276083 84.5305555555555 
2705.1237232057097 80.33571428571425 
2887.840154674253 68.54841269841269 
3313.916314695849 56.761111111111106 
3849.721401912859 35.49365079365079 
3225.989323132265 62.6547619047619 
2703.526075285704 84.42777777777772 

2471.0026585128608 135.68928571428555 
2524.9138696262407 94.21071428571419 
2525.4701880193215 92.1230158730158 
2708.1866194878626 80.33571428571425 
2890.903050956406 68.54841269841269 
3313.9163146958485 56.761111111111106 
4135.92799556777 33.18650793650794 
2470.797299708538 135.79206349206333 
3305.464992511015 62.6547619047619 
3850.7838622830595 33.489285714285714 

2470.797299708538 135.79206349206333 
2519.107527244059 118.45476190476181 
2519.3175279112284 109.4833333333332 
2520.2230838322234 100.4563492063491 
2525.4701880193215 92.1230158730158 
2705.4616828953344 84.5023809523809 
2707.343853976688 80.33571428571425 
2889.9053780381473 68.54841269841269 
3313.916314695849 56.761111111111106 
4135.92799556777 33.18650793650794 
2521.260403793701 95.12301587301579 
2705.970887236954 84.50238095238089 
2704.0863599508466 88.77142857142852 
3225.745321159239 65.6547619047619 
3655.3444717732823 50.86746031746031 

2470.797299708538 135.79206349206333 
2518.0873618468113 111.48769841269831 
2519.150789768311 101.46309523809514 
2522.2227126928274 94.12738095238086 
2523.3948792165625 92.1230158730158 
2703.8381267637915 85.26904761904756 
2890.903050956406 68.54841269841269 
3313.9163146958485 56.761111111111106 
4135.92799556777 33.18650793650794 
2705.987762953573 80.33571428571425 
2520.199408560512 99.45873015873006 
2704.939144161372 82.3400793650793 
3936.4287870015346 39.08015873015873 

2470.797299708538 135.79206349206333 
2523.5406850663576 102.17579365079354 
2524.4215692271205 94.12738095238086 
2525.4701880193215 92.1230158730158 
2708.1866194878626 80.33571428571425 
2890.903050956406 68.54841269841269 
3849.7330492847623 35.19087301587301 
2523.64082894122 96.31785714285705 
2523.8725400993158 96.21507936507928 

2470.797299708538 135.79206349206333 
2525.4701880193215 92.1230158730158 
2910.774479419089 86.22936507936502 
3013.9669112981596 73.04603174603172 
3015.795495295997 68.54841269841269 
3367.9204658495564 62.957539682539675 
3655.344471773286 50.86746031746031 
4479.32185792606 21.701984126984122 
4478.259397555859 23.706349206349202 
3653.74682385328 54.959523809523795 
4433.5547873119385 27.595634920634915 
3519.971926381018 60.95595238095237 

2471.8371906487905 128.60634920634902 
2525.199466662521 96.42579365079357 
2525.4701880193215 92.1230158730158 
2707.915898131062 84.63849206349201 
2708.1866194878626 80.33571428571425 
2774.307930775234 74.44206349206347 
2890.903050956406 68.54841269841269 
2957.0243622437742 62.6547619047619 
3292.1106344196314 56.761111111111106 
3850.7816680769633 33.18650793650794 

2470.797299708538 135.79206349206333 
2522.965399305082 97.12738095238086 
2524.0140180972835 95.12301587301579 
2707.1380006956615 82.3400793650793 
2708.1866194878626 80.33571428571425 
2771.5693610931808 79.74920634920632 
2889.854432164205 70.55277777777775 
2890.903050956406 68.54841269841269 
3313.9163146958485 56.761111111111106 
3644.9835817839507 53.86746031746031 
4135.92799556777 33.18650793650794 
2524.4215692271205 94.12738095238086 
3735.8809596430924 46.978174603174594 
2524.6779578751884 92.1230158730158 
3736.9295784352935 44.97380952380952 
3225.9893231322626 62.6547619047619 

2470.797299708538 135.79206349206333 
2525.4701880193215 92.1230158730158 
2706.5981530706003 80.33571428571425 
2889.3145845391437 68.54841269841269 
3111.7966306384774 62.6547619047619 
3332.6902103205534 56.761111111111106 
3534.8098943779178 50.86746031746031 
3736.9295784352935 44.97380952380952 
4135.92799556777 33.18650793650794 
4433.552593105843 27.292857142857137 
4479.3196637199635 21.399206349206345 
4478.259397555859 23.706349206349202 

2470.797299708538 135.79206349206333 
2524.4215692271205 94.12738095238086 
2525.4701880193215 92.1230158730158 
2707.1380006956633 82.3400793650793 
2708.1866194878644 80.33571428571425 
2774.307930775232 74.44206349206347 
2955.9757434515723 64.65912698412697 
2957.024362243774 62.6547619047619 
3023.1456735311444 56.761111111111106 
3241.2000207534775 50.86746031746031 
3899.535143482401 33.18650793650794 
4450.483967165211 30.700793650793646 
3427.4464894816892 44.97380952380952 

2470.797299708538 135.79206349206333 
2525.4701880193215 92.1230158730158 
2708.1866194878626 80.33571428571425 
2774.307930775232 74.44206349206347 
2957.024362243774 62.6547619047619 
4330.786015785358 29.599999999999994 
3313.9163146958485 56.761111111111106 
4330.797663157262 29.297222222222214 
4331.848476155559 27.595634920634915 
4479.32185792606 21.701984126984122 

2470.797299708538 135.79206349206333 
2522.5819665842805 104.66349206349196 
2525.4701880193215 92.1230158730158 
2707.1380006956615 82.3400793650793 
2708.1866194878626 80.33571428571425 
2774.307930775232 74.44206349206347 
2940.054877619245 70.55277777777775 
2957.0243622437742 62.6547619047619 
3022.0854073670403 59.068253968253956 
3023.1456735311444 56.761111111111106 
3458.7917726484557 50.86746031746031 
4401.73049175978 30.700793650793646 
4479.32185792606 21.701984126984122 
2521.4468836082206 119.37936507936494 
2941.103496411446 68.54841269841269 
4478.259397555859 23.706349206349202 
3022.097054738943 58.76547619047618 

2470.797299708538 135.79206349206333 
2525.4701880193215 92.1230158730158 
2708.1866194878626 80.33571428571425 
2890.903050956406 68.54841269841269 
3313.916314695849 56.761111111111106 
4135.92799556777 33.18650793650794 

2470.797299708538 135.79206349206333 
2525.4701880193215 92.1230158730158 
2708.1866194878626 80.33571428571425 
2890.903050956406 68.54841269841269 
3111.7966306384774 62.6547619047619 
3455.845263207044 56.761111111111106 
3534.8098943779178 50.86746031746031 
3849.721401912859 35.49365079365079 
3850.7816680769633 33.18650793650794 
4478.259397555859 23.706349206349202 
2521.7253045023135 103.55873015873007 
2523.3723166912755 102.14761904761897 
3849.7330492847623 35.19087301587301 

2470.797299708538 135.79206349206333 
2525.4701880193215 92.1230158730158 
2708.1866194878626 80.33571428571425 
2890.903050956406 68.54841269841269 
3312.8676959036475 58.76547619047618 
3936.4287870015287 39.08015873015873 
4478.259397555859 23.706349206349202 
3313.9163146958485 56.761111111111106 
4134.879376775569 35.19087301587301 
4432.492326941732 29.599999999999994 
4135.92799556777 33.18650793650794 
3111.796630638481 62.6547619047619 

2470.797299708538 135.79206349206333 
2525.4701880193215 92.1230158730158 
2708.1866194878626 80.33571428571425 
2890.903050956406 68.54841269841269 
3225.989323132265 62.6547619047619 
3313.916314695849 56.761111111111106 
3894.6411118800074 33.18650793650794 
4448.128559263861 29.08888888888888 

2470.797299708538 135.79206349206333 
2523.9613433075883 100.0686507936507 
2524.9138696262407 94.21071428571419 
2525.4701880193215 92.1230158730158 
2708.1866194878644 80.33571428571425 
2890.903050956406 68.54841269841269 
3313.9163146958485 56.761111111111106 
4331.8462819494525 27.292857142857137 
4478.259397555859 23.706349206349202 
3513.4155232620906 50.86746031746031 

2470.797299708538 135.79206349206333 
2522.5526707928893 106.3142857142856 
2524.6779578751884 92.1230158730158 
2707.3943893437313 80.33571428571425 
2890.903050956406 68.54841269841269 
3111.796630638481 62.6547619047619 
3313.9163146958485 56.761111111111106 
3365.5361262339966 52.09365079365078 
3655.344471773286 50.86746031746031 
4251.610206134527 42.488095238095234 
4401.732685965877 31.00357142857142 
2521.8843814850215 115.90555555555547 
2522.944401125062 102.3563492063491 

2470.797299708538 135.79206349206333 
2525.4701880193215 92.1230158730158 
2708.1866194878644 80.33571428571425 
2890.903050956406 68.54841269841269 
3455.845263207044 56.761111111111106 
4123.93052448533 29.599999999999994 
3111.796630638481 62.6547619047619 
4446.872165962731 29.39166666666666 

2470.797299708538 135.79206349206333 
2524.4099218552174 94.43015873015864 
2525.4701880193215 92.1230158730158 
2707.1263533237584 82.64285714285708 
2708.1866194878626 80.33571428571425 
2756.168600897976 74.44206349206347 
2890.903050956406 68.54841269841269 
3023.1456735311444 56.761111111111106 
3349.227040731728 50.86746031746031 
3680.8954751663928 44.97380952380952 
3908.411735367078 39.08015873015873 
4135.92799556777 33.18650793650794 
4331.8462819494525 27.292857142857137 
4479.3196637199635 21.399206349206345 
4478.259397555859 23.706349206349202 

2470.797299708538 135.79206349206333 
2525.4701880193215 92.1230158730158 
2708.1866194878626 80.33571428571425 
2890.903050956406 68.54841269841269 
3534.8098943779178 50.86746031746031 
4135.92799556777 33.18650793650794 
3455.845263207044 56.761111111111106 
4478.259397555859 23.706349206349202 

2470.7547516639484 134.86865079365063 
2525.4701880193215 92.1230158730158 
2708.1866194878626 80.33571428571425 
2774.307930775232 74.44206349206347 
2957.024362243774 62.6547619047619 
3380.0376259832183 50.86746031746031 
4125.7336273245 29.599999999999994 
4440.849445576172 23.706349206349202 

2470.797299708538 135.79206349206333 
2524.4215692271205 94.12738095238086 
2525.4701880193215 92.1230158730158 
2707.1380006956615 82.3400793650793 
2708.1866194878626 80.33571428571425 
2889.854432164205 70.55277777777775 
2890.903050956406 68.54841269841269 
3215.7883768923757 62.6547619047619 
3566.4479621429573 52.871825396825386 
3567.496580935158 50.86746031746031 
3849.721401912859 35.49365079365079 
4135.92799556777 33.18650793650794 
4331.846281949463 27.292857142857137 
4623.766873100813 17.81269841269841 
4330.786015785358 29.599999999999994 
4478.259397555859 23.706349206349202 

