6814.649693163115 0.1 
2470.797299708538 135.79206349206333 
2525.4701880193215 92.1230158730158 
3849.721401912859 35.49365079365079 
4456.716530006458 34.89563492063491 
4844.153418372631 12.842460317460317 
6148.531098891834 3.3313492063492065 
4478.259397555859 23.706349206349202 
2698.032844866256 90.88412698412692 
2703.8413234456943 82.64285714285708 
2886.0107955961516 72.74325396825394 
6111.252194988552 4.798809523809524 
3111.7966306384774 62.6547619047619 
3480.9355914537505 61.258730158730145 
3655.344471773286 50.86746031746031 

6814.649693163115 0.1 
2470.797299708538 135.79206349206333 
2519.9851904545226 125.17698412698401 
2522.7644129507444 113.78888888888875 
2522.8485987970903 96.31785714285705 
2524.6779578751916 92.1230158730158 
3849.721401912859 35.49365079365079 
4456.716530006458 34.89563492063491 
4844.153418372631 12.842460317460317 
6148.531098891834 3.3313492063492065 
4478.259397555859 23.706349206349202 
2705.3368578559403 90.38849206349198 
2707.1380006956615 82.3400793650793 
2772.478571697133 78.63690476190472 
2940.054877619239 70.55277777777775 
6111.252194988552 4.798809523809524 
3021.3163144530427 60.95595238095237 
3455.845263207044 56.761111111111106 
3741.977545247486 47.06150793650793 
3655.344471773286 50.86746031746031 

6814.649693163115 0.1 
2470.797299708538 135.79206349206333 
2525.4701880193215 92.1230158730158 
3849.721401912859 35.49365079365079 
4456.716530006458 34.89563492063491 
4844.153418372631 12.842460317460317 
6148.531098891834 3.3313492063492065 
4478.259397555859 23.706349206349202 
2707.1263533237584 82.64285714285708 
2773.025531015219 76.7492063492063 
2890.903050956406 68.54841269841269 
6111.252194988552 4.798809523809524 
3225.989323132265 62.6547619047619 
3292.870848135172 60.85317460317459 
3655.344471773286 50.86746031746031 

6814.649693163115 0.1 
2470.797299708538 135.79206349206333 
2524.6506623964206 98.31349206349198 
2525.4701880193215 92.1230158730158 
3396.4669529191215 65.6722222222222 
3849.721401912859 35.49365079365079 
4456.716530006458 34.89563492063491 
4844.153418372631 12.842460317460317 
6148.531098891834 3.3313492063492065 
4478.259397555859 23.706349206349202 
2708.1866194878626 80.33571428571425 
2773.259311983033 76.44642857142853 
3006.95408634201 66.95753968253968 
3443.2124170734164 62.6547619047619 
3655.344471773286 50.86746031746031 

6814.649693163115 0.1 
2470.797299708538 135.79206349206333 
2522.8417577016 107.93095238095226 
2523.263409136897 99.98531746031735 
2524.6779578751916 92.1230158730158 
3849.721401912859 35.49365079365079 
4456.716530006458 34.89563492063491 
4844.153418372631 12.842460317460317 
6148.531098891834 3.3313492063492065 
4478.259397555859 23.706349206349202 
2706.3457705515316 82.3400793650793 
2772.4670818389004 76.44642857142853 
2900.4244385037314 72.64047619047616 
3021.392682737191 61.879365079365066 
3021.5480256111387 60.85317460317459 
3348.016055070901 54.09801587301586 
3848.952308998862 37.3813492063492 
3655.344471773286 50.86746031746031 

6814.649693163115 0.1 
2470.797299708538 135.79206349206333 
2523.8023644865543 109.51984126984114 
2524.817088415363 104.93095238095228 
2525.4701880193215 92.1230158730158 
3396.4669529191215 65.6722222222222 
3849.721401912859 35.49365079365079 
4456.716530006458 34.89563492063491 
4844.153418372631 12.842460317460317 
6148.531098891834 3.3313492063492065 
4478.259397555859 23.706349206349202 
2708.1866194878626 80.33571428571425 
2774.307930775234 74.44206349206347 
2890.903050956406 68.54841269841269 
3481.7039092874843 59.068253968253956 
3667.9706147891293 47.28095238095237 
3655.344471773286 50.86746031746031 

6814.649693163115 0.1 
2470.797299708538 135.79206349206333 
2525.4701880193215 92.1230158730158 
3396.4669529191215 65.6722222222222 
3013.9669112981596 73.04603174603172 
3849.721401912859 35.49365079365079 
4456.716530006458 34.89563492063491 
4844.153418372631 12.842460317460317 
6148.531098891834 3.3313492063492065 
4478.259397555859 23.706349206349202 
2708.1866194878626 80.33571428571425 
3032.8319994675994 68.54841269841269 
3480.9355914537505 61.258730158730145 
3655.3444717732823 50.86746031746031 

6814.649693163115 0.1 
2470.797299708538 135.79206349206333 
2523.8725400993158 96.21507936507928 
2525.4701880193215 92.1230158730158 
3013.9669112981596 73.04603174603172 
3849.721401912859 35.49365079365079 
4456.716530006458 34.89563492063491 
4844.153418372631 12.842460317460317 
6148.531098891834 3.3313492063492065 
4478.259397555859 23.706349206349202 
2707.1380006956633 82.3400793650793 
2758.3870649429045 80.33571428571425 
2772.478571697133 78.63690476190472 
3014.735229131893 70.85555555555553 
3021.3163144530427 60.95595238095237 
3313.9163146958485 56.761111111111106 
3655.344471773286 50.86746031746031 

6814.649693163115 0.1 
2470.797299708538 135.79206349206333 
2523.64082894122 96.31785714285705 
2525.4701880193215 92.1230158730158 
3849.721401912859 35.49365079365079 
4456.716530006458 34.89563492063491 
4844.153418372631 12.842460317460317 
6148.531098891834 3.3313492063492065 
4478.259397555859 23.706349206349202 
2708.1866194878626 80.33571428571425 
2771.6863415529992 78.63690476190472 
2890.903050956406 68.54841269841269 
3005.3954486207094 66.84960317460316 
3021.3163144530427 60.95595238095237 
3849.49266531872 35.796428571428564 
3655.344471773286 50.86746031746031 

6814.649693163115 0.1 
2470.797299708538 135.79206349206333 
2522.9690837566395 109.89047619047606 
2523.3350137027332 104.03253968253956 
2525.4701880193215 92.1230158730158 
3849.721401912859 35.49365079365079 
4456.716530006458 34.89563492063491 
4844.153418372631 12.842460317460317 
6148.531098891834 3.3313492063492065 
4478.259397555859 23.706349206349202 
2706.3572604097626 84.5305555555555 
2772.478571697133 78.63690476190472 
2889.073691878305 72.74325396825394 
2955.1950031656725 66.84960317460316 
3392.1141429680088 58.848809523809514 
3655.344471773286 50.86746031746031 

6814.649693163115 0.1 
2470.797299708538 135.79206349206333 
2521.479950492833 115.8499999999999 
2522.4653796755397 105.14761904761896 
2525.020917142312 92.1230158730158 
3013.9669112981596 73.04603174603172 
4456.716530006458 34.89563492063491 
4844.153418372631 12.842460317460317 
6148.531098891834 3.3313492063492065 
4478.259397555859 23.706349206349202 
2706.682230109537 89.19365079365075 
2707.737348610855 80.33571428571425 
2959.398794676494 74.44206349206347 
3017.6450814174204 65.08333333333333 
3019.019816820178 59.76111111111111 
3481.7039092874843 59.068253968253956 
3849.499268316948 35.49365079365079 
3655.344471773286 50.86746031746031 

6814.649693163115 0.1 
2470.797299708538 135.79206349206333 
2523.5353293373983 111.73888888888881 
2523.7392718324504 92.1230158730158 
3849.721401912859 35.49365079365079 
4456.716530006458 34.89563492063491 
4844.153418372631 12.842460317460317 
6148.531098891834 3.3313492063492065 
4478.259397555859 23.706349206349202 
2708.005676927208 91.09365079365075 
2708.1866194878626 80.33571428571425 
2773.025531015219 76.7492063492063 
2890.903050956406 68.54841269841269 
3023.1456735311444 56.761111111111106 
3574.0944972139528 54.27539682539682 
3655.344471773286 50.86746031746031 

6814.649693163115 0.1 
2470.797299708538 135.79206349206333 
2525.4701880193215 92.1230158730158 
3849.721401912859 35.49365079365079 
4844.153418372631 12.842460317460317 
6148.531098891834 3.3313492063492065 
4478.259397555859 23.706349206349202 
2708.1866194878626 80.33571428571425 
2773.7516123821533 76.52976190476186 
2916.2368792864268 74.44206349206347 
2957.0243622437742 62.6547619047619 
3478.8795381487507 55.062301587301576 
4135.92799556777 33.18650793650794 
3655.344471773286 50.86746031746031 

6814.649693163115 0.1 
2470.797299708538 135.79206349206333 
2525.4701880193215 92.1230158730158 
3849.721401912859 35.49365079365079 
4456.716530006458 34.89563492063491 
4844.153418372631 12.842460317460317 
6148.531098891834 3.3313492063492065 
4478.259397555859 23.706349206349202 
2706.9042197278472 82.64285714285708 
2753.735894891336 80.33571428571425 
2773.025531015219 76.7492063492063 
2889.69206529558 71.77896825396823 
3001.2846348890043 65.26468253968252 
3021.863273771129 59.068253968253956 
3281.687167082905 53.17460317460316 
3655.344471773286 50.86746031746031 

2472.3662734903514 126.08888888888872 
6814.649693163115 0.1 
2470.797299708538 135.79206349206333 
2523.8725400993158 96.21507936507928 
2525.4701880193215 92.1230158730158 
3849.721401912859 35.49365079365079 
4456.716530006458 34.89563492063491 
4844.153418372631 12.842460317460317 
6148.531098891834 3.3313492063492065 
4478.259397555859 23.706349206349202 
2706.1066234781088 89.67579365079358 
2707.1380006956633 82.3400793650793 
2758.3870649429045 80.33571428571425 
2772.7102828552265 78.53412698412694 
2890.903050956406 68.54841269841269 
2955.195003165673 66.84960317460316 
3021.5480256111387 60.85317460317459 
3649.00258687171 50.86746031746031 
5257.06804384988 12.634126984126983 

6814.649693163115 0.1 
2470.797299708538 135.79206349206333 
2522.7384644696103 125.40357142857127 
2525.4701880193215 92.1230158730158 
3396.4669529191215 65.6722222222222 
3849.721401912859 35.49365079365079 
4456.716530006458 34.89563492063491 
4844.153418372631 12.842460317460317 
6148.531098891834 3.3313492063492065 
4478.259397555859 23.706349206349202 
2708.1866194878644 80.33571428571425 
2774.307930775234 74.44206349206347 
2890.903050956406 68.54841269841269 
3574.0944972139528 54.27539682539682 
3848.952308998862 37.3813492063492 
4814.652218754871 23.498015873015866 

3174.7609479787957 68.54841269841269 
6814.649693163115 0.1 
2470.797299708538 135.79206349206333 
2523.731101142117 127.53492063492054 
2524.251809568905 116.5047619047618 
2525.4701880193215 92.1230158730158 
3849.721401912859 35.49365079365079 
4456.716530006458 34.89563492063491 
4844.153418372631 12.842460317460317 
6148.531098891834 3.3313492063492065 
4478.259397555859 23.706349206349202 
2708.1866194878626 80.33571428571425 
2889.3054030364005 72.64047619047616 
3014.5064925377533 71.1583333333333 
3350.739135332071 62.6547619047619 
3667.313112983592 47.28095238095237 
3655.344471773286 50.86746031746031 

6814.649693163115 0.1 
2470.797299708538 135.79206349206333 
2523.5668054900666 114.70119047619036 
2523.64082894122 96.31785714285705 
2525.4701880193215 92.1230158730158 
3849.721401912859 35.49365079365079 
4456.716530006458 34.89563492063491 
4844.153418372631 12.842460317460317 
6148.531098891834 3.3313492063492065 
4478.259397555859 23.706349206349202 
2704.0787953813056 88.69722222222215 
2707.1380006956615 82.3400793650793 
2772.478571697133 78.63690476190472 
2914.954479526411 76.7492063492063 
2955.195003165673 66.84960317460316 
3271.2887941160893 61.8876984126984 
3336.099708516434 56.761111111111106 
3849.184020156958 37.27857142857142 
3655.344471773286 50.86746031746031 

6814.649693163115 0.1 
2470.797299708538 135.79206349206333 
2523.8725400993158 96.21507936507928 
2525.4701880193215 92.1230158730158 
3849.721401912859 35.49365079365079 
4456.716530006458 34.89563492063491 
4844.153418372631 12.842460317460317 
6148.531098891834 3.3313492063492065 
4478.259397555859 23.706349206349202 
2708.1866194878644 80.33571428571425 
2773.7516123821533 76.52976190476186 
2890.903050956406 68.54841269841269 
3111.7966306384774 62.6547619047619 
3480.9355914537505 61.258730158730145 
3655.344471773286 50.86746031746031 

6814.649693163115 0.1 
2470.797299708538 135.79206349206333 
2525.4701880193215 92.1230158730158 
3849.721401912859 35.49365079365079 
4456.716530006458 34.89563492063491 
4844.153418372631 12.842460317460317 
6148.531098891834 3.3313492063492065 
4478.259397555859 23.706349206349202 
2704.567404812629 82.42341269841263 
2887.840154674253 68.54841269841269 
3108.733734356327 62.6547619047619 
3293.9121776620964 58.848809523809514 
3654.788153380205 52.95515873015872 
3655.344471773286 50.86746031746031 

2471.3319267631737 133.90436507936494 
6814.649693163115 0.1 
2470.797299708538 135.79206349206333 
2525.4701880193215 92.1230158730158 
3013.9669112981596 73.04603174603172 
3849.721401912859 35.49365079365079 
4456.716530006458 34.89563492063491 
4844.153418372631 12.842460317460317 
6148.531098891834 3.3313492063492065 
4478.259397555859 23.706349206349202 
2707.1380006956633 82.3400793650793 
2891.4203900374787 75.64841269841267 
3032.2756810745186 70.63611111111108 
3225.989323132265 62.6547619047619 
3480.9355914537505 61.258730158730145 
3848.952308998862 37.3813492063492 
3655.344471773286 50.86746031746031 

6814.649693163115 0.1 
2470.797299708538 135.79206349206333 
2525.4701880193215 92.1230158730158 
3849.721401912859 35.49365079365079 
4456.716530006458 34.89563492063491 
4844.153418372631 12.842460317460317 
6148.531098891834 3.3313492063492065 
4478.259397555859 23.706349206349202 
2708.1866194878626 80.33571428571425 
2773.7516123821533 76.52976190476186 
2890.903050956406 68.54841269841269 
3253.725579149676 62.6547619047619 
3455.845263207044 56.761111111111106 
3655.344471773286 50.86746031746031 

6814.649693163115 0.1 
2470.797299708538 135.79206349206333 
2525.1921916299 97.9809523809523 
2525.4701880193215 92.1230158730158 
3849.721401912859 35.49365079365079 
4456.716530006458 34.89563492063491 
4844.153418372631 12.842460317460317 
6148.531098891834 3.3313492063492065 
4478.259397555859 23.706349206349202 
2707.1380006956615 82.3400793650793 
2758.3870649429045 80.33571428571425 
2773.259311983033 76.44642857142853 
2890.903050956406 68.54841269841269 
2955.4267143237685 66.74682539682539 
3110.7480118462795 64.65912698412697 
3313.9163146958485 56.761111111111106 
3655.344471773286 50.86746031746031 

6814.649693163115 0.1 
2470.797299708538 135.79206349206333 
2525.4701880193215 92.1230158730158 
3849.721401912859 35.49365079365079 
4456.716530006458 34.89563492063491 
4844.153418372631 12.842460317460317 
6148.531098891834 3.3313492063492065 
4478.259397555859 23.706349206349202 
2707.1380006956615 82.3400793650793 
2890.903050956406 68.54841269841269 
3224.9407043400643 64.65912698412697 
3367.91827164346 62.6547619047619 
3655.344471773286 50.86746031746031 

6814.649693163115 0.1 
2470.797299708538 135.79206349206333 
2522.573187153579 131.72460317460303 
2522.9413243105614 108.42103174603162 
2523.8725400993158 96.21507936507928 
2525.4701880193215 92.1230158730158 
3849.721401912859 35.49365079365079 
4456.716530006458 34.89563492063491 
4844.153418372631 12.842460317460317 
6148.531098891834 3.3313492063492065 
4478.259397555859 23.706349206349202 
2706.3572604097612 84.5305555555555 
2756.7894170228988 84.42777777777772 
2889.3054030364005 72.64047619047616 
3021.3163144530427 60.95595238095237 
3580.327060055199 58.47023809523808 
3655.344471773286 50.86746031746031 

3174.7609479787957 68.54841269841269 
6814.649693163115 0.1 
2470.797299708538 135.79206349206333 
2522.839549939269 112.3126984126983 
2523.64082894122 96.31785714285705 
2525.4701880193215 92.1230158730158 
3013.9669112981596 73.04603174603172 
3849.721401912859 35.49365079365079 
4456.716530006458 34.89563492063491 
4844.153418372631 12.842460317460317 
6148.531098891834 3.3313492063492065 
4478.259397555859 23.706349206349202 
2706.3572604097626 84.5305555555555 
2758.387064942898 80.33571428571425 
2772.478571697133 78.63690476190472 
3014.5064925377533 71.1583333333333 
3173.47854821878 70.85555555555553 
3336.099708516434 56.761111111111106 
4814.652218754871 23.498015873015866 

6814.649693163115 0.1 
2470.797299708538 135.79206349206333 
2524.6506623964206 98.31349206349198 
2525.4701880193215 92.1230158730158 
3013.9669112981596 73.04603174603172 
3849.721401912859 35.49365079365079 
4456.716530006458 34.89563492063491 
4844.153418372631 12.842460317460317 
6148.531098891834 3.3313492063492065 
4478.259397555859 23.706349206349202 
2758.387064942898 80.33571428571425 
2772.478571697133 78.63690476190472 
6111.252194988552 4.798809523809524 
3021.3163144530427 60.95595238095237 
3332.6902103205534 56.761111111111106 
3734.3091029441593 44.97380952380952 
3655.344471773286 50.86746031746031 

6814.649693163115 0.1 
2470.797299708538 135.79206349206333 
2523.055823412485 105.0765873015872 
2523.7392718324486 92.1230158730158 
3849.721401912859 35.49365079365079 
4456.716530006458 34.89563492063491 
4844.153418372631 12.842460317460317 
6148.531098891834 3.3313492063492065 
4478.259397555859 23.706349206349202 
2708.1866194878644 80.33571428571425 
2891.9262276660274 71.47738095238093 
3032.8319994675994 68.54841269841269 
3111.796630638481 62.6547619047619 
3313.9163146958485 56.761111111111106 
3654.2958529810844 52.871825396825386 
3655.344471773286 50.86746031746031 

6814.649693163115 0.1 
2470.797299708538 135.79206349206333 
2518.7764904205737 96.31785714285705 
2525.4701880193215 92.1230158730158 
3849.721401912859 35.49365079365079 
4456.716530006458 34.89563492063491 
4844.153418372631 12.842460317460317 
6148.531098891834 3.3313492063492065 
4478.259397555859 23.706349206349202 
2702.5043263862517 88.83928571428564 
2770.3672979175885 78.9396825396825 
3013.9661362178954 72.74325396825394 
3021.3163144530427 60.95595238095237 
3849.49266531872 35.796428571428564 
3655.344471773286 50.86746031746031 

6814.649693163115 0.1 
2470.797299708538 135.79206349206333 
2525.4701880193215 92.1230158730158 
3849.721401912859 35.49365079365079 
4456.716530006458 34.89563492063491 
4844.153418372631 12.842460317460317 
6148.531098891834 3.3313492063492065 
4478.259397555859 23.706349206349202 
2703.8413234456943 82.64285714285708 
2758.387064942898 80.33571428571425 
2774.307930775234 74.44206349206347 
2959.238071825322 72.01944444444443 
3111.7966306384774 62.6547619047619 
3481.7039092874843 59.068253968253956 
3849.172297423457 37.581349206349195 
3655.344471773286 50.86746031746031 

