2523.8725400993158 96.21507936507928 
3082.679361609232 62.6547619047619 
2525.4701880193215 92.1230158730158 
2470.797299708538 135.79206349206333 
6814.649693163115 0.1 
2901.6306867445664 70.55277777777775 
3849.721401912859 35.49365079365079 
2705.1237232057097 80.33571428571425 
2524.4215692271205 94.12738095238086 
2704.0751044135086 82.3400793650793 

3849.721401912859 35.49365079365079 
2525.4701880193215 92.1230158730158 
6814.649693163115 0.1 
2470.797299708538 135.79206349206333 
2707.6303010947818 82.42341269841263 
2890.346732563325 70.63611111111108 
2523.64082894122 96.31785714285705 
3396.4669529191215 65.6722222222222 
5820.2768424708365 23.674603174603167 
2523.8725400993158 96.21507936507928 
6544.419758293533 11.887301587301586 
2524.9138696262407 94.21071428571419 

6814.649693163115 0.1 
2705.1237232057097 80.33571428571425 
2525.4701880193215 92.1230158730158 
2470.797299708538 135.79206349206333 
2887.840154674253 68.54841269841269 
3849.721401912859 35.49365079365079 
3396.4669529191215 65.6722222222222 

6814.649693163115 0.1 
3849.721401912859 35.49365079365079 
3480.9355914537505 61.258730158730145 
3013.9669112981596 73.04603174603172 
2708.1866194878644 80.33571428571425 
2525.4701880193215 92.1230158730158 
3159.9209742465055 70.85555555555553 
2470.797299708538 135.79206349206333 
6725.362763389025 23.674603174603167 

2525.4701880193215 92.1230158730158 
2470.797299708538 135.79206349206333 
3507.973185926585 60.16904761904761 
2708.1866194878626 80.33571428571425 
2957.0243622437742 62.6547619047619 
3849.721401912859 35.49365079365079 
6814.649693163115 0.1 
2774.307930775234 74.44206349206347 
5432.5062545923465 11.407936507936508 

3287.853297590471 70.85555555555553 
6814.649693163115 0.1 
3849.721401912859 35.49365079365079 
3480.9355914537505 61.258730158730145 
2525.4701880193215 92.1230158730158 
3013.9669112981596 73.04603174603172 
2708.1866194878626 80.33571428571425 
2470.797299708538 135.79206349206333 

6814.649693163115 0.1 
3849.721401912859 35.49365079365079 
2708.1866194878626 80.33571428571425 
3480.9355914537505 61.258730158730145 
2525.4701880193215 92.1230158730158 
3161.5142675734805 68.54841269841269 
3013.9669112981596 73.04603174603172 
2470.797299708538 135.79206349206333 
6731.575341241651 23.674603174603167 

3161.5142675734805 68.54841269841269 
2708.1866194878644 80.33571428571425 
3849.721401912859 35.49365079365079 
6814.649693163115 0.1 
2470.797299708538 135.79206349206333 
3320.081899281115 60.85317460317459 
2525.4701880193215 92.1230158730158 
3013.9669112981596 73.04603174603172 
6412.883860457735 11.887301587301586 

2708.1866194878626 80.33571428571425 
3480.9355914537505 61.258730158730145 
2470.797299708538 135.79206349206333 
3849.721401912859 35.49365079365079 
6814.649693163115 0.1 
2525.4701880193215 92.1230158730158 
2901.5644102635047 73.92738095238094 

3032.8319994675994 68.54841269841269 
2850.1155679990566 80.33571428571425 
3455.845263207044 56.761111111111106 
3005.361355583578 75.57182539682536 
6814.649693163115 0.1 
2667.3991365305155 92.1230158730158 
2549.864128840313 125.78611111111094 
3849.721401912859 35.49365079365079 
3396.4669529191215 65.6722222222222 
2645.6746819941613 108.1051587301586 
6544.419758293533 11.887301587301586 

3532.4226313850077 64.45079365079363 
3182.159957855537 65.9515873015873 
2470.797299708538 135.79206349206333 
2523.8725400993158 96.21507936507928 
2890.903050956406 68.54841269841269 
2525.4701880193215 92.1230158730158 
2705.067189812097 82.42341269841263 
3849.721401912859 35.49365079365079 
6814.649693163115 0.1 
6782.698396752454 5.993650793650793 
2524.9138696262407 94.21071428571419 

2706.0418346775195 82.42341269841263 
2470.797299708538 135.79206349206333 
2525.4701880193215 92.1230158730158 
3849.721401912859 35.49365079365079 
2937.660343760044 77.73888888888887 
3181.88283801748 65.9515873015873 
2939.515029994184 68.54841269841269 
6814.649693163115 0.1 
2524.9138696262407 94.21071428571419 

3849.721401912859 35.49365079365079 
3013.9669112981596 73.04603174603172 
3160.9812404106096 68.54841269841269 
2470.797299708538 135.79206349206333 
2708.1866194878626 80.33571428571425 
3480.9355914537505 61.258730158730145 
6814.649693163115 0.1 
2525.4701880193215 92.1230158730158 
5768.10511910489 14.974206349206348 

3013.9669112981596 73.04603174603172 
2470.797299708538 135.79206349206333 
2708.1866194878644 80.33571428571425 
6814.649693163115 0.1 
2525.4701880193215 92.1230158730158 
3849.721401912859 35.49365079365079 
3160.9812404106096 68.54841269841269 
3480.9355914537505 61.258730158730145 

2470.797299708538 135.79206349206333 
3320.081899281115 60.85317460317459 
2705.5495342783993 82.3400793650793 
2900.6857432171587 72.64047619047616 
3849.721401912859 35.49365079365079 
6814.649693163115 0.1 
2523.64082894122 96.31785714285705 
2525.4701880193215 92.1230158730158 
2705.0005051505946 84.42777777777772 

2708.1866194878626 80.33571428571425 
3481.7039092874843 59.068253968253956 
2525.4701880193215 92.1230158730158 
2470.797299708538 135.79206349206333 
6814.649693163115 0.1 
3849.721401912859 35.49365079365079 
2890.903050956406 68.54841269841269 

2900.962889004359 70.55277777777775 
6814.649693163115 0.1 
2470.797299708538 135.79206349206333 
2525.4701880193215 92.1230158730158 
2707.1380006956615 82.3400793650793 
3452.9603314793744 66.06269841269841 
3849.721401912859 35.49365079365079 
2524.4215692271205 94.12738095238086 

2525.4701880193215 92.1230158730158 
2470.797299708538 135.79206349206333 
6814.649693163115 0.1 
2705.1237232057097 80.33571428571425 
2901.0816576167617 72.64047619047616 
2523.8725400993158 96.21507936507928 
3849.721401912859 35.49365079365079 
3288.802814198738 60.85317460317459 
6551.637877895031 11.887301587301586 
2902.6793055367675 68.54841269841269 
2524.9138696262407 94.21071428571419 

6814.649693163115 0.1 
3285.1502952419314 68.84523809523809 
3481.475172693344 59.37103174603173 
2706.904219727849 82.64285714285708 
3013.9669112981596 73.04603174603172 
3849.721401912859 35.49365079365079 
2523.64082894122 96.31785714285705 
2470.797299708538 135.79206349206333 
2525.4701880193215 92.1230158730158 
6725.362763389025 23.674603174603167 

3111.796630638481 62.6547619047619 
2525.4701880193215 92.1230158730158 
3849.721401912859 35.49365079365079 
6814.649693163115 0.1 
2708.1866194878626 80.33571428571425 
2470.797299708538 135.79206349206333 
2941.103496411446 68.54841269841269 

3849.721401912859 35.49365079365079 
2707.6303010947818 82.42341269841263 
3304.6454668881156 68.84523809523809 
6814.649693163115 0.1 
2470.797299708538 135.79206349206333 
2524.6506623964206 98.31349206349198 
2525.4701880193215 92.1230158730158 
2890.346732563325 70.63611111111108 
2890.083525333505 74.73888888888887 
2524.9138696262407 94.21071428571419 
6150.033428332739 3.028571428571429 

3849.721401912859 35.49365079365079 
6814.649693163115 0.1 
2525.4701880193215 92.1230158730158 
2470.797299708538 135.79206349206333 
3480.9355914537505 61.258730158730145 
2708.1866194878644 80.33571428571425 
3182.494275172871 70.63611111111108 
3013.9669112981596 73.04603174603172 
5957.695930638529 12.696825396825396 
4441.567978492127 32.86349206349206 

3013.9669112981596 73.04603174603172 
2708.1866194878626 80.33571428571425 
6814.649693163115 0.1 
2525.4701880193215 92.1230158730158 
3330.849176389407 68.85119047619047 
3481.154804798082 61.155952380952364 
2470.797299708538 135.79206349206333 
3849.721401912859 35.49365079365079 
3481.7039092874843 59.068253968253956 

2525.4701880193215 92.1230158730158 
3849.721401912859 35.49365079365079 
2708.1866194878626 80.33571428571425 
2470.797299708538 135.79206349206333 
2890.903050956406 68.54841269841269 
6814.649693163115 0.1 
3480.9355914537505 61.258730158730145 

3313.9163146958485 56.761111111111106 
3736.9295784352935 44.97380952380952 
2708.1866194878626 80.33571428571425 
2890.903050956406 68.54841269841269 
6814.649693163115 0.1 
2525.4701880193215 92.1230158730158 
6551.637877895017 11.887301587301586 
5766.224565509651 30.257936507936503 

6814.649693163115 0.1 
3015.795495295997 68.54841269841269 
2708.1866194878644 80.33571428571425 
3481.7039092874843 59.068253968253956 
3849.721401912859 35.49365079365079 
2470.797299708538 135.79206349206333 
2525.4701880193215 92.1230158730158 

6814.649693163115 0.1 
2470.797299708538 135.79206349206333 
3561.0755953081216 56.761111111111106 
2525.4701880193215 92.1230158730158 
2890.903050956406 68.54841269841269 
2708.1866194878626 80.33571428571425 
4112.024418990931 54.27539682539682 
3225.9893231322626 62.6547619047619 
6551.637877895031 11.887301587301586 
5340.756148102052 41.88690476190475 

3849.721401912859 35.49365079365079 
3160.46564878128 70.55277777777775 
3480.9355914537505 61.258730158730145 
2470.797299708538 135.79206349206333 
2708.1866194878626 80.33571428571425 
2525.4701880193215 92.1230158730158 
3013.9669112981596 73.04603174603172 
6814.649693163115 0.1 
5978.195914097299 14.815873015873017 
3284.372172944827 66.74682539682539 

3481.7039092874843 59.068253968253956 
3849.721401912859 35.49365079365079 
6814.649693163115 0.1 
2708.1866194878626 80.33571428571425 
2470.797299708538 135.79206349206333 
2890.903050956406 68.54841269841269 
2525.4701880193215 92.1230158730158 
5727.752005086243 26.76150793650793 

2470.797299708538 135.79206349206333 
2705.1237232057097 80.33571428571425 
2525.4701880193215 92.1230158730158 
3849.721401912859 35.49365079365079 
6814.649693163115 0.1 
2701.3818574719476 86.76904761904756 
3396.4669529191215 65.6722222222222 
2901.396905776752 70.85555555555553 
2522.187730815106 99.21507936507928 
2522.736759942911 97.12738095238088 
2901.6306867445664 70.55277777777775 

