3013.9669112981596 73.04603174603172 
4844.153418372631 12.842460317460317 
3655.3444717732823 50.86746031746031 
3481.154804798082 61.155952380952364 
3396.4669529191215 65.6722222222222 
3174.7609479787957 68.54841269841269 
5216.161348170677 12.634126984126983 
2992.0445165102556 80.33571428571425 
3480.9355914537505 61.258730158730145 
4123.93052448533 29.599999999999994 
5217.420893451158 11.710714285714285 
3849.721401912859 35.49365079365079 
5439.985471374528 6.74047619047619 
4620.270129401301 17.81269841269841 
4478.259397555859 23.706349206349202 

4135.92799556777 33.18650793650794 
4478.259397555859 23.706349206349202 
5253.023401659757 15.18253968253968 
5030.270681608869 19.216269841269835 
5075.410161605721 17.604365079365074 
5215.226854128303 15.326984126984126 
5435.940829184405 9.288888888888888 
5258.327589130361 11.710714285714285 
4927.936779835211 23.498015873015866 
5441.245016655008 5.817063492063492 
5990.588981226449 4.798809523809524 
6170.87379380118 3.186904761904762 
6814.649693163115 0.1 
4331.848476155549 27.595634920634915 
6148.531098891834 3.3313492063492065 

4844.153418372631 12.842460317460317 
6148.531098891834 3.3313492063492065 
6150.033428332739 3.028571428571429 
5989.990858232217 6.803174603174602 
5990.588981226449 4.798809523809524 
6814.649693163115 0.1 
5957.695930638529 12.696825396825396 

3655.344471773286 50.86746031746031 
3013.9669112981596 73.04603174603172 
4844.153418372631 12.842460317460317 
3899.537337688497 33.489285714285714 
4623.826038868304 18.736111111111107 
5217.420893451158 11.710714285714285 
5216.161348170677 12.634126984126983 
2525.4701880193215 92.1230158730158 
4399.942749896974 23.706349206349202 
6148.531098891834 3.3313492063492065 
5441.245016655008 5.817063492063492 
2774.307930775234 74.44206349206347 
5990.588981226449 4.798809523809524 
3849.721401912859 35.49365079365079 
5439.985471374528 6.74047619047619 
6170.87379380118 3.186904761904762 
6814.649693163115 0.1 
3124.5658311839347 68.54841269841269 

3013.9669112981596 73.04603174603172 
4844.153418372631 12.842460317460317 
4135.92799556777 33.18650793650794 
3655.3444717732823 50.86746031746031 
3396.4669529191215 65.6722222222222 
3174.7609479787957 68.54841269841269 
4478.259397555859 23.706349206349202 
5216.161348170677 12.634126984126983 
4217.501454705006 29.599999999999994 
2900.3160134540976 80.33571428571425 
6072.3335730970775 5.215873015873016 
2525.4701880193215 92.1230158730158 
5439.985471374528 6.74047619047619 
6111.252194988552 4.798809523809524 
5435.940829184405 9.288888888888888 
5217.420893451158 11.710714285714285 
4661.235990847994 18.736111111111107 
6148.531098891834 3.3313492063492065 
6072.324080998296 6.139285714285713 
3849.721401912859 35.49365079365079 

4844.153418372631 12.842460317460317 
5441.245016655008 5.817063492063492 
5257.06804384988 12.634126984126983 
5258.327589130361 11.710714285714285 
5990.588981226449 4.798809523809524 
5439.985471374528 6.74047619047619 
6814.649693163115 0.1 
6148.531098891834 3.3313492063492065 
6170.87379380118 3.186904761904762 

3655.344471773286 50.86746031746031 
3446.8829028143355 56.761111111111106 
4478.259397555859 23.706349206349202 
3849.721401912859 35.49365079365079 
5439.985471374528 6.74047619047619 
4661.235990847994 18.736111111111107 
4844.153418372631 12.842460317460317 
4030.481290285518 33.18650793650794 
5396.103342452061 7.126190476190477 
6148.531098891834 3.3313492063492065 
6150.033428332739 3.028571428571429 
6814.649693163115 0.1 
5990.588981226449 4.798809523809524 
4222.0602061629315 30.52341269841269 

3655.344471773286 50.86746031746031 
3396.4669529191215 65.6722222222222 
3013.9669112981596 73.04603174603172 
4399.942749896974 23.706349206349202 
2992.0445165102556 80.33571428571425 
3174.7609479787957 68.54841269841269 
4442.388038279049 21.701984126984122 
4124.992984855531 27.595634920634915 
3014.1861246424905 72.94325396825394 
4123.93052448533 29.599999999999994 
3850.7838622830595 33.489285714285714 
3849.721401912859 35.49365079365079 

2708.1866194878626 80.33571428571425 
2525.4701880193215 92.1230158730158 

4844.153418372631 12.842460317460317 
4478.259397555859 23.706349206349202 
3655.344471773286 50.86746031746031 
4123.93052448533 29.599999999999994 
5216.161348170677 12.634126984126983 
5441.245016655008 5.817063492063492 
4623.766873100813 17.81269841269841 
4446.872165962731 29.39166666666666 
5220.917637150684 11.710714285714285 
5439.985471374528 6.74047619047619 
3849.721401912859 35.49365079365079 
6148.531098891834 3.3313492063492065 
5990.588981226449 4.798809523809524 
3850.7838622830595 33.489285714285714 

4844.153418372631 12.842460317460317 
6111.252194988552 4.798809523809524 
5965.613671367193 9.225000000000001 
6148.531098891834 3.3313492063492065 
5257.068043849889 12.634126984126983 
6814.649693163115 0.1 

3655.344471773286 50.86746031746031 
3796.429046642618 44.97380952380952 
2704.8422234578306 87.24007936507931 
5398.144281652951 9.433333333333334 
5439.985471374528 6.74047619047619 
5441.245016655008 5.817063492063492 
4432.503974313641 29.297222222222214 
3893.5387037706014 35.19087301587301 
3849.721401912859 35.49365079365079 
4125.7336273245 29.599999999999994 
6072.3335730970775 5.215873015873016 
2889.854432164205 70.55277777777775 
3032.8319994676035 68.54841269841269 
6150.033428332739 3.028571428571429 
5215.226854128303 15.326984126984126 
3214.7397581001746 64.65912698412697 
6814.649693163115 0.1 
6148.531098891834 3.3313492063492065 
4620.270129401301 17.81269841269841 
4491.934213749699 29.08888888888888 

6148.531098891834 3.3313492063492065 
6814.649693163115 0.1 

6814.649693163115 0.1 

4844.153418372631 12.842460317460317 
6072.324080998296 6.139285714285713 
6072.3335730970775 5.215873015873016 
5889.416145572439 11.109523809523811 
6814.649693163115 0.1 
6148.531098891834 3.3313492063492065 

3655.344471773286 50.86746031746031 
3013.9669112981596 73.04603174603172 
3396.4669529191215 65.6722222222222 
2872.804926191628 80.33571428571425 
3805.3766150352776 46.978174603174594 
3014.5064925377533 71.1583333333333 
3014.1978473759914 72.64047619047616 
3849.49266531872 35.796428571428564 
3174.7609479787957 68.54841269841269 
3849.721401912859 35.49365079365079 
3481.475172693344 59.37103174603173 

5441.245016655008 5.817063492063492 
6111.252194988552 4.798809523809524 
6814.649693163115 0.1 
6148.531098891834 3.3313492063492065 

4844.153418372631 12.842460317460317 
5216.161348170677 12.634126984126983 
4478.259397555859 23.706349206349202 
5439.985471374528 6.74047619047619 
4479.32185792606 21.701984126984122 
6170.87379380118 3.186904761904762 
5220.917637150684 11.710714285714285 
6148.531098891834 3.3313492063492065 
6814.649693163115 0.1 
5990.588981226449 4.798809523809524 

5215.226854128303 15.326984126984126 
4662.237091244608 15.505555555555556 
4123.93052448533 29.599999999999994 
4479.3196637199635 21.399206349206345 
5222.174030451812 11.407936507936508 
4399.942749896974 23.706349206349202 
5217.420893451158 11.710714285714285 
5442.501409956138 5.514285714285714 
5990.588981226449 4.798809523809524 
5441.245016655008 5.817063492063492 
6814.649693163115 0.1 
6148.531098891834 3.3313492063492065 
6150.033428332739 3.028571428571429 

3655.344471773286 50.86746031746031 
2890.903050956406 68.54841269841269 
2708.1866194878626 80.33571428571425 
3512.3669044698895 52.871825396825386 
3224.9407043400643 64.65912698412697 
3224.9290569681607 64.96190476190475 
2525.4701880193215 92.1230158730158 
3455.845263207044 56.761111111111106 
3796.429046642618 44.97380952380952 
3849.7330492847623 35.19087301587301 
3849.721401912859 35.49365079365079 
3225.989323132265 62.6547619047619 

4123.93052448533 29.599999999999994 
4844.09425260514 11.91904761904762 
4124.992984855531 27.595634920634915 
5441.245016655008 5.817063492063492 
5439.985471374528 6.74047619047619 
5990.588981226449 4.798809523809524 
5398.144281652951 9.433333333333334 
3849.721401912859 35.49365079365079 
5217.420893451158 11.710714285714285 
4399.942749896974 23.706349206349202 
6148.531098891834 3.3313492063492065 
4620.270129401301 17.81269841269841 

3655.344471773286 50.86746031746031 
3396.4669529191215 65.6722222222222 
3174.7609479787957 68.54841269841269 
3849.499268316948 35.49365079365079 

6814.649693163115 0.1 

6814.649693163115 0.1 

6814.649693163115 0.1 

4331.846281949463 27.292857142857137 
4623.766873100813 17.81269841269841 
5215.226854128303 15.326984126984126 
3849.7330492847623 35.19087301587301 
5398.144281652951 9.433333333333334 
4478.259397555859 23.706349206349202 
4125.745274696403 29.297222222222214 
4587.986849179516 23.40357142857142 
5441.245016655008 5.817063492063492 
4997.093513946838 17.604365079365074 
5220.917637150684 11.710714285714285 
3849.721401912859 35.49365079365079 
6072.2867236543825 4.913095238095238 
6148.531098891834 3.3313492063492065 
6150.033428332739 3.028571428571429 
4998.349907247967 17.301587301587297 
6814.649693163115 0.1 

6814.649693163115 0.1 

4844.153418372631 12.842460317460317 
3655.344471773286 50.86746031746031 
4835.159363405455 15.505555555555556 
5439.985471374528 6.74047619047619 
4125.7336273245 29.599999999999994 
5408.034174963867 12.634126984126983 
2850.1155679990547 80.33571428571425 
2525.4701880193215 92.1230158730158 
4620.329295168792 18.736111111111107 
3455.845263207044 56.761111111111106 
3849.721401912859 35.49365079365079 
2890.903050956406 68.54841269841269 
2889.8427847923017 70.85555555555553 
3305.4649925110175 62.6547619047619 
4478.259397555859 23.706349206349202 
5990.588981226449 4.798809523809524 
6150.033428332739 3.028571428571429 
6148.531098891834 3.3313492063492065 
6814.649693163115 0.1 

3013.9669112981596 73.04603174603172 
4844.153418372631 12.842460317460317 
3655.344471773286 50.86746031746031 
2992.0445165102556 80.33571428571425 
4135.92799556777 33.18650793650794 
3174.7609479787957 68.54841269841269 
3396.4669529191215 65.6722222222222 
4433.5547873119385 27.595634920634915 
6170.87379380118 3.186904761904762 
3849.721401912859 35.49365079365079 
5258.327589130361 11.710714285714285 
5441.245016655008 5.817063492063492 
5396.105536658157 7.428968253968254 
5439.985471374528 6.74047619047619 
4478.259397555859 23.706349206349202 
6148.531098891834 3.3313492063492065 
6814.649693163115 0.1 
5990.588981226449 4.798809523809524 

4844.153418372631 12.842460317460317 
4135.92799556777 33.18650793650794 
4662.239285450698 15.808333333333334 
4479.32185792606 21.701984126984122 
5439.985471374528 6.74047619047619 
5257.068043849889 12.634126984126983 
4331.848476155559 27.595634920634915 
4478.259397555859 23.706349206349202 
5990.588981226449 4.798809523809524 
6170.87379380118 3.186904761904762 
6814.649693163115 0.1 
6148.531098891834 3.3313492063492065 

