2470.797299708538 135.79206349206333 
3396.4669529191215 65.6722222222222 
3013.9669112981596 73.04603174603172 
4844.153418372631 12.842460317460317 
3655.344471773286 50.86746031746031 
4623.766873100813 17.81269841269841 
4123.93052448533 29.599999999999994 
5216.161348170677 12.634126984126983 
5217.420893451158 11.710714285714285 
4479.3196637199635 21.399206349206345 
3174.7609479787957 68.54841269841269 
5396.103342452061 7.126190476190477 
5441.236593521735 6.437698412698412 
6150.033428332739 3.028571428571429 
4399.942749896974 23.706349206349202 
3849.721401912859 35.49365079365079 
6148.531098891834 3.3313492063492065 
2977.3720423797045 74.44206349206347 
6814.649693163115 0.1 
5439.985471374528 6.74047619047619 
5990.588981226449 4.798809523809524 
2525.4701880193215 92.1230158730158 
5441.245016655008 5.817063492063492 
2708.1866194878644 80.33571428571425 

2470.797299708538 135.79206349206333 
4844.153418372631 12.842460317460317 
4135.92799556777 33.18650793650794 
3655.344471773286 50.86746031746031 
3782.196526701701 47.28095238095237 
4478.259397555859 23.706349206349202 
5257.06804384988 12.634126984126983 
5258.327589130369 11.710714285714285 
5990.588981226449 4.798809523809524 
2706.588971567857 84.42777777777772 
2706.3572604097612 84.5305555555555 
6148.531098891834 3.3313492063492065 
3427.828211572593 56.761111111111106 
3849.721401912859 35.49365079365079 
5439.985471374528 6.74047619047619 
5441.245016655008 5.817063492063492 
2708.1866194878626 80.33571428571425 
6150.033428332739 3.028571428571429 
6814.649693163115 0.1 
2706.9042197278472 82.64285714285708 
5400.92359490713 9.433333333333334 
2938.885032366513 62.6547619047619 
5399.594150179504 11.218253968253967 
2524.9138696262407 94.21071428571419 
2774.307930775234 74.44206349206347 
2523.8725400993158 96.21507936507928 
2772.478571697133 78.63690476190472 
4217.501454705006 29.599999999999994 
2773.259311983033 76.44642857142853 
2525.4701880193215 92.1230158730158 
2773.025531015219 76.7492063492063 
2772.7102828552283 78.53412698412694 
4479.3196637199635 21.399206349206345 
2707.1380006956615 82.3400793650793 

2992.0445165102556 80.33571428571425 
2470.797299708538 135.79206349206333 
3396.4669529191215 65.6722222222222 
3013.9669112981596 73.04603174603172 
4844.153418372631 12.842460317460317 
3032.8319994676035 68.54841269841269 
3655.344471773286 50.86746031746031 
4479.3196637199635 21.399206349206345 
4661.176825080497 17.81269841269841 
4475.3490365171365 27.292857142857137 
4662.239285450703 15.808333333333334 
4478.259397555859 23.706349206349202 
2860.300567799108 86.22936507936502 
3796.429046642618 44.97380952380952 
4135.92799556777 33.18650793650794 
4260.473452745331 27.595634920634915 
5258.327589130361 11.710714285714285 
3849.721401912859 35.49365079365079 
5439.640157543634 7.284523809523811 
4217.501454705006 29.599999999999994 
2525.4701880193215 92.1230158730158 
3850.7838622830595 33.489285714285714 
5990.588981226449 4.798809523809524 
6148.531098891834 3.3313492063492065 
5257.06804384988 12.634126984126983 
6814.649693163115 0.1 
5439.985471374528 6.74047619047619 
5441.245016655008 5.817063492063492 
6170.87379380118 3.186904761904762 

3174.7609479787957 68.54841269841269 
2470.797299708538 135.79206349206333 
3013.9669112981596 73.04603174603172 
4478.259397555859 23.706349206349202 
3655.344471773286 50.86746031746031 
4479.3196637199635 21.399206349206345 
3348.2259403351213 54.09801587301586 
4844.105899977043 11.616269841269839 
5439.985471374528 6.74047619047619 
4446.872165962731 29.39166666666666 
3015.797689502094 68.85119047619047 
2525.4701880193215 92.1230158730158 
4623.766873100813 17.81269841269841 
4478.271044927762 23.40357142857142 
2524.4099218552174 94.43015873015864 
4125.7336273245 29.599999999999994 
3849.721401912859 35.49365079365079 
3850.7838622830595 33.489285714285714 
6148.531098891834 3.3313492063492065 
5442.501409956138 5.514285714285714 
6814.649693163115 0.1 
5441.245016655008 5.817063492063492 
2773.247664611127 76.7492063492063 
2524.4215692271205 94.12738095238086 
6150.033428332739 3.028571428571429 
5990.588981226449 4.798809523809524 

2470.797299708538 135.79206349206333 
3396.4669529191215 65.6722222222222 
3013.9669112981596 73.04603174603172 
4844.153418372631 12.842460317460317 
4135.92799556777 33.18650793650794 
3655.344471773286 50.86746031746031 
4399.942749896974 23.706349206349202 
5441.245016655008 5.817063492063492 
3849.721401912859 35.49365079365079 
4315.862517046011 30.52341269841269 
5408.034174963867 12.634126984126983 
6111.252194988552 4.798809523809524 
3032.8319994675994 68.54841269841269 
2708.1866194878626 80.33571428571425 
5439.985471374528 6.74047619047619 
6072.3335730970775 5.215873015873016 
2958.066016826738 74.44206349206347 
6170.87379380118 3.186904761904762 
6814.649693163115 0.1 
6148.531098891834 3.3313492063492065 
2525.4701880193215 92.1230158730158 

2470.797299708538 135.79206349206333 
3013.9669112981596 73.04603174603172 
4844.153418372631 12.842460317460317 
2525.4701880193215 92.1230158730158 
3655.344471773286 50.86746031746031 
3111.7966306384774 62.6547619047619 
2860.300567799108 86.22936507936502 
4399.942749896974 23.706349206349202 
5958.294053632761 10.692460317460316 
3849.721401912859 35.49365079365079 
4721.0812885352025 23.498015873015866 
5990.588981226449 4.798809523809524 
6814.649693163115 0.1 
4135.92799556777 33.18650793650794 
5807.073430707578 12.696825396825396 
6148.531098891834 3.3313492063492065 
5989.990858232217 6.803174603174602 
2958.066016826738 74.44206349206347 

2470.797299708538 135.79206349206333 
3655.344471773286 50.86746031746031 
4130.125340483559 31.684523809523803 
4661.176825080497 17.81269841269841 
5442.501409956138 5.514285714285714 
3272.087311623019 57.98730158730157 
3534.5994098722845 56.761111111111106 
3271.4703171594756 59.15158730158729 
2955.4149915902676 67.04960317460316 
4217.501454705006 29.599999999999994 
6148.531098891834 3.3313492063492065 
4662.239285450703 15.808333333333334 
2708.1866194878626 80.33571428571425 
5439.985471374528 6.74047619047619 
4399.942749896974 23.706349206349202 
5441.236593521735 6.437698412698412 
6814.649693163115 0.1 
2956.4680438506934 64.7424603174603 
2957.0243622437742 62.6547619047619 
5441.245016655008 5.817063492063492 
4844.153418372631 12.842460317460317 
5990.588981226449 4.798809523809524 
3849.721401912859 35.49365079365079 
4479.32185792606 21.701984126984122 
5257.06804384988 12.634126984126983 
2774.307930775234 74.44206349206347 
2523.8725400993158 96.21507936507928 
2956.4641295308056 65.04523809523809 
2773.7516123821533 76.52976190476186 
2525.4701880193215 92.1230158730158 
6150.033428332739 3.028571428571429 
2524.4215692271205 94.12738095238086 
5258.327589130369 11.710714285714285 
2706.588971567857 84.42777777777772 
2707.6303010947818 82.42341269841263 
2772.7102828552283 78.53412698412694 

2992.0445165102556 80.33571428571425 
2470.797299708538 135.79206349206333 
3396.4669529191215 65.6722222222222 
3013.9669112981596 73.04603174603172 
4844.153418372631 12.842460317460317 
4135.92799556777 33.18650793650794 
3655.344471773286 50.86746031746031 
4315.862517046011 30.52341269841269 
5439.985471374528 6.74047619047619 
2525.4701880193215 92.1230158730158 
4399.942749896974 23.706349206349202 
5990.588981226449 4.798809523809524 
3015.795495295997 68.54841269841269 
3849.721401912859 35.49365079365079 
2719.603154764756 89.91468253968247 
3638.5329025131823 59.068253968253956 
3850.7838622830595 33.489285714285714 
6148.531098891834 3.3313492063492065 
2720.930337953805 88.02261904761899 
2721.9789567460066 86.01825396825392 
6814.649693163115 0.1 

3174.7609479787957 68.54841269841269 
2470.797299708538 135.79206349206333 
3013.9669112981596 73.04603174603172 
3655.344471773286 50.86746031746031 
2774.307930775234 74.44206349206347 
2525.4701880193215 92.1230158730158 
4135.92799556777 33.18650793650794 
4218.563915075206 27.595634920634915 
3850.7838622830595 33.489285714285714 
4217.501454705006 29.599999999999994 
5990.588981226449 4.798809523809524 
4844.09425260514 11.91904761904762 
4440.849445576172 23.706349206349202 
4623.766873100813 17.81269841269841 
3849.721401912859 35.49365079365079 
5441.245016655008 5.817063492063492 
3396.4669529191215 65.6722222222222 
6150.033428332739 3.028571428571429 
6814.649693163115 0.1 
6148.531098891834 3.3313492063492065 

2470.797299708538 135.79206349206333 
3396.4669529191215 65.6722222222222 
3655.344471773286 50.86746031746031 
4844.153418372631 12.842460317460317 
4478.259397555859 23.706349206349202 
4135.92799556777 33.18650793650794 
5410.206482362451 11.407936507936508 
5990.588981226449 4.798809523809524 
5407.690543780842 12.634126984126983 
2890.903050956406 68.54841269841269 
3455.845263207044 56.761111111111106 
4222.001040395441 29.599999999999994 
2525.4701880193215 92.1230158730158 
4724.140784675499 23.19523809523809 
2708.1866194878626 80.33571428571425 
3849.721401912859 35.49365079365079 
6148.531098891834 3.3313492063492065 
3850.7838622830595 33.489285714285714 
4811.799325011452 17.81269841269841 
6150.033428332739 3.028571428571429 
6814.649693163115 0.1 
4446.872165962731 29.39166666666666 
4721.0812885352025 23.498015873015866 
5439.985471374528 6.74047619047619 

2470.797299708538 135.79206349206333 
3396.4669529191215 65.6722222222222 
4844.153418372631 12.842460317460317 
3655.344471773286 50.86746031746031 
4135.92799556777 33.18650793650794 
4478.259397555859 23.706349206349202 
4661.176825080497 17.81269841269841 
4662.239285450698 15.808333333333334 
2525.4701880193215 92.1230158730158 
4845.15671297534 9.91468253968254 
3849.721401912859 35.49365079365079 
4433.552593105836 27.292857142857137 
2890.903050956406 68.54841269841269 
5439.985471374528 6.74047619047619 
5990.588981226449 4.798809523809524 
5441.245016655008 5.817063492063492 
3849.7330492847623 35.19087301587301 
6150.033428332739 3.028571428571429 
6814.649693163115 0.1 
6148.531098891834 3.3313492063492065 
2708.1866194878626 80.33571428571425 

3174.7609479787957 68.54841269841269 
2470.797299708538 135.79206349206333 
3396.4669529191215 65.6722222222222 
3013.9669112981596 73.04603174603172 
2525.4701880193215 92.1230158730158 
3655.344471773286 50.86746031746031 
2772.7102828552283 78.53412698412694 
4135.92799556777 33.18650793650794 
3638.5329025131823 59.068253968253956 
3849.721401912859 35.49365079365079 
5441.245016655008 5.817063492063492 
4478.259397555859 23.706349206349202 
4844.153418372631 12.842460317460317 
4029.4326714933163 35.19087301587301 
5216.161348170677 12.634126984126983 
4478.271044927762 23.40357142857142 
4479.3196637199635 21.399206349206345 
4661.1884724524 17.50992063492063 
4662.237091244601 15.505555555555556 
4404.4016043212305 26.340873015873008 
6072.2867236543825 4.913095238095238 
6814.649693163115 0.1 
5439.985471374528 6.74047619047619 
6111.252194988552 4.798809523809524 
6148.531098891834 3.3313492063492065 
6150.033428332739 3.028571428571429 

3174.7609479787957 68.54841269841269 
2470.797299708538 135.79206349206333 
3396.4669529191215 65.6722222222222 
3013.9669112981596 73.04603174603172 
4844.153418372631 12.842460317460317 
3655.344471773286 50.86746031746031 
2850.1155679990566 80.33571428571425 
4123.93052448533 29.599999999999994 
3849.721401912859 35.49365079365079 
5439.985471374528 6.74047619047619 
4721.0812885352025 23.498015873015866 
6148.531098891834 3.3313492063492065 
4399.942749896974 23.706349206349202 
6170.87379380118 3.186904761904762 
6814.649693163115 0.1 
5990.588981226449 4.798809523809524 
2525.4701880193215 92.1230158730158 
5441.245016655008 5.817063492063492 
5216.161348170677 12.634126984126983 

2470.797299708538 135.79206349206333 
3013.9669112981596 73.04603174603172 
4844.153418372631 12.842460317460317 
4478.259397555859 23.706349206349202 
3655.344471773286 50.86746031746031 
3396.4669529191215 65.6722222222222 
2525.4701880193215 92.1230158730158 
3083.032444922639 68.54841269841269 
3472.686461792947 62.6547619047619 
5258.327589130361 11.710714285714285 
4589.037662177813 21.701984126984122 
3850.7816680769633 33.18650793650794 
5441.245016655008 5.817063492063492 
5439.985471374528 6.74047619047619 
3849.721401912859 35.49365079365079 
5990.588981226449 4.798809523809524 
6814.649693163115 0.1 
2708.1866194878626 80.33571428571425 
4218.56172086911 27.292857142857137 
6150.033428332739 3.028571428571429 
6148.531098891834 3.3313492063492065 

2470.797299708538 135.79206349206333 
3013.9669112981596 73.04603174603172 
4844.153418372631 12.842460317460317 
3655.344471773286 50.86746031746031 
4399.942749896974 23.706349206349202 
3574.0944972139528 54.27539682539682 
2525.4701880193215 92.1230158730158 
3174.7609479787957 68.54841269841269 
3396.4669529191215 65.6722222222222 
4123.93052448533 29.599999999999994 
3850.7838622830595 33.489285714285714 
5219.658091870202 12.634126984126983 
5441.245016655008 5.817063492063492 
2992.0445165102556 80.33571428571425 
3849.721401912859 35.49365079365079 
5439.985471374528 6.74047619047619 
5990.588981226449 4.798809523809524 
4620.270129401301 17.81269841269841 
6814.649693163115 0.1 
5220.917637150684 11.710714285714285 
6148.531098891834 3.3313492063492065 

2470.797299708538 135.79206349206333 
3396.4669529191215 65.6722222222222 
3655.344471773286 50.86746031746031 
4844.09425260514 11.91904761904762 
4135.92799556777 33.18650793650794 
4478.271044927762 23.40357142857142 
2708.1866194878644 80.33571428571425 
2525.4701880193215 92.1230158730158 
5990.588981226449 4.798809523809524 
4399.942749896974 23.706349206349202 
5435.940829184405 9.288888888888888 
3849.721401912859 35.49365079365079 
3032.8319994675994 68.54841269841269 
5441.245016655008 5.817063492063492 
6814.649693163115 0.1 
6148.531098891834 3.3313492063492065 
5258.327589130361 11.710714285714285 
2886.0107955961516 72.74325396825394 
6150.033428332739 3.028571428571429 

2470.797299708538 135.79206349206333 
3396.4669529191215 65.6722222222222 
3013.9669112981596 73.04603174603172 
3655.344471773286 50.86746031746031 
4662.239285450698 15.808333333333334 
5396.105536658157 7.428968253968254 
4478.259397555859 23.706349206349202 
4123.942171857234 29.297222222222214 
3849.7330492847623 35.19087301587301 
5439.985471374528 6.74047619047619 
2992.0445165102556 80.33571428571425 
4592.875842854264 21.399206349206345 
5258.327589130361 11.710714285714285 
3032.8319994676035 68.54841269841269 
4844.09425260514 11.91904761904762 
6814.649693163115 0.1 
3850.7816680769633 33.18650793650794 
5990.588981226449 4.798809523809524 
5442.501409956138 5.514285714285714 
6148.531098891834 3.3313492063492065 
2525.4701880193215 92.1230158730158 
6170.87379380118 3.186904761904762 
4479.32185792606 21.701984126984122 
4661.1768250805035 17.81269841269841 
4126.793893488604 27.292857142857137 
3849.721401912859 35.49365079365079 
5441.245016655008 5.817063492063492 

2992.0445165102556 80.33571428571425 
2470.797299708538 135.79206349206333 
3013.9669112981596 73.04603174603172 
4844.153418372631 12.842460317460317 
4478.259397555859 23.706349206349202 
2525.4701880193215 92.1230158730158 
3015.2391769029164 70.63611111111108 
4135.92799556777 33.18650793650794 
3928.135490809433 35.19087301587301 
5990.588981226449 4.798809523809524 
3122.4902791959003 58.76547619047618 
5408.950089061322 11.710714285714285 
2858.2695140527157 90.42420634920627 
3032.8319994676035 68.54841269841269 
4620.329295168792 18.736111111111107 
3513.4155232620906 50.86746031746031 
4217.501454705006 29.599999999999994 
4218.563915075206 27.595634920634915 
6148.531098891834 3.3313492063492065 
3611.8539029167514 44.97380952380952 
3849.721401912859 35.49365079365079 
6814.649693163115 0.1 
5257.06804384988 12.634126984126983 
5439.985471374528 6.74047619047619 

2470.797299708538 135.79206349206333 
3013.9669112981596 73.04603174603172 
3655.344471773286 50.86746031746031 
5398.144281652951 9.433333333333334 
4844.105899977043 11.616269841269839 
3734.3091029441625 44.97380952380952 
3032.8319994676035 68.54841269841269 
3849.721401912859 35.49365079365079 
4040.6200113675777 33.18650793650794 
4399.954397268877 23.40357142857142 
5441.245016655008 5.817063492063492 
5442.501409956138 5.514285714285714 
5218.677286752287 11.407936507936508 
2522.1832453976563 99.21507936507928 
4039.571392575376 35.19087301587301 
3396.4669529191215 65.6722222222222 
5398.155929024853 9.130555555555555 
2523.8725400993158 96.21507936507928 
2525.4701880193215 92.1230158730158 
5441.236593521735 6.437698412698412 
6150.033428332739 3.028571428571429 
6814.649693163115 0.1 
6148.531098891834 3.3313492063492065 
4623.8376862402065 18.433333333333326 
2758.387064942898 80.33571428571425 
2522.31685847382 97.12738095238086 
5439.985471374528 6.74047619047619 
5990.588981226449 4.798809523809524 
4217.513102076909 29.297222222222214 

2470.797299708538 135.79206349206333 
3396.4669529191215 65.6722222222222 
3013.9669112981596 73.04603174603172 
4844.153418372631 12.842460317460317 
3655.344471773286 50.86746031746031 
2525.4701880193215 92.1230158730158 
3850.7838622830595 33.489285714285714 
5258.327589130369 11.710714285714285 
2850.1155679990566 80.33571428571425 
3008.266462281773 74.44206349206347 
4123.93052448533 29.599999999999994 
3083.0324449226387 68.54841269841269 
5257.068043849889 12.634126984126983 
4401.003016061079 21.399206349206345 
5439.985471374528 6.74047619047619 
3849.721401912859 35.49365079365079 
4217.513102076909 29.297222222222214 
5990.588981226449 4.798809523809524 
6814.649693163115 0.1 
6148.531098891834 3.3313492063492065 
6150.033428332739 3.028571428571429 

2470.797299708538 135.79206349206333 
3396.4669529191215 65.6722222222222 
3013.9669112981596 73.04603174603172 
4844.153418372631 12.842460317460317 
4135.92799556777 33.18650793650794 
3655.344471773286 50.86746031746031 
2525.4701880193215 92.1230158730158 
5441.245016655008 5.817063492063492 
3174.7609479787957 68.54841269841269 
4478.259397555859 23.706349206349202 
3849.721401912859 35.49365079365079 
5258.327589130369 11.710714285714285 
3014.735229131893 70.85555555555553 
4217.501454705006 29.599999999999994 
4661.176825080497 17.81269841269841 
5990.588981226449 4.798809523809524 
6814.649693163115 0.1 
6148.531098891834 3.3313492063492065 
2708.1866194878626 80.33571428571425 
5439.985471374528 6.74047619047619 
5257.06804384988 12.634126984126983 
6150.033428332739 3.028571428571429 

2470.797299708538 135.79206349206333 
4844.153418372631 12.842460317460317 
4478.259397555859 23.706349206349202 
3655.344471773286 50.86746031746031 
3364.1167601508887 56.761111111111106 
5258.327589130361 11.710714285714285 
4399.714013302834 24.00912698412698 
4623.766873100813 17.81269841269841 
2758.3870649429045 80.33571428571425 
2941.103496411446 68.54841269841269 
3849.49266531872 35.796428571428564 
5990.588981226449 4.798809523809524 
5216.161348170677 12.634126984126983 
3848.9530840791263 37.684126984126976 
4123.93052448533 29.599999999999994 
4223.063500765641 27.595634920634915 
2940.054877619245 70.55277777777775 
3850.7816680769633 33.18650793650794 
3849.172297423457 37.581349206349195 
3849.7330492847623 35.19087301587301 
6814.649693163115 0.1 
5439.985471374528 6.74047619047619 
6148.531098891834 3.3313492063492065 
3849.499268316948 35.49365079365079 
6150.033428332739 3.028571428571429 
2525.4701880193215 92.1230158730158 
4123.701787891191 29.90277777777777 

2992.0445165102556 80.33571428571425 
2470.797299708538 135.79206349206333 
3396.4669529191215 65.6722222222222 
3013.9669112981596 73.04603174603172 
3655.344471773286 50.86746031746031 
4123.93052448533 29.599999999999994 
2525.4701880193215 92.1230158730158 
2826.5187570987155 82.64285714285708 
5441.245016655008 5.817063492063492 
4844.153418372631 12.842460317460317 
5217.420893451158 11.710714285714285 
4620.270129401301 17.81269841269841 
3138.913568176636 68.54841269841269 
3849.721401912859 35.49365079365079 
4399.942749896974 23.706349206349202 
2826.5304044706186 82.3400793650793 
5439.985471374528 6.74047619047619 
6814.649693163115 0.1 
6148.531098891834 3.3313492063492065 
6150.033428332739 3.028571428571429 
5216.161348170677 12.634126984126983 
5990.588981226449 4.798809523809524 

2470.797299708538 135.79206349206333 
4844.153418372631 12.842460317460317 
3655.344471773286 50.86746031746031 
6111.252194988552 4.798809523809524 
4442.328419899768 23.706349206349202 
3225.989323132265 62.6547619047619 
3224.9290569681607 64.96190476190475 
2525.4701880193215 92.1230158730158 
4125.7336273245 29.599999999999994 
3454.7966444148424 58.76547619047618 
2524.4215692271205 94.12738095238086 
2889.854432164205 70.55277777777775 
2708.1866194878644 80.33571428571425 
3455.845263207044 56.761111111111106 
6150.033428332739 3.028571428571429 
5439.985471374528 6.74047619047619 
6148.531098891834 3.3313492063492065 
3849.721401912859 35.49365079365079 
6814.649693163115 0.1 
2890.903050956406 68.54841269841269 
6072.2867236543825 4.913095238095238 

2470.797299708538 135.79206349206333 
3013.9669112981596 73.04603174603172 
2850.115567999063 80.33571428571425 
6111.252194988552 4.798809523809524 
3396.4669529191215 65.6722222222222 
4478.259397555859 23.706349206349202 
3655.344471773286 50.86746031746031 
5216.161348170677 12.634126984126983 
4446.872165962731 29.39166666666666 
4661.176825080497 17.81269841269841 
5439.985471374528 6.74047619047619 
2848.5167815895456 86.22936507936502 
3174.7609479787957 68.54841269841269 
4123.93052448533 29.599999999999994 
2525.4701880193215 92.1230158730158 
5441.245016655008 5.817063492063492 
4844.153418372631 12.842460317460317 
6072.3335730970775 5.215873015873016 
3849.721401912859 35.49365079365079 
6814.649693163115 0.1 
6148.531098891834 3.3313492063492065 
6170.87379380118 3.186904761904762 
5258.327589130361 11.710714285714285 

2992.0445165102556 80.33571428571425 
2470.797299708538 135.79206349206333 
3396.4669529191215 65.6722222222222 
3013.9669112981596 73.04603174603172 
4844.153418372631 12.842460317460317 
3655.344471773286 50.86746031746031 
3174.7609479787957 68.54841269841269 
4844.165065744533 12.539682539682538 
2860.300567799108 86.22936507936502 
5441.245016655008 5.817063492063492 
4125.7336273245 29.599999999999994 
5439.985471374528 6.74047619047619 
3638.544549885086 58.76547619047618 
4661.1884724524 17.50992063492063 
5990.588981226449 4.798809523809524 
3849.721401912859 35.49365079365079 
4399.954397268877 23.40357142857142 
5259.58398243149 11.407936507936508 
5442.501409956138 5.514285714285714 
6814.649693163115 0.1 
6148.531098891834 3.3313492063492065 
2525.4701880193215 92.1230158730158 
6150.033428332739 3.028571428571429 
5217.420893451158 11.710714285714285 

2470.797299708538 135.79206349206333 
3013.9669112981596 73.04603174603172 
4844.153418372631 12.842460317460317 
4478.259397555859 23.706349206349202 
3655.344471773286 50.86746031746031 
3396.4669529191215 65.6722222222222 
4135.92799556777 33.18650793650794 
3174.7609479787957 68.54841269841269 
3014.735229131893 70.85555555555553 
4274.294056296096 29.297222222222214 
5258.327589130369 11.710714285714285 
5257.06804384988 12.634126984126983 
3849.721401912859 35.49365079365079 
2524.6506623964206 98.31349206349198 
4620.270129401301 17.81269841269841 
5441.245016655008 5.817063492063492 
2525.4701880193215 92.1230158730158 
6150.033428332739 3.028571428571429 
5439.985471374528 6.74047619047619 
5990.588981226449 4.798809523809524 
3850.7838622830595 33.489285714285714 
6814.649693163115 0.1 
6148.531098891834 3.3313492063492065 
2829.072067011288 80.33571428571425 

3174.7609479787957 68.54841269841269 
2992.0445165102556 80.33571428571425 
2470.797299708538 135.79206349206333 
3396.4669529191215 65.6722222222222 
3013.9669112981596 73.04603174603172 
4844.153418372631 12.842460317460317 
4135.92799556777 33.18650793650794 
3655.344471773286 50.86746031746031 
4315.80335127852 29.599999999999994 
2525.4701880193215 92.1230158730158 
4478.259397555859 23.706349206349202 
5257.06804384988 12.634126984126983 
4623.766873100813 17.81269841269841 
5990.588981226449 4.798809523809524 
5441.245016655008 5.817063492063492 
5258.327589130369 11.710714285714285 
5439.985471374528 6.74047619047619 
6150.033428332739 3.028571428571429 
6814.649693163115 0.1 
6148.531098891834 3.3313492063492065 
3849.721401912859 35.49365079365079 

2470.797299708538 135.79206349206333 
3396.4669529191215 65.6722222222222 
4844.153418372631 12.842460317460317 
3655.344471773286 50.86746031746031 
3849.721401912859 35.49365079365079 
5441.245016655008 5.817063492063492 
4135.92799556777 33.18650793650794 
4399.942749896974 23.706349206349202 
2890.903050956406 68.54841269841269 
5257.06804384988 12.634126984126983 
2525.4701880193215 92.1230158730158 
6150.033428332739 3.028571428571429 
5990.588981226449 4.798809523809524 
6814.649693163115 0.1 
5435.999994951895 10.212301587301587 
2708.1866194878644 80.33571428571425 
5439.985471374528 6.74047619047619 
6148.531098891834 3.3313492063492065 
5258.327589130361 11.710714285714285 

2992.0445165102556 80.33571428571425 
2470.797299708538 135.79206349206333 
3396.4669529191215 65.6722222222222 
3013.9669112981596 73.04603174603172 
4844.153418372631 12.842460317460317 
3655.344471773286 50.86746031746031 
4315.80335127852 29.599999999999994 
3174.7609479787957 68.54841269841269 
2525.4701880193215 92.1230158730158 
4135.92799556777 33.18650793650794 
4478.259397555859 23.706349206349202 
2860.300567799108 86.22936507936502 
5889.416145572439 11.109523809523811 
5990.588981226449 4.798809523809524 
6150.033428332739 3.028571428571429 
5766.166735028365 12.696825396825396 
5847.558119985264 11.610714285714288 
3849.721401912859 35.49365079365079 
6814.649693163115 0.1 
6148.531098891834 3.3313492063492065 
5989.990858232217 6.803174603174602 

