6814.649693163115 0.1 
2470.797299708538 135.79206349206333 
2525.4701880193215 92.1230158730158 
5257.068043849889 12.634126984126983 
3655.344471773286 50.86746031746031 
4478.259397555859 23.706349206349202 
6111.252194988552 4.798809523809524 
4844.153418372631 12.842460317460317 
2992.0445165102556 80.33571428571425 
3396.4669529191215 65.6722222222222 
3849.721401912859 35.49365079365079 
4135.92799556777 33.18650793650794 
6148.531098891834 3.3313492063492065 
3174.7609479787957 68.54841269841269 
3013.9669112981596 73.04603174603172 

6814.649693163115 0.1 
2470.797299708538 135.79206349206333 
3655.344471773286 50.86746031746031 
2525.4701880193215 92.1230158730158 
4218.56172086911 27.292857142857137 
3111.796630638481 62.6547619047619 
4621.332589771502 15.808333333333334 
4845.15671297534 9.91468253968254 
5435.940829184405 9.288888888888888 
6150.033428332739 3.028571428571429 
2708.1866194878626 80.33571428571425 
5441.245016655008 5.817063492063492 
5990.588981226449 4.798809523809524 
2958.066016826738 74.44206349206347 
4478.259397555859 23.706349206349202 
3849.721401912859 35.49365079365079 
3850.7816680769633 33.18650793650794 
4844.153418372631 12.842460317460317 
3013.9669112981596 73.04603174603172 
3032.8319994676035 68.54841269841269 
6148.531098891834 3.3313492063492065 
3849.7330492847623 35.19087301587301 
5439.640157543634 7.284523809523811 
5439.985471374528 6.74047619047619 

6814.649693163115 0.1 
2470.797299708538 135.79206349206333 
2525.4701880193215 92.1230158730158 
3389.8005486526376 50.86746031746031 
5257.068043849889 12.634126984126983 
4478.259397555859 23.706349206349202 
3849.721401912859 35.49365079365079 
4844.153418372631 12.842460317460317 
2992.0445165102556 80.33571428571425 
3111.7966306384774 62.6547619047619 
6111.252194988552 4.798809523809524 
6148.531098891834 3.3313492063492065 
3013.9669112981596 73.04603174603172 
4135.92799556777 33.18650793650794 

6814.649693163115 0.1 
2470.797299708538 135.79206349206333 
2525.4701880193215 92.1230158730158 
6111.252194988552 4.798809523809524 
4478.259397555859 23.706349206349202 
4844.153418372631 12.842460317460317 
2992.0445165102556 80.33571428571425 
3849.721401912859 35.49365079365079 
3396.4669529191215 65.6722222222222 
5257.06804384988 12.634126984126983 
3655.3444717732823 50.86746031746031 
6148.531098891834 3.3313492063492065 
3013.9669112981596 73.04603174603172 
4135.92799556777 33.18650793650794 
3174.7609479787957 68.54841269841269 
4222.0602061629315 30.52341269841269 

6814.649693163115 0.1 
2470.797299708538 135.79206349206333 
2525.4701880193215 92.1230158730158 
4844.153418372631 12.842460317460317 
3655.344471773286 50.86746031746031 
4478.259397555859 23.706349206349202 
2992.0445165102556 80.33571428571425 
3396.4669529191215 65.6722222222222 
3849.721401912859 35.49365079365079 
5990.588981226449 4.798809523809524 
5439.985471374528 6.74047619047619 
6148.531098891834 3.3313492063492065 
4135.92799556777 33.18650793650794 
4222.0602061629315 30.52341269841269 
3013.9669112981596 73.04603174603172 
3015.2391769029164 70.63611111111108 
3174.7609479787957 68.54841269841269 

6814.649693163115 0.1 
2470.797299708538 135.79206349206333 
2525.4701880193215 92.1230158730158 
4844.153418372631 12.842460317460317 
5838.970195302401 11.91904761904762 
4478.259397555859 23.706349206349202 
3736.9295784352935 44.97380952380952 
3849.721401912859 35.49365079365079 
2890.903050956406 68.54841269841269 
3446.8829028143377 56.761111111111106 
6150.033428332739 3.028571428571429 
3534.8098943779246 50.86746031746031 
4222.0602061629315 30.52341269841269 
2708.1866194878626 80.33571428571425 
4135.92799556777 33.18650793650794 
3225.989323132265 62.6547619047619 
4745.36384274143 21.399206349206345 
5840.693799744746 9.611904761904762 
6111.252194988552 4.798809523809524 
4835.159363405455 15.505555555555556 
6148.531098891834 3.3313492063492065 

6814.649693163115 0.1 
2470.797299708538 135.79206349206333 
2525.4701880193215 92.1230158730158 
3655.344471773286 50.86746031746031 
2992.0445165102556 80.33571428571425 
3396.4669529191215 65.6722222222222 
5441.245016655008 5.817063492063492 
5217.420893451158 11.710714285714285 
4844.09425260514 11.91904761904762 
6111.252194988552 4.798809523809524 
3849.721401912859 35.49365079365079 
6170.87379380118 3.186904761904762 
3174.7609479787957 68.54841269841269 
3013.9669112981596 73.04603174603172 
4399.942749896974 23.706349206349202 
4125.7336273245 29.599999999999994 
4478.271044927762 23.40357142857142 
4623.766873100813 17.81269841269841 
6148.531098891834 3.3313492063492065 

6814.649693163115 0.1 
2470.797299708538 135.79206349206333 
2525.4701880193215 92.1230158730158 
3313.9163146958485 56.761111111111106 
4844.153418372631 12.842460317460317 
4478.259397555859 23.706349206349202 
4223.063500765641 27.595634920634915 
3655.344471773286 50.86746031746031 
2890.903050956406 68.54841269841269 
6110.6540719943205 6.803174603174602 
5408.034174963867 12.634126984126983 
6150.033428332739 3.028571428571429 
3850.7816680769633 33.18650793650794 
2708.1866194878626 80.33571428571425 
3849.721401912859 35.49365079365079 
6111.252194988552 4.798809523809524 
6148.531098891834 3.3313492063492065 

6814.649693163115 0.1 
2470.797299708538 135.79206349206333 
2525.4701880193215 92.1230158730158 
2895.6048836369764 84.63849206349201 
4844.153418372631 12.842460317460317 
3655.3444717732823 50.86746031746031 
3849.721401912859 35.49365079365079 
6148.531098891834 3.3313492063492065 
3367.9182716434584 62.6547619047619 
5990.588981226449 4.798809523809524 
5441.245016655008 5.817063492063492 
5258.327589130361 11.710714285714285 
4125.7336273245 29.599999999999994 
4446.872165962731 29.39166666666666 
2992.0445165102556 80.33571428571425 
3032.8319994676035 68.54841269841269 
3013.9669112981596 73.04603174603172 
4620.270129401301 17.81269841269841 
4478.259397555859 23.706349206349202 
5439.985471374528 6.74047619047619 

6814.649693163115 0.1 
2470.797299708538 135.79206349206333 
2525.4701880193215 92.1230158730158 
3655.344471773286 50.86746031746031 
4844.153418372631 12.842460317460317 
3396.4669529191215 65.6722222222222 
4478.259397555859 23.706349206349202 
2992.0445165102556 80.33571428571425 
3849.721401912859 35.49365079365079 
5439.985471374528 6.74047619047619 
5408.034174963867 12.634126984126983 
6111.252194988552 4.798809523809524 
6148.531098891834 3.3313492063492065 
4222.0602061629315 30.52341269841269 
3015.795495295997 68.54841269841269 
4135.92799556777 33.18650793650794 
3013.9661362178954 72.74325396825394 
3014.7468765037956 70.55277777777775 
3014.5130955359814 70.85555555555553 
3014.1978473759914 72.64047619047616 

6814.649693163115 0.1 
2470.797299708538 135.79206349206333 
2525.4701880193215 92.1230158730158 
3655.344471773286 50.86746031746031 
4844.153418372631 12.842460317460317 
4478.259397555859 23.706349206349202 
3396.4669529191215 65.6722222222222 
2992.0445165102556 80.33571428571425 
3849.721401912859 35.49365079365079 
5439.985471374528 6.74047619047619 
5408.034174963867 12.634126984126983 
6072.324080998296 6.139285714285713 
6148.531098891834 3.3313492063492065 
3083.0324449226387 68.54841269841269 
4135.92799556777 33.18650793650794 
4222.0602061629315 30.52341269841269 
3013.9669112981596 73.04603174603172 
3008.266462281773 74.44206349206347 
6111.252194988552 4.798809523809524 

6814.649693163115 0.1 
2470.797299708538 135.79206349206333 
2525.4701880193215 92.1230158730158 
3313.916314695849 56.761111111111106 
3649.00258687171 50.86746031746031 
3849.721401912859 35.49365079365079 
4440.849445576172 23.706349206349202 
2890.903050956406 68.54841269841269 
5990.588981226449 4.798809523809524 
4844.153418372631 12.842460317460317 
4661.1768250805035 17.81269841269841 
6150.033428332739 3.028571428571429 
5441.245016655008 5.817063492063492 
2708.1866194878626 80.33571428571425 
4135.92799556777 33.18650793650794 
5257.068043849889 12.634126984126983 
5258.327589130369 11.710714285714285 
4222.0602061629315 30.52341269841269 
5439.985471374528 6.74047619047619 
6148.531098891834 3.3313492063492065 

6814.649693163115 0.1 
2470.797299708538 135.79206349206333 
2525.4701880193215 92.1230158730158 
3655.344471773286 50.86746031746031 
4844.153418372631 12.842460317460317 
4478.259397555859 23.706349206349202 
2992.0445165102556 80.33571428571425 
3396.4669529191215 65.6722222222222 
3849.721401912859 35.49365079365079 
5439.985471374528 6.74047619047619 
5408.034174963867 12.634126984126983 
6148.531098891834 3.3313492063492065 
6072.324080998296 6.139285714285713 
4222.0602061629315 30.52341269841269 
4135.92799556777 33.18650793650794 
3013.9669112981596 73.04603174603172 
3015.797689502094 68.85119047619047 
3174.7609479787957 68.54841269841269 
6111.252194988552 4.798809523809524 

6814.649693163115 0.1 
2470.797299708538 135.79206349206333 
2525.4701880193215 92.1230158730158 
4478.259397555859 23.706349206349202 
4844.153418372631 12.842460317460317 
5441.236593521735 6.437698412698412 
6111.252194988552 4.798809523809524 
3111.7966306384774 62.6547619047619 
3849.721401912859 35.49365079365079 
6150.033428332739 3.028571428571429 
3655.344471773286 50.86746031746031 
2708.1866194878626 80.33571428571425 
5257.06804384988 12.634126984126983 
3446.8829028143377 56.761111111111106 
3032.8319994675994 68.54841269841269 
3734.3091029441625 44.97380952380952 
4135.92799556777 33.18650793650794 
4222.0602061629315 30.52341269841269 
2958.066016826742 74.44206349206347 
3013.9669112981596 73.04603174603172 
6148.531098891834 3.3313492063492065 

6814.649693163115 0.1 
2470.797299708538 135.79206349206333 
2525.4701880193215 92.1230158730158 
3655.344471773286 50.86746031746031 
4844.153418372631 12.842460317460317 
4478.259397555859 23.706349206349202 
3225.9893231322626 62.6547619047619 
5958.637684815787 10.692460317460316 
6150.033428332739 3.028571428571429 
4222.0602061629315 30.52341269841269 
2708.1866194878626 80.33571428571425 
5408.034174963867 12.634126984126983 
3083.0324449226387 68.54841269841269 
3849.721401912859 35.49365079365079 
4135.92799556777 33.18650793650794 
3850.7838622830595 33.489285714285714 
5990.588981226449 4.798809523809524 
3013.9669112981596 73.04603174603172 
2958.066016826738 74.44206349206347 
6148.531098891834 3.3313492063492065 

6814.649693163115 0.1 
2470.797299708538 135.79206349206333 
2525.4701880193215 92.1230158730158 
2708.1866194878644 80.33571428571425 
3436.6819565744513 56.761111111111106 
4125.7336273245 29.599999999999994 
4844.153418372631 12.842460317460317 
3655.3444717732823 50.86746031746031 
6150.033428332739 3.028571428571429 
2890.903050956406 68.54841269841269 
5990.588981226449 4.798809523809524 
5441.245016655008 5.817063492063492 
3111.796630638481 62.6547619047619 
3849.721401912859 35.49365079365079 
3850.7816680769633 33.18650793650794 
5216.161348170677 12.634126984126983 
4599.450224090456 21.701984126984122 
5258.327589130361 11.710714285714285 
4399.942749896974 23.706349206349202 
4661.176825080497 17.81269841269841 
5439.985471374528 6.74047619047619 
6148.531098891834 3.3313492063492065 
3849.7330492847623 35.19087301587301 

6814.649693163115 0.1 
2470.797299708538 135.79206349206333 
2525.4701880193215 92.1230158730158 
3655.344471773286 50.86746031746031 
4844.153418372631 12.842460317460317 
5408.034174963867 12.634126984126983 
2992.0445165102556 80.33571428571425 
3396.4669529191215 65.6722222222222 
3849.721401912859 35.49365079365079 
6148.531098891834 3.3313492063492065 
5993.719112295192 10.963888888888889 
4222.0602061629315 30.52341269841269 
4478.259397555859 23.706349206349202 
3174.7609479787957 68.54841269841269 
4135.92799556777 33.18650793650794 
6110.458544056222 7.105952380952381 
3013.9669112981596 73.04603174603172 
3014.5064925377533 71.1583333333333 
6111.252194988552 4.798809523809524 

6814.649693163115 0.1 
2470.797299708538 135.79206349206333 
2525.4701880193215 92.1230158730158 
3655.344471773286 50.86746031746031 
4844.153418372631 12.842460317460317 
3396.4669529191215 65.6722222222222 
4478.259397555859 23.706349206349202 
2992.0445165102556 80.33571428571425 
3849.721401912859 35.49365079365079 
5439.985471374528 6.74047619047619 
5408.034174963867 12.634126984126983 
6111.252194988552 4.798809523809524 
6148.531098891834 3.3313492063492065 
3015.795495295997 68.54841269841269 
4135.92799556777 33.18650793650794 
4222.0602061629315 30.52341269841269 
3013.9669112981596 73.04603174603172 
3014.5064925377533 71.1583333333333 

6814.649693163115 0.1 
2470.797299708538 135.79206349206333 
2525.4701880193215 92.1230158730158 
2992.0445165102556 80.33571428571425 
3396.4669529191215 65.6722222222222 
4844.09425260514 11.91904761904762 
4125.7336273245 29.599999999999994 
3849.721401912859 35.49365079365079 
3655.344471773286 50.86746031746031 
6148.531098891834 3.3313492063492065 
4721.0812885352025 23.498015873015866 
5441.245016655008 5.817063492063492 
5990.588981226449 4.798809523809524 
4446.872165962731 29.39166666666666 
5217.420893451158 11.710714285714285 
4478.259397555859 23.706349206349202 
3174.7609479787957 68.54841269841269 
3014.1978473759914 72.64047619047616 
5439.985471374528 6.74047619047619 
3013.9661362178954 72.74325396825394 

6814.649693163115 0.1 
2470.797299708538 135.79206349206333 
2525.4701880193215 92.1230158730158 
3655.344471773286 50.86746031746031 
4844.153418372631 12.842460317460317 
4478.259397555859 23.706349206349202 
3396.4669529191215 65.6722222222222 
3849.721401912859 35.49365079365079 
2888.4241334986173 86.22936507936502 
5439.985471374528 6.74047619047619 
5408.034174963867 12.634126984126983 
6148.531098891834 3.3313492063492065 
6072.324080998296 6.139285714285713 
3174.7609479787957 68.54841269841269 
3013.9669112981596 73.04603174603172 
2992.0445165102556 80.33571428571425 
4135.92799556777 33.18650793650794 
4222.0602061629315 30.52341269841269 
6111.252194988552 4.798809523809524 

6814.649693163115 0.1 
2470.797299708538 135.79206349206333 
2525.4701880193215 92.1230158730158 
3655.344471773286 50.86746031746031 
4844.153418372631 12.842460317460317 
3367.9182716434584 62.6547619047619 
4478.259397555859 23.706349206349202 
5408.034174963867 12.634126984126983 
3849.721401912859 35.49365079365079 
3032.8319994676035 68.54841269841269 
6150.033428332739 3.028571428571429 
2803.4741060334836 80.33571428571425 
4135.92799556777 33.18650793650794 
6110.6540719943205 6.803174603174602 
5786.5242712273 10.692460317460316 
4222.0602061629315 30.52341269841269 
3008.266462281773 74.44206349206347 
3013.9669112981596 73.04603174603172 
6111.252194988552 4.798809523809524 
6148.531098891834 3.3313492063492065 

6814.649693163115 0.1 
2470.797299708538 135.79206349206333 
2525.4701880193215 92.1230158730158 
3655.344471773286 50.86746031746031 
3111.7966306384774 62.6547619047619 
4844.153418372631 12.842460317460317 
3849.721401912859 35.49365079365079 
2758.3870649429045 80.33571428571425 
4478.259397555859 23.706349206349202 
5408.034174963867 12.634126984126983 
6150.033428332739 3.028571428571429 
6072.267158381888 5.836507936507935 
5441.236593521735 6.437698412698412 
4446.872165962731 29.39166666666666 
4135.92799556777 33.18650793650794 
4222.0602061629315 30.52341269841269 
3014.5064925377533 71.1583333333333 
2958.066016826738 74.44206349206347 
5439.985471374528 6.74047619047619 
3013.9669112981596 73.04603174603172 
6111.252194988552 4.798809523809524 
6148.531098891834 3.3313492063492065 

6814.649693163115 0.1 
2470.797299708538 135.79206349206333 
2525.4701880193215 92.1230158730158 
3849.721401912859 35.49365079365079 
4844.153418372631 12.842460317460317 
3389.800548652642 50.86746031746031 
4478.259397555859 23.706349206349202 
6150.033428332739 3.028571428571429 
3332.6902103205534 56.761111111111106 
2708.1866194878626 80.33571428571425 
5408.034174963867 12.634126984126983 
5786.5242712273 10.692460317460316 
3111.796630638481 62.6547619047619 
6111.252194988552 4.798809523809524 
4135.92799556777 33.18650793650794 
4222.0602061629315 30.52341269841269 
2958.066016826738 74.44206349206347 
3013.9669112981596 73.04603174603172 
3032.8319994676035 68.54841269841269 
6148.531098891834 3.3313492063492065 

6814.649693163115 0.1 
2470.797299708538 135.79206349206333 
2525.4701880193215 92.1230158730158 
3655.344471773286 50.86746031746031 
5257.068043849889 12.634126984126983 
3111.7966306384774 62.6547619047619 
6111.252194988552 4.798809523809524 
3849.721401912859 35.49365079365079 
4478.259397555859 23.706349206349202 
4844.153418372631 12.842460317460317 
4662.2938529951825 16.731746031746027 
6148.531098891834 3.3313492063492065 
2992.0445165102556 80.33571428571425 
3013.9669112981596 73.04603174603172 
4222.0602061629315 30.52341269841269 
4135.92799556777 33.18650793650794 

6814.649693163115 0.1 
2470.797299708538 135.79206349206333 
2525.4701880193215 92.1230158730158 
5257.068043849889 12.634126984126983 
3655.344471773286 50.86746031746031 
4478.259397555859 23.706349206349202 
6111.252194988552 4.798809523809524 
4844.153418372631 12.842460317460317 
2992.0445165102556 80.33571428571425 
3396.4669529191215 65.6722222222222 
3849.721401912859 35.49365079365079 
4135.92799556777 33.18650793650794 
6148.531098891834 3.3313492063492065 
3013.9669112981596 73.04603174603172 
3174.7609479787957 68.54841269841269 

6814.649693163115 0.1 
2470.797299708538 135.79206349206333 
2525.4701880193215 92.1230158730158 
3655.344471773286 50.86746031746031 
4478.259397555859 23.706349206349202 
4844.153418372631 12.842460317460317 
2992.0445165102556 80.33571428571425 
3396.4669529191215 65.6722222222222 
3849.721401912859 35.49365079365079 
4135.92799556777 33.18650793650794 
6150.033428332739 3.028571428571429 
3174.7609479787957 68.54841269841269 
5807.671553701812 10.692460317460316 
3013.9669112981596 73.04603174603172 
5257.068043849889 12.634126984126983 
5990.588981226449 4.798809523809524 
6148.531098891834 3.3313492063492065 
5965.613671367193 9.225000000000001 
5967.116000808097 8.922222222222224 

6814.649693163115 0.1 
2470.797299708538 135.79206349206333 
2525.4701880193215 92.1230158730158 
3655.344471773286 50.86746031746031 
4844.153418372631 12.842460317460317 
4478.259397555859 23.706349206349202 
2992.0445165102556 80.33571428571425 
3396.4669529191215 65.6722222222222 
3849.721401912859 35.49365079365079 
5408.034174963867 12.634126984126983 
5439.985471374528 6.74047619047619 
6148.531098891834 3.3313492063492065 
5990.588981226449 4.798809523809524 
4135.92799556777 33.18650793650794 
4222.0602061629315 30.52341269841269 
3013.9669112981596 73.04603174603172 
3174.7609479787957 68.54841269841269 
3015.797689502094 68.85119047619047 
3014.735229131893 70.85555555555553 

6814.649693163115 0.1 
2470.797299708538 135.79206349206333 
2525.4701880193215 92.1230158730158 
2992.0445165102556 80.33571428571425 
3396.4669529191215 65.6722222222222 
4844.153418372631 12.842460317460317 
3849.721401912859 35.49365079365079 
3655.344471773286 50.86746031746031 
6148.531098891834 3.3313492063492065 
4666.764067071206 18.442857142857136 
5990.588981226449 4.798809523809524 
5441.245016655008 5.817063492063492 
4135.92799556777 33.18650793650794 
5257.06804384988 12.634126984126983 
5258.327589130361 11.710714285714285 
3850.7838622830595 33.489285714285714 
4479.32185792606 21.701984126984122 
4222.0602061629315 30.52341269841269 
3013.9669112981596 73.04603174603172 
4478.259397555859 23.706349206349202 
3014.735229131893 70.85555555555553 
3174.7609479787957 68.54841269841269 
5439.985471374528 6.74047619047619 

6814.649693163115 0.1 
2470.797299708538 135.79206349206333 
2525.4701880193215 92.1230158730158 
3534.8098943779246 50.86746031746031 
3849.721401912859 35.49365079365079 
4844.153418372631 12.842460317460317 
2991.30394186648 68.54841269841269 
4478.259397555859 23.706349206349202 
5439.985471374528 6.74047619047619 
6111.252194988552 4.798809523809524 
6150.033428332739 3.028571428571429 
2758.387064942898 80.33571428571425 
5257.06804384988 12.634126984126983 
4446.872165962731 29.39166666666666 
3332.6902103205534 56.761111111111106 
4135.92799556777 33.18650793650794 
3161.997076093517 62.6547619047619 
4222.0602061629315 30.52341269841269 
6148.531098891834 3.3313492063492065 

6814.649693163115 0.1 
2470.797299708538 135.79206349206333 
2525.4701880193215 92.1230158730158 
3655.344471773286 50.86746031746031 
4844.153418372631 12.842460317460317 
4478.259397555859 23.706349206349202 
2992.0445165102556 80.33571428571425 
3396.4669529191215 65.6722222222222 
3849.721401912859 35.49365079365079 
5439.985471374528 6.74047619047619 
5408.034174963867 12.634126984126983 
6148.531098891834 3.3313492063492065 
6072.324080998296 6.139285714285713 
3174.7609479787957 68.54841269841269 
3013.9669112981596 73.04603174603172 
4135.92799556777 33.18650793650794 
4222.0602061629315 30.52341269841269 
6111.252194988552 4.798809523809524 

