3174.7609479787957 68.54841269841269 
2470.797299708538 135.79206349206333 
3849.721401912859 35.49365079365079 
2667.3991365305155 92.1230158730158 
2524.9138696262407 94.21071428571419 

3174.7609479787957 68.54841269841269 
5889.049638208757 35.02777777777779 
2470.797299708538 135.79206349206333 
3396.4669529191215 65.6722222222222 
3013.9669112981596 73.04603174603172 
3849.7330492847623 35.19087301587301 
2525.4701880193215 92.1230158730158 

3174.7609479787957 68.54841269841269 
5423.054144449687 32.51468253968254 
5989.668346430864 17.070238095238093 
2470.797299708538 135.79206349206333 
3396.4669529191215 65.6722222222222 
3013.9669112981596 73.04603174603172 
3849.721401912859 35.49365079365079 
2525.4701880193215 92.1230158730158 
2525.395919636771 97.9809523809523 

6148.531098891834 3.3313492063492065 
5398.144281652951 9.433333333333334 
4478.259397555859 23.706349206349202 
5032.309426603663 21.220634920634915 
2470.797299708538 135.79206349206333 
3932.1048582474855 86.66746031746027 
2525.3918876784583 92.1230158730158 

3174.7609479787957 68.54841269841269 
5423.054144449687 32.51468253968254 
5989.668346430864 17.070238095238093 
2470.797299708538 135.79206349206333 
3396.4669529191215 65.6722222222222 
3013.9669112981596 73.04603174603172 
3849.721401912859 35.49365079365079 
2525.4701880193215 92.1230158730158 

3174.7609479787957 68.54841269841269 
5423.054144449687 32.51468253968254 
5989.668346430864 17.070238095238093 
2470.797299708538 135.79206349206333 
3396.4669529191215 65.6722222222222 
3849.7330492847623 35.19087301587301 
2525.4701880193215 92.1230158730158 

3174.7609479787957 68.54841269841269 
2470.797299708538 135.79206349206333 
3849.721401912859 35.49365079365079 
2525.4701880193215 92.1230158730158 

3174.7609479787957 68.54841269841269 
2470.797299708538 135.79206349206333 
3849.721401912859 35.49365079365079 
2525.4701880193215 92.1230158730158 

3174.7609479787957 68.54841269841269 
5889.049638208757 35.02777777777779 
2470.797299708538 135.79206349206333 
3396.4669529191215 65.6722222222222 
3013.9669112981596 73.04603174603172 
3849.721401912859 35.49365079365079 
2525.4701880193215 92.1230158730158 
3655.344471773286 50.86746031746031 

3174.7609479787957 68.54841269841269 
2470.797299708538 135.79206349206333 
3849.721401912859 35.49365079365079 
2525.4701880193215 92.1230158730158 

3174.7609479787957 68.54841269841269 
5423.054144449687 32.51468253968254 
5989.668346430864 17.070238095238093 
2470.797299708538 135.79206349206333 
3849.721401912859 35.49365079365079 
2525.4701880193215 92.1230158730158 
4135.92799556777 33.18650793650794 
3655.344471773286 50.86746031746031 

3174.7609479787957 68.54841269841269 
5889.049638208757 35.02777777777779 
2470.797299708538 135.79206349206333 
3849.7330492847623 35.19087301587301 
2525.4701880193215 92.1230158730158 

3174.7609479787957 68.54841269841269 
5423.054144449687 32.51468253968254 
5989.668346430864 17.070238095238093 
2470.797299708538 135.79206349206333 
3396.4669529191215 65.6722222222222 
3849.499268316948 35.49365079365079 
2525.4701880193215 92.1230158730158 

3174.7609479787957 68.54841269841269 
5423.054144449687 32.51468253968254 
5989.668346430864 17.070238095238093 
2470.797299708538 135.79206349206333 
3849.721401912859 35.49365079365079 
2525.4701880193215 92.1230158730158 

3174.7609479787957 68.54841269841269 
5889.049638208757 35.02777777777779 
2470.797299708538 135.79206349206333 
3849.721401912859 35.49365079365079 
2525.4701880193215 92.1230158730158 
3655.344471773286 50.86746031746031 

3174.7609479787957 68.54841269841269 
5423.054144449687 32.51468253968254 
5989.668346430864 17.070238095238093 
2470.797299708538 135.79206349206333 
3849.7330492847623 35.19087301587301 
2525.4701880193215 92.1230158730158 

3174.7609479787957 68.54841269841269 
5889.049638208757 35.02777777777779 
2470.797299708538 135.79206349206333 
3849.7330492847623 35.19087301587301 
2525.4701880193215 92.1230158730158 

3174.7609479787957 68.54841269841269 
5423.054144449687 32.51468253968254 
5989.668346430864 17.070238095238093 
2470.797299708538 135.79206349206333 
3849.721401912859 35.49365079365079 
2525.4701880193215 92.1230158730158 

5281.362458024961 28.37341269841269 
4135.92799556777 33.18650793650794 
3174.7609479787957 68.54841269841269 
2471.8082729165058 128.9091269841268 
2470.797299708538 135.79206349206333 
2525.4701880193215 92.1230158730158 

3174.7609479787957 68.54841269841269 
5889.049638208757 35.02777777777779 
2470.797299708538 135.79206349206333 
3396.4669529191215 65.6722222222222 
3013.9669112981596 73.04603174603172 
3849.721401912859 35.49365079365079 
2525.4701880193215 92.1230158730158 

3174.7609479787957 68.54841269841269 
5423.054144449687 32.51468253968254 
5989.668346430864 17.070238095238093 
2470.797299708538 135.79206349206333 
3396.4669529191215 65.6722222222222 
3849.721401912859 35.49365079365079 
2525.4701880193215 92.1230158730158 

3174.7609479787957 68.54841269841269 
5889.049638208757 35.02777777777779 
2470.797299708538 135.79206349206333 
3396.4669529191215 65.6722222222222 
3849.721401912859 35.49365079365079 
2525.4701880193215 92.1230158730158 
2524.829468490828 97.9809523809523 

3174.7609479787957 68.54841269841269 
5423.054144449687 32.51468253968254 
5989.668346430864 17.070238095238093 
2470.797299708538 135.79206349206333 
3849.721401912859 35.49365079365079 
2525.4701880193215 92.1230158730158 

3174.7609479787957 68.54841269841269 
5889.049638208757 35.02777777777779 
2470.797299708538 135.79206349206333 
3849.721401912859 35.49365079365079 
2525.4701880193215 92.1230158730158 

3174.7609479787957 68.54841269841269 
5423.054144449687 32.51468253968254 
5989.668346430864 17.070238095238093 
2470.797299708538 135.79206349206333 
3849.721401912859 35.49365079365079 
2525.4701880193215 92.1230158730158 

3174.7609479787957 68.54841269841269 
5423.054144449687 32.51468253968254 
5989.668346430864 17.070238095238093 
2470.797299708538 135.79206349206333 
3396.4669529191215 65.6722222222222 
3013.9669112981596 73.04603174603172 
3849.721401912859 35.49365079365079 
2525.4701880193215 92.1230158730158 

3174.7609479787957 68.54841269841269 
5423.054144449687 32.51468253968254 
5989.668346430864 17.070238095238093 
2470.797299708538 135.79206349206333 
3383.3254339992423 53.13888888888888 
2525.4701880193215 92.1230158730158 

3174.7609479787957 68.54841269841269 
5889.049638208757 35.02777777777779 
2470.797299708538 135.79206349206333 
3849.721401912859 35.49365079365079 
2525.4701880193215 92.1230158730158 

3174.7609479787957 68.54841269841269 
5989.668346430864 17.070238095238093 
2470.797299708538 135.79206349206333 
3849.721401912859 35.49365079365079 
4478.259397555859 23.706349206349202 
2525.4701880193215 92.1230158730158 

3174.7609479787957 68.54841269841269 
5423.054144449687 32.51468253968254 
5989.668346430864 17.070238095238093 
2470.797299708538 135.79206349206333 
3849.721401912859 35.49365079365079 
2900.3160134540976 80.33571428571425 
2525.4701880193215 92.1230158730158 

