0.8414026232370394
0.8750596129654086
0.8750596129654086
0.8269516074373016
0.8414026232370394
0.8269516074373016
0.8384440626027195
0.8414026232370394
0.8342774486220322
0.8414026232370394
0.8414026232370394
0.8632347739809643
0.817936967154277
0.8414026232370394
0.8414026232370394
0.817936967154277
0.8269516074373016
0.8414026232370394
0.8632347739809643
0.8414026232370394
0.8384440626027195
0.8414026232370394
0.8414026232370394
0.8414026232370394
0.8201606300045731
0.8414026232370394
0.8414026232370394
0.8269516074373016
0.8632347739809643
0.8414026232370394
