0.8218776049180546
0.8155816857306472
0.8157418575783653
0.8156054477834219
0.8155816857306472
0.8156054477834219
0.8155816857306472
0.8155816857306472
0.8205958069706804
0.7849258628966929
0.8156054477834219
0.5501233574849822
0.8155816857306472
0.816290256370216
0.8155816857306472
0.8155816857306472
0.8155816857306472
0.8155816857306472
0.8155816857306472
0.834723922509033
0.7129355703555084
0.8155816857306472
0.8155816857306472
0.7849258628966929
0.7849258628966929
0.8155816857306472
0.8155816857306472
0.8155816857306472
0.8155816857306472
0.8157305649616736
