0.7013449786859057
0.8052822185958523
0.7694447877379059
0.781872486953166
0.40866611958359284
0.8055371668429563
0.5802243348351726
0.5496172383374942
0.7672283951736217
0.8031678578158221
0.7905090900301095
0.7943374463996151
0.7452874134477109
0.8080573079648606
0.8107602597851535
0.6341943392402294
0.8059613516437963
0.40916795790590066
0.8134998390315383
2.7821536497954236E-4
0.7823317137718072
0.8079246451619103
0.6915912888469995
0.8105648080789587
0.8062528542836244
0.6342962226422273
0.7687191173847923
0.2796497541055962
0.7952974274070573
0.7888344702565725
