0.4179480673967566
0.4179480673967566
0.4179480673967566
0.4179480673967566
0.4179480673967566
0.4179480673967566
0.4179480673967566
0.4179480673967566
0.4179480673967566
0.4179480673967566
0.4179480673967566
0.4179480673967566
0.4179480673967566
0.4179480673967566
0.4179480673967566
0.4179480673967566
0.4179480673967566
0.4179480673967566
0.5075509199704058
0.4179480673967566
0.4179480673967566
0.4179480673967566
0.4179480673967566
0.4179480673967566
0.4179480673967566
0.4179480673967566
0.4179480673967566
0.4179480673967566
0.4179480673967566
0.4179480673967566
