0.49267119885844424
0.47186612045444093
0.49545026100275513
0.49545026100275513
0.49545026100275513
0.49545026100275513
0.49218589007993896
0.49545026100275513
0.49545026100275513
0.49545026100275513
0.49545026100275513
0.49545026100275513
0.49545026100275513
0.49972426875904424
0.4656819991973628
0.49545026100275513
0.4952490212288848
0.49545026100275513
0.49972426875904424
0.49545026100275513
0.49545026100275513
0.49545026100275513
0.49545026100275513
0.4952490212288848
0.49545026100275513
0.4955577972161717
0.49545026100275513
0.49545026100275513
0.49545026100275513
0.49545026100275513
