0.9480079460750198
0.9480040460633528
0.9480035062178811
0.9480079460750198
0.9480035062178811
0.9480079460750198
0.9480035062178811
0.9480079460750198
0.9480079460750198
0.9480079460750198
0.9480035062178811
0.9480035062178811
0.9480035062178811
0.9480035062178811
0.9480035062178811
0.9480035062178811
0.9480035062178811
0.9480035062178811
0.9480035062178811
0.9480035062178811
0.9480079460750198
0.9480047823567728
0.9480035062178811
0.9480037582988803
0.9480035062178811
0.9480035062178811
0.9480035062178811
0.9480035062178811
0.9480035062178811
0.9480035062178811
