0.0
0.6021076980499304
0.7074821071532773
0.37558845168058363
0.7324701878271269
0.046855052352128494
0.6906355499138812
0.5124494267771138
0.3001238991236304
0.7256284478279917
0.7525714789930302
0.1806249055222247
0.716649141595222
0.3903832912267821
0.6823866461594532
0.0
0.5434066094371366
0.7322477614487021
0.13138964695977856
0.7499927566350992
0.6061737250048641
0.4041872379202834
0.534065907217663
0.7406073877838253
0.6559036420755049
0.0
0.7471564713252503
0.7326269481512387
0.5630854784396689
0.5693302046484936
