0.7882751333673892
0.7882751333673892
0.7882751333673892
0.7876835718824269
0.7882751333673892
0.7882751333673892
0.7882751333673892
0.7882751333673892
0.7882751333673892
0.7619053336234823
0.7882751333673892
0.7882751333673892
0.7882751333673892
0.7882751333673892
0.7882751333673892
0.7882751333673892
0.7882751333673892
0.7882751333673892
0.7853696926350352
0.7882751333673892
0.7882751333673892
0.7882751333673892
0.7882751333673892
0.7882751333673892
0.7882751333673892
0.7882751333673892
0.7882444086164025
0.7882751333673892
0.7882751333673892
0.7882751333673892
