0.7854640256678044
0.7854640256678044
0.7854640256678044
0.7854640256678044
0.7854640256678044
0.7854640256678044
0.7942852260868339
0.7854640256678044
0.7854640256678044
0.7880639210977631
0.7856281579189949
0.7983262671513818
0.7856281579189949
0.7941955052001984
0.798329448325478
0.7941955052001984
0.7873369206445912
0.798329448325478
0.7854640256678044
0.8049362782064621
0.7873369206445912
0.7854640256678044
0.8007395855789181
0.7895618269457041
0.7854640256678044
0.7854640256678044
0.7921115237776598
0.7854783266417207
0.7903588383981843
0.7941955052001984
