0.8882686359483224
0.8891765370283939
0.8916455908732723
0.886697939218189
0.8890232060389922
0.8894205922976125
0.889156566454854
0.8898526214814314
0.8914467879788552
0.8896772243453095
0.8902009280184547
0.8902799380724591
0.8885276123110853
0.8884760926678879
0.8883461655592462
0.8875567270384197
0.8892354813862726
0.8911143993078483
0.8895620623417744
0.8902045821621384
0.8929611352453596
0.8897673730932442
0.8894718239129299
0.8878784821750777
0.8900840021947186
0.888790690356407
0.8881069558469081
0.8890737033793905
0.8884312089380878
0.8896158997797635
