0.7662338655214833
0.724923578885666
0.6879504033350956
0.5993353310703905
0.615140766489361
0.7662338655214833
0.6767749216630494
0.6879504033350956
0.724923578885666
0.6564510531251782
0.615140766489361
0.6879504033350956
0.728581856648193
0.6564510531251782
0.6681457722395696
0.7977332157314008
0.7977332157314008
0.6879504033350956
0.6879504033350956
0.724923578885666
0.6879504033350956
0.615140766489361
0.6767749216630494
0.724923578885666
0.615140766489361
0.7662338655214833
0.665076072937766
0.5993092953793785
0.615140766489361
0.6681457722395696
