0.766033236646043
0.7798853110610945
0.7015504097196336
0.7525579368581746
0.7632215337425807
0.7040998934179177
0.764683195351908
0.7197986488580146
0.7469309306993901
0.6825400937687438
0.705776479629351
0.776432239685476
0.7734461516350607
0.7296861514509579
0.6930933840458314
0.7767161061563038
0.7779982594515596
0.7752968397650728
0.7569135813438859
0.7635975240918392
0.7581047005900525
0.7200949991596466
0.7499575938261225
0.7646901441436509
0.6996036038620788
0.7299906818780308
0.7400425256961078
0.7249276194414606
0.6998973412697739
0.721803943540385
