0.8057552040947724
0.809123412768587
0.8129845854778135
0.8051827616651959
0.8070063575060221
0.8112834436080534
0.8062152627528844
0.8068778003836835
0.8066697674935387
0.8009028180673194
0.8131097583738325
0.8103684034608789
0.8078018392119207
0.8072270506176378
0.8065196524778883
0.8051986790073326
0.8072965437129279
0.8072626906445332
0.8053785748333334
0.8064451810492675
0.8064324910077715
0.8067507377744225
0.8125479852597929
0.8071478349898392
0.8046096063760044
0.8113611741836982
0.7978391400501541
0.807854890340236
0.8080824003824323
0.8046874308717736
