0.34481090864326
0.34481090864326
0.36303432707333105
0.3499124362813429
0.34893947926711666
0.3580778718951497
0.34481090864326
0.34481090864326
0.3529343842618476
0.3604849758136494
0.34481090864326
0.34481090864326
0.34481090864326
0.34481090864326
0.3499124362813429
0.34481090864326
0.34481090864326
0.34481090864326
0.3510814143979973
0.34481090864326
0.35362237306817534
0.34481090864326
0.34481090864326
0.3499124362813429
0.3499124362813429
0.34481090864326
0.34481090864326
0.34481090864326
0.3499124362813429
0.3499124362813429
