0.6768682250625544
0.6768682250625544
0.6768682250625544
0.6768682250625544
0.6768682250625544
0.6768682250625544
0.6768682250625544
0.6768682250625544
0.6768682250625544
0.6768682250625544
0.6768682250625544
0.6768682250625544
0.6768682250625544
0.6768682250625544
0.6768682250625544
0.6768682250625544
0.6768682250625544
0.6768682250625544
0.6768682250625544
0.6768682250625544
0.6768682250625544
0.6768682250625544
0.6768682250625544
0.6768682250625544
0.6768682250625544
0.6768682250625544
0.6768682250625544
0.6768682250625544
0.6768682250625544
0.6768682250625544
