0.8921198284875634
0.523573413296611
0.5126958131538473
0.7550295789478423
0.46037458906795087
0.46037458906795087
0.6891717286808845
0.856340297172926
0.4926357762025778
0.620022404401419
0.46037458906795087
0.9003839202028663
0.5747723115896816
0.4926357762025778
0.5310622450147945
0.4926357762025778
0.6194180667073783
0.47542382002581796
0.4926357762025778
0.8443849578534584
0.8921198284875634
0.4926357762025778
0.7020756867726433
0.5490842569618245
0.46037458906795087
0.6852964865257404
0.47542382002581796
0.8396181897692632
0.4926357762025778
0.46037458906795087
