0.6597918110609859
0.6597918110609859
0.6596665734552488
0.6597918110609859
0.6618786908818407
0.6597577487840524
0.6601949098011402
0.6597555582110911
0.6597918110609859
0.6597918110609859
0.6597918110609859
0.6596941328433384
0.6598181802816337
0.6597019792818969
0.6641468719138731
0.6603376045551907
0.6597918110609859
0.6597087832615844
0.6597918110609859
0.6645267896730722
0.6597918110609859
0.6642906469691069
0.6596696212215233
0.6597918110609859
0.6596665734552488
0.6596469179466851
0.6597019792818969
0.6597663330798629
0.6601305801598858
0.6597019792818969
