2.941176470588235253e-02
2.941176470588235253e-02
2.941176470588235253e-02
2.941176470588235253e-02
8.333333333333332871e-02
2.941176470588235253e-02
1.351351351351351426e-01
8.571428571428571508e-02
2.941176470588235253e-02
5.714285714285714107e-02
2.941176470588235253e-02
8.571428571428571508e-02
2.941176470588235253e-02
2.941176470588235253e-02
1.621621621621621712e-01
5.714285714285714107e-02
2.941176470588235253e-02
2.941176470588235253e-02
0.000000000000000000e+00
2.941176470588235253e-02
5.882352941176470507e-02
8.571428571428571508e-02
2.941176470588235253e-02
2.941176470588235253e-02
1.388888888888888951e-01
5.882352941176470507e-02
5.882352941176470507e-02
3.030303030303030387e-02
2.941176470588235253e-02
2.941176470588235253e-02
