0.806443667832881
0.8200875485376004
0.8099154118006773
0.8200875485376004
0.806443667832881
0.806443667832881
0.806443667832881
0.806443667832881
0.806443667832881
0.8046231523085646
0.8200875485376004
0.806443667832881
0.806443667832881
0.8200875485376004
0.806443667832881
0.806443667832881
0.806443667832881
0.8064325762891954
0.81995645555396
0.806443667832881
0.806443667832881
0.806443667832881
0.806443667832881
0.806443667832881
0.805913280475085
0.806443667832881
0.7684672545691501
0.806443667832881
0.806443667832881
0.806443667832881
