0.7849827344880494
0.7943544822369856
0.7886564428474296
0.786276243711795
0.7918972224364302
0.7851488908639573
0.7923285054476107
0.7904794991553785
0.7914247031426186
0.7843729368686454
0.7892458153698384
0.7870361325829042
0.7837315358801896
0.7909425288584022
0.7877407661842551
0.7853226089505065
0.7811389232615759
0.7868239860423162
0.7839311583456297
0.7872306102571645
0.7917376980305716
0.7840606769765877
0.7844422722450489
0.7848337476255922
0.7834886837384893
0.788022904610992
0.7829454698006756
0.7854605938878774
0.7878876108943872
0.7858079294152718
