0.7996861124458433
0.7996861124458433
0.7996861124458433
0.7996861124458433
0.7996861124458433
0.7996861124458433
0.7996861124458433
0.7996861124458433
0.7996861124458433
0.7996861124458433
0.7996861124458433
0.7996861124458433
0.7996861124458433
0.8939926497651645
0.7996861124458433
0.7996861124458433
0.7996861124458433
0.7996861124458433
0.7996861124458433
0.7996861124458433
0.7996861124458433
0.7996861124458433
0.7996861124458433
0.7996861124458433
0.7996861124458433
0.7996861124458433
0.7996861124458433
0.7996861124458433
0.7996861124458433
0.7996861124458433
