0.8453004693148407
0.8453004693148407
0.8453004693148407
0.8147073484615739
0.8453004693148407
0.8453004693148407
0.8453004693148407
0.8453004693148407
0.8453004693148407
0.0027986027344683623
0.8453004693148407
0.6971622310425533
0.8453004693148407
0.8453004693148407
0.8453004693148407
0.8453004693148407
0.8453004693148407
0.8453004693148407
0.8039768579376656
0.8453004693148407
0.8453004693148407
0.8453004693148407
0.8453004693148407
0.8453004693148407
0.8453004693148407
0.8453004693148407
0.36905899214274823
0.0
0.8453004693148407
0.8453004693148407
