0.7250402890503765
0.718087447450158
0.7263802486956736
0.7250402890503765
0.7177231686392144
0.7364176185513998
0.7177231686392144
0.7177231686392144
0.7376376128599533
0.7177231686392144
0.7250402890503765
0.7364176185513998
0.7250402890503765
0.7237770589216372
0.7263802486956736
0.7177231686392144
0.7237770589216372
0.7376376128599533
0.71490973348756
0.7376376128599533
0.7237770589216372
0.7359792161910494
0.7250402890503765
0.7376376128599533
0.7376376128599533
0.7177231686392144
0.718087447450158
0.7376376128599533
0.7250402890503765
0.7359792161910494
