1.000000000000000056e-01
0.000000000000000000e+00
1.000000000000000056e-01
7.692307692307692735e-02
1.000000000000000056e-01
1.111111111111111049e-01
9.090909090909091161e-02
1.111111111111111049e-01
1.111111111111111049e-01
7.692307692307692735e-02
1.250000000000000000e-01
7.692307692307692735e-02
9.090909090909091161e-02
1.111111111111111049e-01
8.333333333333332871e-02
1.000000000000000056e-01
7.692307692307692735e-02
7.692307692307692735e-02
1.111111111111111049e-01
0.000000000000000000e+00
7.692307692307692735e-02
1.000000000000000056e-01
8.333333333333332871e-02
1.000000000000000056e-01
1.111111111111111049e-01
7.692307692307692735e-02
1.111111111111111049e-01
1.111111111111111049e-01
7.692307692307692735e-02
1.111111111111111049e-01
