0.8033814075872321
0.803381115689296
0.8033813762940383
0.8033813926551086
0.803381677058979
0.8033849205157121
0.8033814025344979
0.8033822543413741
0.8033818073447795
0.8031994315681742
0.8033829207747172
0.803381464432773
0.803381115689296
0.8033813974717671
0.803383597183425
0.8033815693781579
0.8033817959414752
0.8033817559596247
0.8033821995189642
0.8033812912075408
0.8033813783450764
0.8033813143488867
0.8033814011098342
0.8033819078056396
0.8032011445970499
0.8031711110438031
0.8033816870002345
0.8031092852179287
0.8033830645320484
0.8033811657022326
