1.000000000000000056e-01
0.000000000000000000e+00
1.000000000000000056e-01
5.263157894736841813e-02
0.000000000000000000e+00
5.263157894736841813e-02
1.428571428571428492e-01
5.263157894736841813e-02
5.263157894736841813e-02
1.000000000000000056e-01
1.818181818181818232e-01
1.000000000000000056e-01
5.263157894736841813e-02
5.263157894736841813e-02
5.263157894736841813e-02
5.263157894736841813e-02
5.263157894736841813e-02
5.555555555555555247e-02
5.555555555555555247e-02
1.000000000000000056e-01
1.052631578947368363e-01
1.818181818181818232e-01
5.263157894736841813e-02
1.000000000000000056e-01
1.000000000000000056e-01
1.000000000000000056e-01
5.263157894736841813e-02
5.263157894736841813e-02
5.263157894736841813e-02
5.555555555555555247e-02
