0.47891587000805924
0.4752560291243758
0.47891587000805924
0.47891587000805924
0.47891587000805924
0.3851291589763561
0.44963299692853065
0.47891587000805924
0.47891587000805924
0.47891587000805924
0.47891587000805924
0.47891587000805924
0.47891587000805924
0.47891587000805924
0.47891587000805924
0.47891587000805924
0.3851291589763561
0.4752560291243758
0.4752560291243758
0.47891587000805924
0.47891587000805924
0.4752560291243758
0.47891587000805924
0.47891587000805924
0.47891587000805924
0.47891587000805924
0.47891587000805924
0.47891587000805924
0.47891587000805924
0.47891587000805924
