0.8453004693148407
0.6011819102675037
0.8453004693148407
0.8453004693148407
0.7940663792403305
0.833536921693363
0.8453004693148407
0.7940663792403305
0.7940663792403305
0.833536921693363
0.8453004693148407
0.7940663792403305
0.8453004693148407
0.0
0.4173254486269267
0.7940663792403305
0.8453004693148407
0.7940663792403305
0.8453004693148407
0.8453004693148407
0.8453004693148407
0.8453004693148407
0.8453004693148407
0.0
0.6011819102675037
0.5978527463981153
0.6983268218695671
0.8453004693148407
0.6011819102675037
0.7940663792403305
