0.5936750471691049
0.5936750471691049
0.6275628947935307
0.6243610778405605
0.616638002874378
0.5936750471691049
0.6168650989171063
0.5936750471691049
0.5936750471691049
0.5936750471691049
0.5936750471691049
0.5936750471691049
0.5936750471691049
0.5936750471691049
0.6089471031629389
0.6077317344039526
0.5936750471691049
0.5936750471691049
0.5936750471691049
0.5936750471691049
0.6087093957163987
0.6085526069038294
0.6137390273142072
0.5936750471691049
0.5936750471691049
0.6282826890607047
0.5936750471691049
0.642983753798
0.5936750471691049
0.617182784247835
