0.16484285762581374
0.11234966674422127
0.16410248833232027
0.11234966674422127
0.16484285762581374
0.12954244164565368
0.0
0.04679201761487299
0.16410248833232027
0.10621543201611154
0.16484285762581374
0.07284284445489468
0.0
0.11234966674422127
0.16484285762581374
0.0
0.04679201761487299
0.04679201761487299
0.0
0.0
0.16410248833232027
0.11234966674422127
0.11234966674422127
0.04679201761487299
0.16484285762581374
0.16410248833232027
0.04679201761487299
0.10621543201611154
0.07996336119812665
0.16410248833232027
