0.7842942946436979
0.7842834823051718
0.7853799511612702
0.7837094567304402
0.7842834823051718
0.7842834823051718
0.7842834823051718
0.7853799511612702
0.7853799511612702
0.7837094567304402
0.7842942946436979
0.7848059255865387
0.7837094567304402
0.7848059255865387
0.7785492615841872
0.7853799511612702
0.7848059255865387
0.7853799511612702
0.7853799511612702
0.7842834823051718
0.7853799511612702
0.7853799511612702
0.7853799511612702
0.7842834823051718
0.7842834823051718
0.7842942946436979
0.7842834823051718
0.7837094567304402
0.7853799511612702
0.7842834823051718
