0.477275406427829
0.5099631980594582
0.477275406427829
0.477275406427829
0.477275406427829
0.5442328507281944
0.5442328507281944
0.9439994667673883
0.5442328507281944
0.4734553812959781
0.477275406427829
0.4734553812959781
0.4734553812959781
0.9439994667673883
0.5442328507281944
0.5442328507281944
0.5442328507281944
0.477275406427829
0.477275406427829
0.4734553812959781
0.477275406427829
0.477275406427829
0.5099631980594582
0.9439994667673883
0.477275406427829
0.4734553812959781
0.477275406427829
0.4734553812959781
0.5442328507281944
0.477275406427829
