0.39003406596875867
0.38935554459453486
0.37922436738731785
0.36475793858757743
0.39003406596875867
0.37922436738731785
0.39003406596875867
0.35490919897903195
0.38842859321539147
0.39003406596875867
0.39003406596875867
0.39003406596875867
0.36567613633292
0.38842859321539147
0.3656187090882174
0.34294441879768717
0.3656187090882174
0.37922436738731785
0.39003406596875867
0.37922436738731785
0.365787163990348
0.38842859321539147
0.38842859321539147
0.3695849999588991
0.39003406596875867
0.39003406596875867
0.37922436738731785
0.39003406596875867
0.39003406596875867
0.3649976149586962
