0.830327081925463
0.8305172527997917
0.8301338516452522
0.8311026554629833
0.8302078207632154
0.8317899543544226
0.8306739787942209
0.8325811594420361
0.8318158883868538
0.8298460664310111
0.8317330800400929
0.8343325561333572
0.8316562412846613
0.8323160003761157
0.8308962749794592
0.8306710551058929
0.8316449101598958
0.8303888745135515
0.8308536172054737
0.8307497473749385
0.8302585262365874
0.8308967025251719
0.8338536530276255
0.8321781592373381
0.8298364452008599
0.830856081728636
0.8295721232045492
0.8309531719843717
0.8318231809765333
0.8306259362029906
