0.8293275634135752
0.8436546600074667
0.8293275634135752
0.8299431605052071
0.8434717538909603
0.8299431605052071
0.8299431605052071
0.8292470926775152
0.8304419266628416
0.8436546600074667
0.8292470926775152
0.8292470926775152
0.8295775507871315
0.8299431605052071
0.8292470926775152
0.8299431605052071
0.8292470926775152
0.8292470926775152
0.8295467738864943
0.8299431605052071
0.8296290784274221
0.8299431605052071
0.8292470926775152
0.8299431605052071
0.8292470926775152
0.8293275634135752
0.8292470926775152
0.8298807104677179
0.8292470926775152
0.8299431605052071
