0.9534994217678184
0.9534994217678184
0.9534994217678184
0.9534994217678184
0.9534994217678184
0.9534994217678184
0.9534994217678184
0.9534994217678184
0.9534994217678184
0.9534994217678184
0.9534994217678184
0.9534994217678184
0.9534994217678184
0.9534994217678184
0.9534994217678184
0.9534994217678184
0.9534994217678184
0.9534994217678184
0.9534994217678184
0.9534994217678184
0.9534994217678184
0.9534994217678184
0.9534994217678184
0.9534994217678184
0.9534994217678184
0.9534994217678184
0.9534994217678184
0.9534994217678184
0.9534994217678184
0.9534994217678184
