0.9479403935027702
0.9480035062178811
0.9480035062178811
0.9480035062178811
0.9480035062178811
0.9480035062178811
0.9480035062178811
0.9480035062178811
0.9480035062178811
0.9480035062178811
0.9480035062178811
0.9480035062178811
0.9475997520804692
0.9480035062178811
0.947976908827239
0.9479403935027702
0.9480035062178811
0.9480035062178811
0.9480035062178811
0.9479467132718706
0.9480035062178811
0.9480035062178811
0.9480035062178811
0.9475997520804692
0.9480035062178811
0.947976908827239
0.9479970888256506
0.9480035062178811
0.9480035062178811
0.9480035062178811
