0.7694715703728134
0.7581236338492114
0.7820398034847703
0.7562921115485233
0.7621819171121048
0.7736221536589879
0.7690663651424099
0.7636561414985735
0.7594652960233028
0.7753798634066221
0.7833444404682869
0.7629400165305197
0.7550354895091561
0.7789707626622354
0.759310508213718
0.7723215355830367
0.7658477917947908
0.7656139172794396
0.7660878824803992
0.7712110740779943
0.7681538329623688
0.7680809717447757
0.7783240064293063
0.7815538974315505
0.761734691220494
0.7608023850912262
0.7753149497145032
0.7616820261436464
0.7684483081106592
0.7618699181286314
