0.9068874938867593
0.9068874938867593
0.9068874938867593
0.9068874938867593
0.9068874938867593
0.9068874938867593
0.9068874938867593
0.9068874938867593
0.9068874938867593
0.9068874938867593
0.9068874938867593
0.9068874938867593
0.9068874938867593
0.9068874938867593
0.9068874938867593
0.9068874938867593
0.9068874938867593
0.9068874938867593
0.9068874938867593
0.9068874938867593
0.9068874938867593
0.9068874938867593
0.9068874938867593
0.9068874938867593
0.9068874938867593
0.9068874938867593
0.9068874938867593
0.9068874938867593
0.9068874938867593
0.9068874938867593
