0.7977592514224128
0.7977592514224128
0.7977592514224128
0.7977592514224128
0.7977592514224128
0.7977592514224128
0.7977592514224128
0.7977592514224128
0.7977592514224128
0.7977592514224128
0.7977592514224128
0.7977592514224128
0.7977332157314008
0.7977592514224128
0.7974515308279995
0.7977592514224128
0.7977592514224128
0.7977592514224128
0.7977592514224128
0.7977592514224128
0.7977264587011828
0.7977592514224128
0.7977592514224128
0.7977592514224128
0.7977592514224128
0.7977592514224128
0.7872989583513104
0.7974515308279995
0.7977592514224128
0.7872989583513104
