0.8130988674852366
0.8130988674852366
0.8313699205469739
0.8130988674852366
0.8130988674852366
0.8313699205469739
0.8313699205469739
0.8130988674852366
0.8130988674852366
0.6924908392377638
0.8313699205469739
0.8313699205469739
0.8313699205469739
0.8130988674852366
0.8313699205469739
0.8313699205469739
0.8130988674852366
0.8313699205469739
0.8313699205469739
0.8130988674852366
0.8313699205469739
0.8313699205469739
0.8313699205469739
0.8313699205469739
0.8313699205469739
0.8313699205469739
0.8130988674852366
0.8313699205469739
0.8130988674852366
0.8313699205469739
