0.477275406427829
0.5442328507281944
0.5442328507281944
0.477275406427829
0.477275406427829
0.477275406427829
0.5442328507281944
0.5442328507281944
0.5442328507281944
0.5442328507281944
0.4734553812959781
0.5442328507281944
0.5442328507281944
0.477275406427829
0.47423188623235785
0.5442328507281944
0.477275406427829
0.4734553812959781
0.5442328507281944
0.477275406427829
0.5442328507281944
0.5442328507281944
0.477275406427829
0.4734553812959781
0.5442328507281944
0.5442328507281944
0.4734553812959781
0.5442328507281944
0.5442328507281944
0.477275406427829
