0.39070621040489145
0.3873993678126209
0.3873993678126209
0.37922436738731785
0.38933186647233337
0.39077788065522906
0.37922436738731785
0.3808203385246646
0.3873993678126209
0.39003406596875867
0.3873993678126209
0.38255403321491394
0.38360355758005776
0.39070621040489145
0.38842859321539147
0.3873993678126209
0.3893443684677567
0.38842859321539147
0.3814397996996483
0.3887130311476313
0.39039962142944845
0.3830362096704588
0.38933186647233337
0.39070621040489145
0.37922436738731785
0.39017985529955584
0.39003406596875867
0.3873993678126209
0.38823163341470407
0.38067098993032145
