0.7984240757196602
0.7841653480311561
0.7815310677688914
0.7772873699995148
0.801755490115515
0.8234698185829371
0.8019450039066937
0.8125203597601408
0.7906879567744959
0.7836547810985186
0.7799338216795454
0.7798932894701167
0.7812267996520751
0.7934875099523467
0.8053866188629342
0.7974461504411365
0.7893056220149773
0.8058309177502847
0.7901280848897403
0.7918734467137082
0.8038916280748163
0.8009211232623581
0.7926903699603477
0.8073235065571824
0.810089282600731
0.804128642087174
0.7928596637899642
0.7871004188081934
0.8133930126296561
0.7767847312934996
