0.7735709750148322
0.7735709750148322
0.7735709750148322
0.7735709750148322
0.7735709750148322
0.7735709750148322
0.7735709750148322
0.7735709750148322
0.7673042142618834
0.7735709750148322
0.7726394798221016
0.7735709750148322
0.7735709750148322
0.7735709750148322
0.7735709750148322
0.7735709750148322
0.7732757866732952
0.7735709750148322
0.7707510875864154
0.7735709750148322
0.7735709750148322
0.7735709750148322
0.7735709750148322
0.7735709750148322
0.7735709750148322
0.7726394798221016
0.7735709750148322
0.7735709750148322
0.7735709750148322
0.7735709750148322
