0.4468641557874822
0.4242077830117209
0.417780960019174
0.4157465589445424
0.44989610701618366
0.4438678849917437
0.45425369677916017
0.4513534712068509
0.4623518325612669
0.407569746566416
0.40610555267711146
0.4504323955314028
0.5002345573881041
0.42580261707614775
0.433337160110153
0.45404766741309366
0.4403233025577592
0.43142507064349367
0.47516804886776864
0.4252441641521243
0.4500556245044125
0.44150438110143186
0.4668102285415596
0.4276754048804454
0.43194556221490576
0.4236779000619104
0.4231453350268277
0.4500556245044125
0.44191503325703885
0.43413899697459657
