0.8340762243496732
0.8342663513387264
0.837675783755416
0.8344679226791404
0.8294179964626939
0.8312829407526685
0.8328601574745075
0.8356900160565512
0.8310319582837894
0.8316316164440111
0.8330318789658194
0.835277034327875
0.8341461112192888
0.8273276157708566
0.8322065615287397
0.8328960321293326
0.8320879581876828
0.8298006672226443
0.8291761315295356
0.8335845197690279
0.8296203978118354
0.8323192890630302
0.8286504633329
0.8333722317796027
0.8320505322531511
0.830095668358894
0.8327782660869505
0.8320343172698269
0.8323182302232418
0.8320713345963366
