0.5035847346931025
0.5033616119341585
0.5038711664935321
0.47891587000805924
0.5038711664935321
0.5037109128985607
0.47891587000805924
0.5032985040769014
0.47891587000805924
0.47891587000805924
0.5030124747003071
0.47891587000805924
0.5031723340331579
0.5038711664935321
0.5038711664935321
0.5038711664935321
0.5038711664935321
0.5030124747003071
0.5038711664935321
0.47891587000805924
0.5038711664935321
0.47891587000805924
0.47891587000805924
0.5021884239809292
0.47891587000805924
0.5031723340331579
0.502600371021116
0.47891587000805924
0.5028231633533748
0.47891587000805924
