0.8462824464961851
0.8438784571297546
0.8454361653885645
0.8451129947882541
0.8419140151396206
0.8435773413564827
0.8455087527497982
0.8414348498582109
0.8460130711040053
0.8047612790792924
0.8475190327544319
0.8401952595464465
0.8469413605234556
0.8438080998775046
0.8399588915448537
0.8446328781075833
0.8392353385974036
0.8401485630523295
0.8445308152565407
0.8416180097362174
0.8475190327544319
0.8475190327544319
0.8455274758177176
0.8475190327544319
0.8438079082118393
0.8475190327544319
0.7906900381588522
0.8475190327544319
0.8393381475081048
0.8409567395317817
