0.7276348306401875
0.7048954559932343
0.7276015882280861
0.7276348306401875
0.7307036866199141
0.7287527501063243
0.7264836687619493
0.7264836687619493
0.6938222321331902
0.7264836687619493
0.7276348306401875
0.7264836687619493
0.7184793008816317
0.7018266000135077
0.7275933807464624
0.7276348306401875
0.7264836687619493
0.7264836687619493
0.7276348306401875
0.7264836687619493
0.7264836687619493
0.7276015882280861
0.7000286445714466
0.7000286445714466
0.7276015882280861
0.7276015882280861
0.7276015882280861
0.7276015882280861
0.7264836687619493
0.7276015882280861
