0.825333001205178
0.825333001205178
0.825333001205178
0.825333001205178
0.825333001205178
0.8253351582803076
0.825333001205178
0.825333001205178
0.825333001205178
0.825333001205178
0.825333001205178
0.825333001205178
0.825333001205178
0.825333001205178
0.825333001205178
0.825333001205178
0.8048233917653695
0.825333001205178
0.825333001205178
0.825333001205178
0.825333001205178
0.825333001205178
0.825333001205178
0.825333001205178
0.825333001205178
0.825333001205178
0.825333001205178
0.825333001205178
0.825333001205178
0.825333001205178
