0.7646682249951489
0.7646682249951489
0.7644252439707553
0.765566361139923
0.7635901108109466
0.7658046304254242
0.7646682249951489
0.7782342731752978
0.7646974145848605
0.7197650324998854
0.7646559727182595
0.7644246101226513
0.7658046304254242
0.7657980870689471
0.7658046304254242
0.7638723686441466
0.7647437017182003
0.7658046304254242
0.7658046304254242
0.765523268508188
0.7644246101226513
0.7657668833806855
0.76582591950788
0.7644246101226513
0.7658642800545047
0.7655641797445668
0.7573827857707021
0.7655610155529267
0.7764187830800393
0.7644328731943678
