0.7735709750148322
0.7735709750148322
0.7735709750148322
0.7735709750148322
0.7735709750148322
0.7735709750148322
0.7735709750148322
0.7735709750148322
0.7735709750148322
0.7735709750148322
0.7735709750148322
0.7735709750148322
0.7735709750148322
0.7735709750148322
0.7708344050567525
0.7735709750148322
0.7735709750148322
0.7735709750148322
0.7735709750148322
0.7726394798221016
0.7735709750148322
0.7735709750148322
0.7735709750148322
0.7735709750148322
0.7735709750148322
0.7735709750148322
0.7735709750148322
0.7735709750148322
0.7735709750148322
0.7735709750148322
