0.6883566197196102
0.62382943826484
0.6152157615685874
0.6827040358933801
0.6390697452409041
0.62382943826484
0.6829911964117168
0.6186999800893175
0.6011830439577146
0.683246603548018
0.6197323559592864
0.6827530075880228
0.6854406830974976
0.6146141508278256
0.6834449886918896
0.6202774134905693
0.6000171369192626
0.6156702610067722
0.6832144018026799
0.6186999800893175
0.6158378366039686
0.6838949691960622
0.625174236779899
0.6189106549128519
0.6838862126202871
0.6186999800893175
0.6857798757366576
0.6879499908057471
0.6852419175419356
0.6938760315958802
