0.8223396215434461
0.8223396215434461
0.8223396215434461
0.8223396215434461
0.8223396215434461
0.8223396215434461
0.8223396215434461
0.8223396215434461
0.8223396215434461
0.8223396215434461
0.8223396215434461
0.8223396215434461
0.8223396215434461
0.8223396215434461
0.8223396215434461
0.8223396215434461
0.8223396215434461
0.8223396215434461
0.8223396215434461
0.8223396215434461
0.8223396215434461
0.8223396215434461
0.8223396215434461
0.8223396215434461
0.8223396215434461
0.8223396215434461
0.8223396215434461
0.8223396215434461
0.8223396215434461
0.8223396215434461
