0.58263668284518
0.58263668284518
0.5852282046063133
0.6671399776453768
0.5852282046063133
0.5852282046063133
0.5852282046063133
0.6671399776453768
0.58263668284518
0.58263668284518
0.5852282046063133
0.5852282046063133
0.58263668284518
0.5852282046063133
0.5852282046063133
0.5852282046063133
0.5852282046063133
0.5852282046063133
0.5852282046063133
0.5852282046063133
0.5852282046063133
0.58263668284518
0.5852282046063133
0.5852282046063133
0.5852282046063133
0.58263668284518
0.6671399776453768
0.58263668284518
0.58263668284518
0.5852282046063133
