0.8133788663678915
0.8055157919578281
0.8178239959980204
0.8084872800520253
0.8084872800520253
0.8099720131316426
0.8107728884911412
0.817835087541706
0.8160145720173897
0.762005333167224
0.8160628848453153
0.804730329605394
0.8163392629184031
0.8160628848453153
0.8160628848453153
0.804730329605394
0.8135215840597423
0.8135215840597423
0.8214226361127086
0.8223396215434461
0.8160628848453153
0.8135698968876679
0.8160628848453153
0.8084872800520253
0.8095437346106436
0.7762474947721815
0.8175113055878355
0.7762474947721815
0.817835087541706
0.8178834003696316
