0.7996060862582519
0.7996060862582519
0.7996060862582519
0.7996060862582519
0.7996060862582519
0.7996060862582519
0.7996060862582519
0.7996060862582519
0.7996060862582519
0.7996060862582519
0.7996060862582519
0.7996060862582519
0.7996060862582519
0.7996060862582519
0.7996060862582519
0.7996060862582519
0.7996060862582519
0.7996060862582519
0.7996060862582519
0.7996060862582519
0.7996060862582519
0.7996060862582519
0.7996060862582519
0.7996060862582519
0.7996060862582519
0.7996060862582519
0.7996060862582519
0.7996100234166537
0.7996060862582519
0.7996060862582519
