0.8156054477834219
0.8805881330419835
0.7268280023067274
0.8155816857306472
0.8155816857306472
0.8155816857306472
0.8155816857306472
0.8155816857306472
0.7849258628966929
0.8155816857306472
0.7891786877107457
0.7849258628966929
0.7849258628966929
0.7263089843100372
0.8155816857306472
0.8155816857306472
0.8155816857306472
0.8155816857306472
0.8155816857306472
0.8156054477834219
0.8155816857306472
0.8481893840731066
0.8155816857306472
0.8155816857306472
0.8155816857306472
0.7849258628966929
0.8155816857306472
0.8156054477834219
0.8155816857306472
0.8155816857306472
