0.9994062232926022
0.9994062232926022
0.9994062232926022
0.9183475902689805
0.9994062232926022
0.9994062232926022
0.8950857753194825
0.9994062232926022
0.9994062232926022
0.9994062232926022
0.9994062232926022
0.9994062232926022
0.9994062232926022
0.2926574815729721
0.9994062232926022
0.9994062232926022
0.9994062232926022
0.7996861124458433
0.9994062232926022
0.7996861124458433
0.7996861124458433
0.9994062232926022
0.9183475902689805
0.7996861124458433
0.9994062232926022
0.7996861124458433
0.9994062232926022
0.9994062232926022
0.9994062232926022
0.9994062232926022
