0.3510814143979973
0.3499124362813429
0.3511685204927165
0.3510814143979973
0.3539070306096472
0.3510814143979973
0.34939685966981443
0.3510814143979973
0.34481090864326
0.3614952609485151
0.34481090864326
0.3518531499821023
0.34481090864326
0.3495437417484536
0.3510814143979973
0.3510814143979973
0.3510814143979973
0.3510814143979973
0.37496869072993083
0.3511685204927165
0.3554822832455123
0.37496869072993083
0.34481090864326
0.3510814143979973
0.34481090864326
0.3548567127228681
0.37496869072993083
0.3499124362813429
0.3488158725333682
0.3511685204927165
