0.8296763083467457
0.8234477953458589
0.8266285226287311
0.8284840014041112
0.8287083185929832
0.8314375324096756
0.8264499227716641
0.8285776252460881
0.8283954170610164
0.8315970630167294
0.8283284028277931
0.8233009857800812
0.8288017312594184
0.8288117058862395
0.828350553487626
0.8237146124572625
0.8252691373104768
0.8303525911896567
0.8321317358614982
0.8323968863152165
0.8283274191604574
0.8309988782204502
0.8279787602067304
0.8236116993837619
0.8275800777725364
0.8283534099950941
0.8254280936203684
0.8302967522940091
0.8296291902584422
0.8340054235061017
