0.9464490568348196
0.9464490568348196
0.9464490568348196
0.9464490568348196
0.9464490568348196
0.9464490568348196
0.9464490568348196
0.9464490568348196
0.9464490568348196
0.9464490568348196
0.9201353639476055
0.9464490568348196
0.9464490568348196
0.9464490568348196
0.9464490568348196
0.9464490568348196
0.9464490568348196
0.9464490568348196
0.9464490568348196
0.9548046511964465
0.9464490568348196
0.9464490568348196
0.9464490568348196
0.9464490568348196
0.9464490568348196
0.9464490568348196
0.9464490568348196
0.9464490568348196
0.9464490568348196
0.9464490568348196
