0.9126444705823956
0.9126444705823956
0.9126444705823956
0.9126444705823956
0.9126444705823956
0.9126415309298825
0.9126415309298825
0.9126415309298825
0.9126415309298825
0.9124613361383099
0.9126461613229319
0.9126415309298825
0.9126415309298825
0.9126415309298825
0.9126415309298825
0.9126444705823956
0.9117422164425124
0.9126444705823956
0.9118801821958484
0.9126444705823956
0.9126444705823956
0.9126444705823956
0.9126444705823956
0.9126444705823956
0.9126415309298825
0.9126415309298825
0.9119800079724956
0.9126415309298825
0.9126415309298825
0.9126415309298825
