2.272727272727272790e-02
2.272727272727272790e-02
4.444444444444444614e-02
0.000000000000000000e+00
0.000000000000000000e+00
0.000000000000000000e+00
0.000000000000000000e+00
2.272727272727272790e-02
2.631578947368420907e-02
2.272727272727272790e-02
2.857142857142857054e-02
2.272727272727272790e-02
2.272727272727272790e-02
2.272727272727272790e-02
2.272727272727272790e-02
2.272727272727272790e-02
2.272727272727272790e-02
0.000000000000000000e+00
0.000000000000000000e+00
3.571428571428571230e-02
0.000000000000000000e+00
0.000000000000000000e+00
0.000000000000000000e+00
2.272727272727272790e-02
2.272727272727272790e-02
0.000000000000000000e+00
0.000000000000000000e+00
0.000000000000000000e+00
0.000000000000000000e+00
0.000000000000000000e+00
