0.9534994217678184
0.9534994217678184
0.9534994217678184
0.9534994217678184
0.9464490568348196
0.9534994217678184
0.9534994217678184
0.9554602228048049
0.9534994217678184
0.9534994217678184
0.9534994217678184
0.9534994217678184
0.953538050797821
0.9542015046038828
0.9534994217678184
0.9534994217678184
0.9534994217678184
0.9534994217678184
0.9534994217678184
0.9534994217678184
0.9541622732272244
0.9534994217678184
0.9535579516922799
0.9515679521686587
0.9534994217678184
0.9464490568348196
0.9534994217678184
0.9534994217678184
0.9534994217678184
0.9534994217678184
