0.929132285789093
0.929132285789093
0.9303411743545585
0.9227661006185044
0.9219891364180476
0.9291348559122724
0.922765734625978
0.9480035062178811
0.9291323273274334
0.929132340062649
0.929132285789093
0.9227636031301069
0.929135416159107
0.929132285789093
0.9227636031301069
0.9227637522043012
0.9227636031301069
0.921979520602975
0.9480035062178811
0.9141310618785816
0.9291329535909535
0.9303361603356333
0.9227636031301069
0.9227636031301069
0.9219796335312932
0.9227636031301069
0.929132285789093
0.9291325560267361
0.9227648772201343
0.9227735681179571
