0.000000000000000000e+00
0.000000000000000000e+00
0.000000000000000000e+00
0.000000000000000000e+00
1.754385964912280604e-02
0.000000000000000000e+00
0.000000000000000000e+00
5.172413793103448204e-02
0.000000000000000000e+00
0.000000000000000000e+00
0.000000000000000000e+00
0.000000000000000000e+00
6.557377049180328210e-02
3.448275862068965469e-02
0.000000000000000000e+00
0.000000000000000000e+00
0.000000000000000000e+00
3.508771929824561209e-02
0.000000000000000000e+00
0.000000000000000000e+00
1.724137931034482735e-02
3.448275862068965469e-02
1.111111111111111049e-01
5.172413793103448204e-02
5.172413793103448204e-02
3.508771929824561209e-02
9.677419354838709409e-02
0.000000000000000000e+00
1.724137931034482735e-02
1.724137931034482735e-02
