0.845040650009585
0.7363504049910163
0.7892703250243072
0.7949774682086564
0.795087250297498
0.7762452510926839
0.7914750678157051
0.7909593112623933
0.8371351902430719
0.8157103183481059
0.7904225996166375
0.7943829269411171
0.7006588033021207
0.838774174037691
0.8187796715305821
0.8427998437307791
0.8003668080887099
0.8381642893310636
0.7951388822217644
0.7924168188080121
0.8163805542674755
0.7221680038203832
0.8444151943983081
0.8332616648505552
0.7944211489009673
0.7956664678662277
0.7900881812918745
0.795093229386678
0.8354754584775803
0.7909817411775649
