0.7380762938964015
0.7380018916708969
0.7380705736940816
0.7380018916708969
0.7380018916708969
0.7380018916708969
0.7380768325531774
0.7380768325531774
0.7380762938964015
0.7380760152203036
0.7380018916708969
0.7380018916708969
0.7380760152203036
0.7380018916708969
0.7380768325531774
0.7380018916708969
0.7380760152203036
0.7380768325531774
0.7380760152203036
0.7380018916708969
0.7380018916708969
0.7380710819584578
0.7380018916708969
0.7380018916708969
0.7380018916708969
0.7380018916708969
0.7380018916708969
0.7380705736940816
0.7380768325531774
0.7368127850915643
