0.6909761114440645
0.6944400582347627
0.7022887073350101
0.6904668609717717
0.6858188456991995
0.689578888370153
0.6897023974765915
0.6855835782346915
0.6894865982603708
0.6896222522928342
0.6972347359997337
0.6905056440767674
0.6937332972779321
0.6903878519525743
0.6928880046577807
0.6927491390292443
0.6872329750906494
0.6902799595379534
0.6949930962498253
0.691298786880657
0.6960407727799928
0.6914728227779716
0.6951374832455556
0.6892719827192709
0.6902195289959988
0.698898238580677
0.676521305286311
0.6938615389788181
0.6840339938287857
0.6887978461774973
