0.8119773577532201
0.840242791029176
0.8448672889270191
0.8384601170594543
0.8470750162535925
0.8460442445393153
0.8433759055193941
0.8424388837530401
0.8433759055193941
0.7901592330476279
0.8503299888153901
0.8457078168993681
0.8434675656768075
0.8410501961679622
0.8434675656768075
0.8122604931854699
0.8433759055193941
0.8494340031575518
0.8492833850846633
0.8301732539777397
0.846618256022588
0.849323232082056
0.8509976370381145
0.8493542888978749
0.843376550803565
0.8533278184968187
0.7922211022657593
0.8494340031575518
0.8434675656768075
0.8426882840098017
