0.8025722892676569
0.8017225455387699
0.8026012317992565
0.8025067286673444
0.8025592931853158
0.8025722892676569
0.8032518347643495
0.8025592931853158
0.8038098952814136
0.8018640065450995
0.8017225455387699
0.802294043600154
0.8031894322293051
0.8018579987232027
0.8017225455387699
0.8025760725282626
0.8025592931853158
0.8025841802492454
0.8020995862272655
0.8017225455387699
0.8034878227446823
0.8023606279095785
0.8023474847226174
0.8028032869183616
0.8030828250675639
0.8015152288604861
0.8017225455387699
0.8030673533177461
0.8023895586979685
0.8022648101171537
