0.8136926904336661
0.8136926904336661
0.8136926904336661
0.8136926904336661
0.8136926904336661
0.8136926904336661
0.8136926904336661
0.8136926904336661
0.8136926904336661
0.8136926904336661
0.8136926904336661
0.8136926904336661
0.8136926904336661
0.8136926904336661
0.8136926904336661
0.8136926904336661
0.8136926904336661
0.8136926904336661
0.8136926904336661
0.8136926904336661
0.8136926904336661
0.8136926904336661
0.8136926904336661
0.8136926904336661
0.8136926904336661
0.8136926904336661
0.8136926904336661
0.8136926904336661
0.8136926904336661
0.8136926904336661
