0.7996060862582519
0.7996060862582519
0.7996060862582519
0.7996060862582519
0.7996060862582519
0.7996060862582519
0.7996060862582519
0.7996060862582519
0.7996060862582519
0.7996060862582519
0.7996060862582519
0.7996060862582519
0.7996060862582519
0.7996060862582519
0.7996060862582519
0.7996060862582519
0.7996060862582519
0.7996060862582519
0.7996060862582519
0.7996060862582519
0.7996060862582519
0.7996060862582519
0.7981413639685233
0.7996060862582519
0.7996060862582519
0.7996060862582519
0.7996060862582519
0.7996060862582519
0.7996060862582519
0.7992750285874278
