0.8155816857306472
0.8155816857306472
0.8155816857306472
0.8155816857306472
0.8155816857306472
0.8155816857306472
0.8155816857306472
0.8155816857306472
0.8155816857306472
0.8155816857306472
0.8155816857306472
0.8155816857306472
0.8155816857306472
0.8155816857306472
0.8155816857306472
0.8155816857306472
0.8155816857306472
0.8155816857306472
0.8155816857306472
0.8155816857306472
0.8155816857306472
0.8155816857306472
0.8155816857306472
0.8155816857306472
0.8155816857306472
0.8155816857306472
0.8155816857306472
0.8155816857306472
0.8155816857306472
0.8155816857306472
