0.803381115689296
0.803381115689296
0.803381115689296
0.803381115689296
0.8033817487978031
0.803381115689296
0.803381115689296
0.803381115689296
0.803381115689296
0.803381115689296
0.803381115689296
0.803381115689296
0.803381115689296
0.803381115689296
0.803381115689296
0.8032690971298754
0.8033818616808887
0.803381115689296
0.8033821354577324
0.803381115689296
0.803381115689296
0.803381115689296
0.803381115689296
0.803381115689296
0.803381115689296
0.803381115689296
0.803381115689296
0.803381115689296
0.803381115689296
0.803381115689296
