0.24775723107636297
0.24846784496848462
0.24489813268991292
0.25934736173283457
0.24775723107636297
0.24846784496848462
0.24846784496848462
0.25136386308734393
0.25136386308734393
0.25136386308734393
0.24846784496848462
0.25434135747611203
0.25934736173283457
0.25934736173283457
0.25136386308734393
0.25934736173283457
0.25136386308734393
0.25136386308734393
0.24775723107636297
0.24585504115147042
0.24489813268991292
0.24846784496848462
0.24846784496848462
0.24846784496848462
0.25136386308734393
0.25136386308734393
0.2627261468189234
0.24489813268991292
0.25136386308734393
0.24846784496848462
