0.7848355041104114
0.8004905946227314
0.8200728156574612
0.8001188874838434
0.8015513063403452
0.8015513063403452
0.8256480411335673
0.7837735658628806
0.8014708681484964
0.8004905946227314
0.7837735658628806
0.8197582152862097
0.7848355041104114
0.8004905946227314
0.8004905946227314
0.8015513063403452
0.789137520185828
0.8387758885251758
0.8004905946227314
0.790192105982605
0.8197582152862097
0.8014708681484964
0.8197582152862097
0.8015513063403452
0.8015513063403452
0.8277830536638732
0.7365359138283992
0.7837735658628806
0.8004905946227314
0.8004905946227314
