0.4749605693494195
0.477275406427829
0.477275406427829
0.477275406427829
0.477275406427829
0.477275406427829
0.4749605693494195
0.477275406427829
0.477275406427829
0.477275406427829
0.477275406427829
0.477275406427829
0.5099631980594582
0.5099631980594582
0.477275406427829
0.477275406427829
0.477275406427829
0.4749605693494195
0.477275406427829
0.5099631980594582
0.477275406427829
0.477275406427829
0.4749605693494195
0.4749605693494195
0.477275406427829
0.4749605693494195
0.4749605693494195
0.477275406427829
0.477275406427829
0.4749605693494195
