0.3883892011689595
0.39003406596875867
0.390139309102345
0.3883892011689595
0.3785176168454964
0.3776074171753704
0.3640312715331208
0.39003406596875867
0.39003406596875867
0.3883892011689595
0.39003406596875867
0.36567613633292
0.39003406596875867
0.39003406596875867
0.3883892011689595
0.39003406596875867
0.39003406596875867
0.39003406596875867
0.39003406596875867
0.3785176168454964
0.37948979257965987
0.39003406596875867
0.39003406596875867
0.39003406596875867
0.3883892011689595
0.39003406596875867
0.39111127374138044
0.39003406596875867
0.39003406596875867
0.3883892011689595
