0.798723568752827
0.806665232319639
0.7932279675260384
0.7917552899499466
0.7986572452901858
0.8051741450992969
0.8001323952693132
0.821506365754587
0.8073888595490063
0.8072227852846385
0.8240425466137545
0.7959196581149236
0.7894657282990408
0.8282972938447417
0.8089677907203497
0.8052283790491804
0.8044315809900561
0.8102098051116116
0.8043201460161401
0.8013722867818351
0.7871810386634303
0.7981523504595851
0.79407818931181
0.7987515414390954
0.8092900377585489
0.8104331400778898
0.8158046669447993
0.8154559887115693
0.799593858706813
0.8040792107834064
