0.799853098515584
0.7944964209624289
0.793689787788916
0.7975552956282522
0.7850693934211648
0.7915649654058338
0.7974235415087153
0.796307662306888
0.7913393176176178
0.7940396675970938
0.7903268477830488
0.7935541371287306
0.7914034453703392
0.8002233724279395
0.7796698477990491
0.7991408633857575
0.7911033456551908
0.7965917175426666
0.7904545015862701
0.7932246536283855
0.8007225493868132
0.7942463442975278
0.7965981847265085
0.7902172599078778
0.7974461132874522
0.7768626914759365
0.7935078742171979
0.796131145553978
0.7992670123056468
0.7996533697455639
