0.803381115689296
0.803381115689296
0.803381115689296
0.6227800424884495
0.803381115689296
0.803381115689296
0.803381115689296
0.803381115689296
0.803381115689296
0.803381115689296
0.803381115689296
0.803381115689296
0.803381115689296
0.803381115689296
0.803381115689296
0.803381115689296
0.803381115689296
0.803381115689296
0.7932081080400294
0.803381115689296
0.8033828540543418
0.803381115689296
0.803381115689296
0.803381115689296
0.6213671834623108
0.803381115689296
0.803381115689296
0.803381115689296
0.6222041128589458
0.6668947470283707
