0.000000000000000000e+00
5.263157894736841813e-02
0.000000000000000000e+00
0.000000000000000000e+00
0.000000000000000000e+00
5.000000000000000278e-02
5.000000000000000278e-02
0.000000000000000000e+00
0.000000000000000000e+00
0.000000000000000000e+00
0.000000000000000000e+00
0.000000000000000000e+00
1.000000000000000056e-01
1.428571428571428492e-01
0.000000000000000000e+00
0.000000000000000000e+00
0.000000000000000000e+00
0.000000000000000000e+00
0.000000000000000000e+00
0.000000000000000000e+00
0.000000000000000000e+00
0.000000000000000000e+00
4.444444444444444198e-01
7.142857142857143016e-01
1.000000000000000056e-01
0.000000000000000000e+00
0.000000000000000000e+00
5.263157894736841813e-02
0.000000000000000000e+00
0.000000000000000000e+00
