0.6908586666246912
0.7373535000140398
0.7373535000140398
0.7273408144676987
0.7373535000140398
0.6908586666246912
0.7273408144676987
0.7131537289031059
0.6908586666246912
0.7131537289031059
0.7373535000140398
0.7273408144676987
0.7373535000140398
0.7273408144676987
0.7131537289031059
0.7131537289031059
0.7273408144676987
0.7373535000140398
0.6908586666246912
0.7273408144676987
0.7273408144676987
0.7131537289031059
0.7273408144676987
0.7273408144676987
0.7373535000140398
0.7273408144676987
0.7373535000140398
0.7373535000140398
0.6908586666246912
0.7373535000140398
