0.4557527385400853
0.5960831012080348
0.49972351557589356
0.5345438073258095
0.46407673620533885
0.5345438073258095
0.5960831012080348
0.4224333046583376
0.41087366166587996
0.46919948424942015
0.4224333046583376
0.5081683963119915
0.4224333046583376
0.4557527385400853
0.5345438073258095
0.47213621728551913
0.41087366166587996
0.47213621728551913
0.48584406241821615
0.5345438073258095
0.5462129569043901
0.4855673241556301
0.47213621728551913
0.5081683963119915
0.5960831012080348
0.41087366166587996
0.4576398412569625
0.4576398412569625
0.4855673241556301
0.5345438073258095
