0.7977332157314008
0.7977332157314008
0.7977332157314008
0.7267645017729571
0.7807603251306061
0.7977332157314008
0.7977332157314008
0.7977332157314008
0.7977332157314008
0.7977332157314008
0.7977332157314008
0.6879504033350956
0.7977332157314008
0.7977332157314008
0.7977332157314008
0.7977332157314008
0.7977332157314008
0.6879504033350956
0.6257100599504211
0.7977332157314008
0.7977332157314008
0.7977332157314008
0.7977332157314008
0.7977332157314008
0.7977332157314008
0.7974254951369875
0.7977332157314008
0.7977332157314008
0.7941346265099809
0.7977004230101707
