0.5038711664935321
0.5038711664935321
0.5032354114410108
0.5038711664935321
0.5024741563823659
0.5035847346931025
0.5035847346931025
0.5038711664935321
0.5038711664935321
0.3851291589763561
0.47891587000805924
0.5038711664935321
0.3837836702261537
0.5038711664935321
0.5038711664935321
0.5038711664935321
0.5035847346931025
0.5038711664935321
0.5038711664935321
0.44963299692853065
0.5042838723071402
0.5031723340331579
0.5038711664935321
0.503647816189733
0.5038711664935321
0.5024741563823659
0.5040603775871552
0.5031723340331579
0.5038711664935321
0.44963299692853065
