0.8534031268409724
0.8534031268409724
6.050902047735393E-4
0.7955408801420245
0.705650131365997
0.8492431902982612
0.6100708480751597
0.8513373248515648
0.8021661543914792
0.23078541595978383
0.8503329857963919
0.705650131365997
0.8542943349965509
0.8540191874489124
0.42541054611896756
0.8013950749416222
0.8021661543914792
0.0
0.7934887540027297
0.6084037135816004
0.8534031268409724
0.8021661543914792
0.6084997544953493
0.8532377234146679
0.8534031268409724
0.42453316363887317
0.41802673928775447
0.8012160641482822
0.8480637627120833
0.8534031268409724
