0.7996861124458433
0.7996861124458433
0.7996861124458433
0.7996861124458433
0.7996861124458433
0.7996861124458433
0.7996861124458433
0.7996861124458433
0.7996861124458433
0.7996861124458433
0.7996861124458433
0.7996861124458433
0.7996861124458433
0.7996861124458433
0.7996861124458433
0.7996861124458433
0.7996861124458433
0.7996861124458433
0.7996861124458433
0.7996861124458433
0.7996861124458433
0.7996861124458433
0.7996861124458433
0.7996861124458433
0.7996861124458433
0.7996861124458433
0.7996861124458433
0.7996861124458433
0.7996861124458433
0.7996861124458433
