0.5817324414496634
0.5817324414496634
0.5772841882105648
0.5817324414496634
0.5511415233875282
0.5624091201906892
0.5947864556891346
0.5817324414496634
0.5817324414496634
0.5817324414496634
0.5511173686234989
0.5817324414496634
0.5947864556891346
0.5511173686234989
0.5817324414496634
0.5511173686234989
0.5817324414496634
0.5817324414496634
0.5511173686234989
0.5930631127019692
0.5511173686234989
0.5826591348619061
0.5817324414496634
0.5817324414496634
0.5817324414496634
0.5817324414496634
0.5834553875623651
0.587561626674381
0.5604460255398724
0.5817324414496634
