0.9283236921965698
0.9283236921965698
0.9283236921965698
0.9283236921965698
0.9283236921965698
0.9283236921965698
0.9283236921965698
0.9283236921965698
0.9283236921965698
0.9283236921965698
0.9994062232926022
0.9283236921965698
0.9283236921965698
0.9283236921965698
0.9283236921965698
0.9283236921965698
0.9283236921965698
0.9283236921965698
0.9283236921965698
0.9183475902689805
0.9283236921965698
0.9283236921965698
0.9283236921965698
0.9283236921965698
0.9283236921965698
0.9283236921965698
0.9283236921965698
0.9283236921965698
0.9283236921965698
0.7996861124458433
