0.6983399173050487
0.6983399173050487
0.6983399173050487
0.6983399173050487
0.6983399173050487
0.6983399173050487
0.6983399173050487
0.6983399173050487
0.6983399173050487
0.6287127445303539
0.6983399173050487
0.6983399173050487
0.6983399173050487
0.6983399173050487
0.6983399173050487
0.6983399173050487
0.6983399173050487
0.6983399173050487
0.705200155967112
0.6983399173050487
0.6983399173050487
0.6983399173050487
0.6983399173050487
0.6983399173050487
0.5930201128376328
0.6983399173050487
0.6273077069040491
0.6983399173050487
0.6983399173050487
0.6983399173050487
