0.35362830833554915
0.35362830833554915
0.3462021481561034
0.35362830833554915
0.35362830833554915
0.35362830833554915
0.35362830833554915
0.35362830833554915
0.35362830833554915
0.35362830833554915
0.35362830833554915
0.35362830833554915
0.35362830833554915
0.35362830833554915
0.3462021481561034
0.35362830833554915
0.3463755499461043
0.3462021481561034
0.34852829361887727
0.3462021481561034
0.35362830833554915
0.35362830833554915
0.35362830833554915
0.35362830833554915
0.3463755499461043
0.35428407222480973
0.35362830833554915
0.35362830833554915
0.35362830833554915
0.35362830833554915
