0.34481090864326
0.3510814143979973
0.36371255131040964
0.3510814143979973
0.34481090864326
0.350737318576661
0.3510814143979973
0.35716169770999656
0.37267222544635237
0.3499124362813429
0.3510814143979973
0.3510814143979973
0.3488158725333682
0.3510814143979973
0.3510814143979973
0.3555983500350677
0.3510814143979973
0.34481090864326
0.3544844421821975
0.3499124362813429
0.34481090864326
0.3510814143979973
0.3510814143979973
0.34109823950845836
0.3510814143979973
0.3499124362813429
0.3510814143979973
0.3510814143979973
0.3499124362813429
0.3510814143979973
