0.6718251492406175
0.6768535701527666
0.6775474445716959
0.690831032240148
0.6811270219637483
0.6696139257410365
0.674519197954272
0.664062157736464
0.6751041485287013
0.6943201581693138
0.6782970004713467
0.6699289276729912
0.6689005241730913
0.6671981783005163
0.6728248924300565
0.6636156109004964
0.6681343654608575
0.6657088743125681
0.6801658673809626
0.6829831639153737
0.6627118804567924
0.667517682187188
0.6674936537990966
0.6720019256355264
0.6704080204107844
0.6633240542844534
0.6632403174298446
0.6667024866353097
0.6747673312673982
0.6613972797411902
