0.6374806081476925
0.6374806081476925
0.6374806081476925
0.6374806081476925
0.6374806081476925
0.6374806081476925
0.6374806081476925
0.6374806081476925
0.6374806081476925
0.6276694006825717
0.6374806081476925
0.6374806081476925
0.6374806081476925
0.6374806081476925
0.6374806081476925
0.6374806081476925
0.6374806081476925
0.6374806081476925
0.6374806081476925
0.6374806081476925
0.6374806081476925
0.6374806081476925
0.6354920007644271
0.6374806081476925
0.6374806081476925
0.6374806081476925
0.6374806081476925
0.6374806081476925
0.6374806081476925
0.6374806081476925
