0.7186895487085584
0.7259023601075899
0.8145546413331953
0.7651639031320584
0.7439356944777904
0.7712639338447749
0.7259137047546025
0.7827638616007853
0.7668342354147001
0.723483729541141
0.7008653363881425
0.7883261946594745
0.8413707413308253
0.7645797648622921
0.7131860160254014
0.8289041453345054
0.7248133480957554
0.7760631770612326
0.7248346159097115
0.7479393394708687
0.8344705343662282
0.7640144849044762
0.7418346674083715
0.7598202832786309
0.7806201026308843
0.7487012428220078
0.7259502059557283
0.7258403273074194
0.712873581086521
0.6968566407606909
