0.3510814143979973
0.35579985007108106
0.34481090864326
0.3499124362813429
0.3518531499821023
0.3499124362813429
0.35285528354320034
0.3488158725333682
0.37820557609344824
0.3499124362813429
0.3548567127228681
0.35249471072086924
0.3510814143979973
0.34481090864326
0.3499124362813429
0.3488158725333682
0.3510814143979973
0.3510814143979973
0.34481090864326
0.36109720489974506
0.3499124362813429
0.3510814143979973
0.3510814143979973
0.3510814143979973
0.3510814143979973
0.34481090864326
0.34481090864326
0.3510814143979973
0.35307242188737575
0.3518531499821023
