0.8453004693148407
0.8453004693148407
0.8453004693148407
0.8453004693148407
0.8453004693148407
0.8453004693148407
0.8453004693148407
0.8453004693148407
0.8453004693148407
0.8453004693148407
0.8453004693148407
0.8453004693148407
0.8453004693148407
0.8453004693148407
0.8453004693148407
0.8453004693148407
0.8453004693148407
0.8453004693148407
0.8453004693148407
0.8453004693148407
0.8453004693148407
0.8453004693148407
0.8453004693148407
0.8453004693148407
0.8453004693148407
0.8453004693148407
0.8453004693148407
0.8453004693148407
0.8453004693148407
0.8453004693148407
