0.3808603818933215
0.3808603818933215
0.3808603818933215
0.3808603818933215
0.3808603818933215
0.3808603818933215
0.3808603818933215
0.3808603818933215
0.5291673698204751
0.3808603818933215
0.5291673698204751
0.3808603818933215
0.3808603818933215
0.3808603818933215
0.3808603818933215
0.3808603818933215
0.3808603818933215
0.3808603818933215
0.3808603818933215
0.5291673698204751
0.3808603818933215
0.3808603818933215
0.3808603818933215
0.3808603818933215
0.3808603818933215
0.38023325778461853
0.3808603818933215
0.3808603818933215
0.3808603818933215
0.3808603818933215
