0.7854640256678044
0.7956591035765106
0.7854640256678044
0.7854640256678044
0.7854640256678044
0.7854640256678044
0.7854640256678044
0.7854640256678044
0.7730805425993017
0.7870919243424407
0.7854640256678044
0.7854640256678044
0.7854640256678044
0.7870919243424407
0.7854640256678044
0.7870919243424407
0.7870919243424407
0.7744814091998894
0.7854640256678044
0.7870919243424407
0.7870919243424407
0.7854640256678044
0.7854640256678044
0.7854640256678044
0.7870919243424407
0.7854640256678044
0.7854640256678044
0.7854640256678044
0.7870919243424407
0.7870919243424407
