0.5017766335921331
0.5035216684153384
0.5038711664935321
0.5035216684153384
0.5038711664935321
0.5031723340331579
0.5039342216506071
0.5031723340331579
0.5025372560785606
0.5038711664935321
0.5038711664935321
0.5039342216506071
0.5031723340331579
0.5035216684153384
0.502600371021116
0.5035216684153384
0.5031723340331579
0.5031723340331579
0.5038711664935321
0.5031723340331579
0.5024741563823659
0.5038711664935321
0.5035847346931025
0.5021253131264987
0.47891587000805924
0.5038711664935321
0.5039342216506071
0.5031723340331579
0.5031723340331579
0.5021253131264987
