0.8463414315847739
0.8487791228678937
0.8491109854517958
0.8478451212584707
0.8424013131006696
0.8491772371694042
0.850217644981775
0.8491226824602385
0.8491254540570773
0.8469577582408047
0.8484015453448296
0.8489801873157172
0.8475190327544319
0.849101096098535
0.8504327730275671
0.8491118433883007
0.84839071308204
0.8476402046057875
0.8484057647792365
0.8502388671694154
0.8489337966733457
0.8471289106407252
0.8485595525857743
0.8491114336164872
0.8491107315321658
0.8484125218018617
0.8490887715243933
0.8482604210907542
0.8491965035097783
0.8505449773928222
