0.6086396414897005
0.764629402745728
0.7676492710039594
0.8358845981641593
0.7355369806704094
0.7447578504492751
0.7495677924050934
0.7354910178021814
0.8524069822993932
0.8300276187078285
0.6086396414897005
0.8104893937678997
0.7325123250803898
0.6086396414897005
0.8080743786364507
0.636134494737544
0.6313801857097326
0.7924790788647951
0.7823881366161068
0.47127376330866183
0.6644712495174556
0.7148236609455138
0.4671894718955389
0.6461998296956313
0.7461684557494401
0.7844837347026148
0.7961042376049651
0.4625002424326099
0.6234292193231501
0.5677738206649426
