0.2852777178516347
0.3834895585817091
0.4799340716805442
0.2493467912424445
0.2626639201138014
0.26629415649817295
0.32255932932368725
0.2694787848517073
0.14948173268429918
0.22685236056079885
0.009240427371711962
0.3578977356712491
0.0
0.24819336172158163
0.3736423381319292
0.24094968712424242
0.2281957697592787
0.009240427371711962
0.43414832688185245
0.42291050180337797
0.2650710856149796
0.36773535825609976
0.47055205849004156
0.46316779314226064
0.470589398539329
0.2626639201138014
0.39933315778942763
0.08923252980263618
0.22687475534450469
0.37376359254487473
