0.5936750471691049
0.5936750471691049
0.5936750471691049
0.5936750471691049
0.5936750471691049
0.5936750471691049
0.5936750471691049
0.5936750471691049
0.5936750471691049
0.5936750471691049
0.5936750471691049
0.5936750471691049
0.5936750471691049
0.5936750471691049
0.5936750471691049
0.5936750471691049
0.5936750471691049
0.5936750471691049
0.41048375352239175
0.5139091554314199
0.5936750471691049
0.5936750471691049
0.5683681458903658
0.5936750471691049
0.5936750471691049
0.5936750471691049
0.5936750471691049
0.5936750471691049
0.5936750471691049
0.5936750471691049
