0.5119945905453402
0.7829348252536987
0.5906644071412456
0.5906644071412456
0.8273823572297593
0.823135260569846
0.8273823572297593
0.8278169768306752
0.8278169768306752
0.5906644071412456
0.8273823572297593
0.6825166354033853
0.8270098658306814
0.8270098658306814
0.8273823572297593
0.6438572088751745
0.7951939960780009
0.8273823572297593
0.8273823572297593
0.826421027998511
0.8273823572297593
0.5906644071412456
0.8273823572297593
0.7143390753138713
0.8270098658306814
0.0
0.3017858156714237
0.7627354270847201
0.8020432989423157
0.43782904361066444
