0.9523294460879549
0.9516903061689882
0.9505179282852689
0.9530547143463406
0.9529291750657878
0.9535838985420424
0.9525790886073335
0.9524542016139947
0.9540017251874594
0.9526190173439195
0.9497117092193366
0.9544146858599306
0.9539953124926346
0.9543833443850399
0.9537962135948331
0.9513906540955859
0.9535007804445992
0.9502177886633586
0.9530307930109814
0.9530464006736039
0.9513011596778775
0.9523422621546671
0.95199066417918
0.953755489965677
0.9531674061191338
0.9518883259664884
0.953830821540685
0.9513602662612269
0.9520284065847383
0.9526710955149083
