0.801905052251337
0.801905052251337
0.801905052251337
0.801905052251337
0.801905052251337
0.801905052251337
0.801905052251337
0.801905052251337
0.801905052251337
0.801905052251337
0.801905052251337
0.801905052251337
0.801905052251337
0.801905052251337
0.801905052251337
0.801905052251337
0.8015303536362949
0.8019107603249349
0.7223884548046776
0.801905052251337
0.801905052251337
0.801905052251337
0.801905052251337
0.801905052251337
0.801905052251337
0.8019084488414594
0.801905052251337
0.801905052251337
0.801905052251337
0.801905052251337
