0.47070098881172867
0.49658459469343935
0.47070098881172867
0.4179480673967566
0.4179480673967566
0.5444008511290829
0.4179480673967566
0.4179480673967566
0.4179480673967566
0.49658459469343935
0.4179480673967566
0.4179480673967566
0.47070098881172867
0.49658459469343935
0.4179480673967566
0.4179480673967566
0.47070098881172867
0.4179480673967566
0.4179480673967566
0.47070098881172867
0.4179480673967566
0.47070098881172867
0.4179480673967566
0.47070098881172867
0.47070098881172867
0.4179480673967566
0.47070098881172867
0.5334402982433373
0.4179480673967566
0.4179480673967566
