0.49054448044294835
0.4906204558616679
0.49054448044294835
0.49054448044294835
0.49054448044294835
0.5061148221190751
0.49054448044294835
0.4909304857485577
0.48354140334087603
0.5061148221190751
0.49054448044294835
0.48354140334087603
0.4826334569401616
0.4910565125533454
0.4826334569401616
0.5071255438891903
0.5071255438891903
0.5063849208059591
0.4826334569401616
0.5061148221190751
0.4840300693937242
0.48253068157076084
0.5061148221190751
0.4548185028048502
0.48253068157076084
0.48253068157076084
0.49054448044294835
0.4329390668544081
0.49054448044294835
0.482886018716695
