0.8223285299997605
0.775559621156008
0.8223285299997605
0.775559621156008
0.775559621156008
0.8223285299997605
0.8223285299997605
0.775559621156008
0.775559621156008
0.8223285299997605
0.8223285299997605
0.8223285299997605
0.775559621156008
0.8223285299997605
0.775559621156008
0.775559621156008
0.8219559020534395
0.8125823124717718
0.7949606023380777
0.8223285299997605
0.8223285299997605
0.775559621156008
0.8223285299997605
0.775559621156008
0.8223285299997605
0.775559621156008
0.8223285299997605
0.775559621156008
0.8009202374637482
0.8223285299997605
