0.8155816857306472
0.8155816857306472
0.8155816857306472
0.8155816857306472
0.8155816857306472
0.8155816857306472
0.8155816857306472
0.8155816857306472
0.8155816857306472
0.8155816857306472
0.6463370912581479
0.8155816857306472
0.8155816857306472
0.8155816857306472
0.8155816857306472
0.8155816857306472
0.8155816857306472
0.8155816857306472
0.8155816857306472
0.7849258628966929
0.8155816857306472
0.8155816857306472
0.8155816857306472
0.8155816857306472
0.8155816857306472
0.8155816857306472
0.8155816857306472
0.8155816857306472
0.8155816857306472
0.7849258628966929
