0.8048769627376281
0.8048769627376281
0.8048769627376281
0.8048769627376281
0.8048769627376281
0.8048769627376281
0.8048769627376281
0.8048769627376281
0.8048769627376281
0.7626109621935245
0.7946338757560024
0.8048769627376281
0.8048769627376281
0.8048769627376281
0.8048769627376281
0.8048769627376281
0.7847381394425733
0.800744018241783
0.7731157260629962
0.8048769627376281
0.8048769627376281
0.8048769627376281
0.8048769627376281
0.8048769627376281
0.8048769627376281
0.8048431041637479
0.7845787148254442
0.7946338757560024
0.7982138636320542
0.800744018241783
