0.5099631980594582
0.5442328507281944
0.5442328507281944
0.5442328507281944
0.5099631980594582
0.5442328507281944
0.5442328507281944
0.5442328507281944
0.5099631980594582
0.5084413446372826
0.5442328507281944
0.5442328507281944
0.5099631980594582
0.5099631980594582
0.5442328507281944
0.5442328507281944
0.5442328507281944
0.5442328507281944
0.5099631980594582
0.5442328507281944
0.5099631980594582
0.5442328507281944
0.5084413446372826
0.5442328507281944
0.5442328507281944
0.5099631980594582
0.5442328507281944
0.5442328507281944
0.5099631980594582
0.5442328507281944
