0.360429783378739
0.36304143817678225
0.359599358934067
0.36304143817678225
0.36532188219533085
0.360429783378739
0.36304143817678225
0.36304143817678225
0.360429783378739
0.36304143817678225
0.36304143817678225
0.36304143817678225
0.360429783378739
0.36304143817678225
0.36304143817678225
0.36304143817678225
0.360429783378739
0.36357899477745725
0.36304143817678225
0.36304143817678225
0.360429783378739
0.36304143817678225
0.3525206548401201
0.36304143817678225
0.36304143817678225
0.3649976149586962
0.36304143817678225
0.360429783378739
0.36304143817678225
0.36357899477745725
