0.5334402982433373
0.4179480673967566
0.5334402982433373
0.5243008886788953
0.4179480673967566
0.49658459469343935
0.5444008511290829
0.4179480673967566
0.4179480673967566
0.5334402982433373
0.5334402982433373
0.46140415039580945
0.4179480673967566
0.4179480673967566
0.4179480673967566
0.5444008511290829
0.5334402982433373
0.49582594187446305
0.4179480673967566
0.4179480673967566
0.5334402982433373
0.4179480673967566
0.5444008511290829
0.46140415039580945
0.5334402982433373
0.5334402982433373
0.4179480673967566
0.43233627108489353
0.4179480673967566
0.46140415039580945
