0.5073436937383661
0.49545026100275513
0.5033357599747642
0.4919286682237889
0.5064729228398096
0.5073436937383661
0.5061148221190751
0.45877530887303347
0.4920970098717877
0.5070967782559785
0.5068954203204513
0.46748907265097417
0.5061148221190751
0.4667574585484122
0.4925900244009712
0.49267119885844424
0.5033357599747642
0.4912257487821595
0.5064729228398096
0.506324073587891
0.5061148221190751
0.5061148221190751
0.5071585154811094
0.46492918445039316
0.5067637972782434
0.5061148221190751
0.5061148221190751
0.5064729228398096
0.4920970098717877
0.506783991611714
