1.000000000000000056e-01
0.000000000000000000e+00
1.818181818181818232e-01
1.111111111111111049e-01
0.000000000000000000e+00
2.222222222222222099e-01
1.250000000000000000e-01
0.000000000000000000e+00
0.000000000000000000e+00
1.000000000000000056e-01
1.000000000000000056e-01
1.000000000000000056e-01
0.000000000000000000e+00
0.000000000000000000e+00
0.000000000000000000e+00
1.818181818181818232e-01
2.000000000000000111e-01
1.000000000000000056e-01
0.000000000000000000e+00
0.000000000000000000e+00
1.000000000000000056e-01
0.000000000000000000e+00
1.111111111111111049e-01
1.000000000000000056e-01
1.000000000000000056e-01
1.000000000000000056e-01
0.000000000000000000e+00
0.000000000000000000e+00
0.000000000000000000e+00
1.111111111111111049e-01
