0.6199857097941813
0.6199857097941813
0.6199857097941813
0.6050653758316215
0.6199857097941813
0.6199857097941813
0.6199857097941813
0.6199857097941813
0.6199857097941813
0.5947432267752252
0.6199857097941813
0.6199857097941813
0.6199857097941813
0.6199857097941813
0.6199857097941813
0.6199857097941813
0.6199857097941813
0.6199857097941813
0.5721958975290227
0.6199857097941813
0.6199857097941813
0.6199857097941813
0.5958063629454488
0.6199857097941813
0.6202060776130178
0.6199857097941813
0.6199857097941813
0.6199857097941813
0.5958063629454488
0.6199857097941813
