0.6955120206440734
0.7008479963579709
0.6954521228437684
0.6947518127187114
0.6922044683919023
0.6917099019655765
0.6985708652517196
0.6994656831577931
0.7011689822552183
0.6975573028865578
0.6960233363648805
0.6926275292366861
0.6993964927404528
0.7052083476264348
0.6999947981488522
0.6860994461663185
0.6928283664169291
0.7011904477522577
0.6986470165164034
0.6897035841273641
0.6949239463617836
0.7022404790608383
0.6960906521863599
0.6934399228667109
0.6920135800486162
0.6919329384117076
0.6949607474630622
0.6933977310210873
0.6929559692077606
0.6978520512550362
