0.5781650620297343
0.620022404401419
0.5130155983953033
0.4926357762025778
0.4926357762025778
0.6272165208530834
0.7040882441356184
0.7888433225727318
0.6272165208530834
0.5072244727669138
0.47542382002581796
0.6272165208530834
0.4179480673967566
0.7444808340506117
0.6272165208530834
0.8921198284875634
0.789375867220843
0.7444808340506117
0.485723708497101
0.508127554998158
0.523573413296611
0.7989505894540955
0.620022404401419
0.47542382002581796
0.7444808340506117
0.8443849578534584
0.620022404401419
0.6611533639729432
0.4179480673967566
0.461434412145729
