0.47743022407682195
0.5171293449510296
0.5122822853127273
0.47398575597245735
0.5009198484091376
0.5113797068164382
0.5152311791448314
0.4846900543877177
0.4727712986008869
0.4913479376629141
0.471649090077982
0.4831305884665366
0.49053419742102095
0.510062568830827
0.5066599653973185
0.5067737889402502
0.5015485190417728
0.48395863716327797
0.4912925096986308
0.49566083809879086
0.513995265728483
0.5073932112440079
0.5372821514541648
0.5108793962836468
0.5023461680169357
0.5021061914985006
0.4727487462546955
0.511402872234971
0.4928233456807955
0.4947481871980182
