0.7941606622009929
0.7941606622009929
0.7941606622009929
0.7941346265099809
0.7941606622009929
0.7941606622009929
0.7941606622009929
0.7941606622009929
0.7941606622009929
0.7848543139838728
0.7941606622009929
0.7941606622009929
0.7941606622009929
0.7941606622009929
0.7941606622009929
0.6862554213520711
0.7779546203268868
0.7941606622009929
0.7941606622009929
0.7941606622009929
0.7941606622009929
0.7941606622009929
0.7892645300519818
0.7941606622009929
0.7977264587011828
0.7941606622009929
0.7941606622009929
0.7941606622009929
0.7941606622009929
0.7941606622009929
