0.8455013886638237
0.8455013886638237
0.8455013886638237
0.8455013886638237
0.8455013886638237
0.8455013886638237
0.8425531443418149
0.8430783573211464
0.8425531443418149
0.8410050650431138
0.8455013886638237
0.8432004225582808
0.8455013886638237
0.8455013886638237
0.8455013886638237
0.8455013886638237
0.8455013886638237
0.8439622829885394
0.8455013886638237
0.8455013886638237
0.8436913917868251
0.8455013886638237
0.8455013886638237
0.8430783573211464
0.8455013886638237
0.8418928448933073
0.8455013886638237
0.8455013886638237
0.8455013886638237
0.8455013886638237
