0.25934736173283457
0.25934736173283457
0.25934736173283457
0.25934736173283457
0.25934736173283457
0.25934736173283457
0.25934736173283457
0.25934736173283457
0.25934736173283457
0.25934736173283457
0.25934736173283457
0.25934736173283457
0.25934736173283457
0.25934736173283457
0.25934736173283457
0.2627261468189234
0.2627261468189234
0.25934736173283457
0.25934736173283457
0.25934736173283457
0.25934736173283457
0.25934736173283457
0.25934736173283457
0.25934736173283457
0.25934736173283457
0.25934736173283457
0.25934736173283457
0.25934736173283457
0.25934736173283457
0.25934736173283457
