0.8047046402103117
0.8047046402103117
0.8047046402103117
0.8047046402103117
0.8047046402103117
0.8047046402103117
0.8047046402103117
0.8047046402103117
0.8047046402103117
0.7970495642354274
0.8047046402103117
0.8047046402103117
0.8047046402103117
0.8047046402103117
0.8047046402103117
0.8047046402103117
0.7926398953924375
0.8047046402103117
0.7857163222700788
0.8047046402103117
0.8047046402103117
0.8047046402103117
0.8047046402103117
0.8047046402103117
0.8047046402103117
0.8047046402103117
0.8003058199346029
0.8047046402103117
0.8047046402103117
0.8047046402103117
