0.13451755991417153
0.33619937499887254
0.33619937499887254
0.33619937499887254
0.34481090864326
0.33894467128290606
0.33894467128290606
0.33619937499887254
0.33619937499887254
0.34481090864326
0.21794800313903728
0.33894467128290606
0.34481090864326
0.34481090864326
0.33894467128290606
0.34205025034059483
0.34481090864326
0.34481090864326
0.34481090864326
0.34481090864326
0.33619937499887254
0.33619937499887254
0.33619937499887254
0.33619937499887254
0.34205025034059483
0.34481090864326
0.34481090864326
0.34481090864326
0.33619937499887254
0.33894467128290606
