0.29274319797073656
0.5925047594430146
0.6565585289790449
0.5563352390907995
0.6326380951848081
0.6565388734704811
0.633760369852489
0.6585732152877163
0.5878728871445614
0.6321805195008088
0.6101646661969375
0.5790924209681695
0.633760369852489
0.6302812703784223
0.6221203622347452
0.5857993572661084
0.6101700874353124
0.633760369852489
0.4618162778230073
0.6093741364094436
0.627879261526428
0.6327380200157848
0.6370448953449107
0.633760369852489
0.6570864167998273
0.6259588302830036
0.6565585289790449
0.5955860240469495
0.5878728871445614
0.603751166657045
