0.000000000000000000e+00
5.263157894736841813e-02
5.555555555555555247e-02
0.000000000000000000e+00
0.000000000000000000e+00
1.250000000000000000e-01
4.545454545454545581e-02
1.764705882352941291e-01
0.000000000000000000e+00
0.000000000000000000e+00
1.428571428571428492e-01
0.000000000000000000e+00
3.125000000000000000e-02
0.000000000000000000e+00
9.090909090909091161e-02
0.000000000000000000e+00
0.000000000000000000e+00
6.451612903225806273e-02
0.000000000000000000e+00
3.125000000000000000e-02
0.000000000000000000e+00
6.250000000000000000e-02
5.263157894736841813e-02
0.000000000000000000e+00
4.166666666666666435e-02
0.000000000000000000e+00
0.000000000000000000e+00
1.212121212121212155e-01
6.250000000000000000e-02
8.333333333333332871e-02
