0.8081602780287185
0.8127146755767485
0.8113457102844771
0.8099150993356626
0.804507605018822
0.8073717694783503
0.8116089575651088
0.8165502707906546
0.8091875110712214
0.8041963508411146
0.8127987613532283
0.7996749997167949
0.7980827066775692
0.8072273221777616
0.8032559664338463
0.8114683691250847
0.8072783655338306
0.8021580243435884
0.8083197488536957
0.8054661338817745
0.80506909130529
0.8122349797405676
0.8057833709813403
0.8053957334566865
0.8032978611052125
0.800948383018585
0.8033113249383158
0.8032785377306875
0.8112927829886422
0.811449453539741
