0.7735709750148322
0.7735709750148322
0.7735709750148322
0.7735709750148322
0.7735709750148322
0.7735709750148322
0.7651977335518544
0.7735709750148322
0.7735709750148322
0.7735709750148322
0.7735709750148322
0.7735709750148322
0.7735709750148322
0.7735709750148322
0.7735709750148322
0.7735709750148322
0.7735709750148322
0.7732522878510699
0.7710236923528173
0.7735709750148322
0.7735709750148322
0.7735709750148322
0.7735709750148322
0.7735709750148322
0.7735709750148322
0.7735709750148322
0.7735709750148322
0.7703988836983154
0.7735709750148322
0.7735709750148322
