0.9994062232926022
0.9994062232926022
0.9994062232926022
0.9994062232926022
0.9994062232926022
0.9994062232926022
0.9994062232926022
0.9994062232926022
0.9994062232926022
0.9994062232926022
0.9994062232926022
0.9994062232926022
0.9994062232926022
0.9994062232926022
0.9994062232926022
0.9994062232926022
0.9994062232926022
0.9994062232926022
0.9994062232926022
0.9994062232926022
0.9994062232926022
0.9994062232926022
0.9994062232926022
0.9994062232926022
0.9994062232926022
0.9994062232926022
0.9994062232926022
0.9994062232926022
0.9994062232926022
0.5066916009537821
