0.6847561716318775
0.6847561716318775
0.7299750731162526
0.7299750731162526
0.7853799511612702
0.7299750731162526
0.6615555328848541
0.7299750731162526
0.6847601087902793
0.7299750731162526
0.7299750731162526
0.6847561716318775
0.7299750731162526
0.6847561716318775
0.7299750731162526
0.6847561716318775
0.6615555328848541
0.6847561716318775
0.7853799511612702
0.6875121657038433
0.7299750731162526
0.7853799511612702
0.7853799511612702
0.6840580665318629
0.7299750731162526
0.6875121657038433
0.7299750731162526
0.7473540282588275
0.6875121657038433
0.7853799511612702
