0.5852282046063133
0.5852282046063133
0.5852282046063133
0.5852282046063133
0.5852282046063133
0.5852282046063133
0.5852282046063133
0.5852282046063133
0.5852282046063133
0.5852282046063133
0.5852282046063133
0.5852282046063133
0.5852282046063133
0.5852282046063133
0.5852282046063133
0.5852282046063133
0.5852282046063133
0.5852282046063133
0.5852282046063133
0.5852282046063133
0.5852282046063133
0.5852282046063133
0.5852282046063133
0.5852282046063133
0.5852282046063133
0.5852282046063133
0.5852282046063133
0.5852282046063133
0.5852282046063133
0.5852282046063133
