0.8223396215434461
0.8223396215434461
0.8223396215434461
0.8223396215434461
0.8208065756359032
0.8223396215434461
0.8223396215434461
0.8223396215434461
0.821549604565123
0.8223396215434461
0.8223396215434461
0.8223396215434461
0.8223396215434461
0.8223396215434461
0.8223396215434461
0.8167856211559401
0.8223396215434461
0.8213958041322279
0.8223396215434461
0.8218092341856501
0.8219530234705046
0.8223396215434461
0.8223396215434461
0.8223396215434461
0.8223396215434461
0.8223396215434461
0.8223396215434461
0.8223396215434461
0.8208065756359032
0.8223396215434461
