0.8278169768306752
0.8278169768306752
0.8278169768306752
0.8278169768306752
0.8278169768306752
0.8278169768306752
0.8278169768306752
0.803593589719692
0.8278169768306752
0.8278175041440303
0.8278169768306752
0.8123239866320292
0.827818853684699
0.8278218685050874
0.8278169768306752
0.8278169768306752
0.8278169768306752
0.8278169768306752
0.8278169768306752
0.8278169768306752
0.8278169768306752
0.8278169768306752
0.8278169768306752
0.8278169768306752
0.8278169768306752
0.8278213442808985
0.8278178997026712
0.8278183247466535
0.8278169805645288
0.8278172385498356
