0.6007522826800212
0.6007522826800212
0.6007522826800212
0.6007522826800212
0.6007522826800212
0.6007522826800212
0.6007522826800212
0.6007522826800212
0.6007522826800212
0.6007522826800212
0.6007522826800212
0.6007522826800212
0.6007522826800212
0.6007522826800212
0.6007522826800212
0.6007522826800212
0.6007522826800212
0.6007522826800212
0.6007522826800212
0.6007522826800212
0.6007522826800212
0.6007522826800212
0.6007522826800212
0.6007522826800212
0.6007522826800212
0.6007522826800212
0.6007522826800212
0.6007522826800212
0.6007522826800212
0.6007522826800212
