0.7448729309675512
0.5115083249018486
0.8292200191001131
0.8323498499044021
0.8301822461550828
0.6831792185253717
0.765766267570787
0.0
0.8299649310028135
0.82897028808295
0.8297798404933333
0.8279926683486034
0.8307810340612278
0.7614176762641007
0.16440986222197307
0.8290292608553669
0.8310102728652137
0.8297759049895984
0.7449142033427165
0.8286157840249602
0.7646235658176577
0.8303500062137728
0.5930491872720866
3.4679296088126573E-4
0.8338904683053866
0.43955461325031836
0.8305733629618294
0.683049354646701
0.5113285711061856
0.8309315959595479
