0.5061148221190751
0.5061148221190751
0.5068507869389012
0.5065439382502136
0.5061148221190751
0.5071255438891903
0.5075820763580334
0.5071255438891903
0.5065009061206895
0.5118049599170068
0.5071255438891903
0.5071255438891903
0.4931077316419029
0.5061148221190751
0.5071255438891903
0.5061148221190751
0.507335224752125
0.5061148221190751
0.5071255438891903
0.4904846103193344
0.5117154889046869
0.5061148221190751
0.5062310701727061
0.511621221747431
0.5061148221190751
0.5061148221190751
0.5071255438891903
0.5074502028590471
0.5065009061206895
0.5066372260844364
