0.000000000000000000e+00
0.000000000000000000e+00
1.000000000000000056e-01
1.111111111111111049e-01
1.111111111111111049e-01
0.000000000000000000e+00
1.000000000000000056e-01
0.000000000000000000e+00
1.818181818181818232e-01
0.000000000000000000e+00
1.000000000000000056e-01
1.111111111111111049e-01
2.500000000000000000e-01
2.000000000000000111e-01
0.000000000000000000e+00
1.000000000000000056e-01
1.111111111111111049e-01
0.000000000000000000e+00
0.000000000000000000e+00
1.000000000000000056e-01
2.500000000000000000e-01
2.500000000000000000e-01
3.571428571428571508e-01
2.500000000000000000e-01
0.000000000000000000e+00
1.000000000000000056e-01
2.500000000000000000e-01
1.000000000000000056e-01
2.500000000000000000e-01
3.076923076923077094e-01
