0.9994062232926022
0.9994062232926022
0.9994062232926022
0.9994062232926022
0.9994062232926022
0.9994062232926022
0.9994062232926022
0.9994062232926022
0.9994062232926022
0.9994062232926022
0.9994062232926022
0.9994062232926022
0.9994062232926022
0.9994062232926022
0.9994062232926022
0.9994062232926022
0.9994062232926022
0.9994062232926022
0.9994062232926022
0.9994062232926022
0.9183475902689805
0.9183475902689805
0.9994062232926022
0.9183475902689805
0.9994062232926022
0.9994062232926022
0.9994062232926022
0.9994062232926022
0.9994062232926022
0.9994062232926022
