0.7267445275066172
0.7267445275066172
0.7267445275066172
0.6904257328156792
0.7267445275066172
0.7267445275066172
0.7267445275066172
0.7267445275066172
0.7267445275066172
0.7267445275066172
0.7269984952253211
0.7268397265378298
0.7267445275066172
0.7193867702986356
0.7267445275066172
0.7267445275066172
0.7267445275066172
0.7269529228697473
0.736343495001993
0.7267445275066172
0.7267445275066172
0.7267445275066172
0.7267648282317616
0.7267445275066172
0.71927949634949
0.7267445275066172
0.7267445275066172
0.6905028766961325
0.6905254000873099
0.7267445275066172
