0.4926357762025778
0.485723708497101
0.6194180667073783
0.6272165208530834
0.5801987847444633
0.620022404401419
0.4447227972267673
0.7103718149211411
0.7888433225727318
0.8443849578534584
0.523573413296611
0.49494197386353894
0.7444808340506117
0.4926357762025778
0.5310622450147945
0.46037458906795087
0.389772719020288
0.620022404401419
0.4178722365883665
0.45040262867503783
0.523573413296611
0.4179480673967566
0.4179480673967566
0.6743796448663645
0.5781650620297343
0.620022404401419
0.620022404401419
0.47542382002581796
0.5629873378156446
0.523573413296611
