0.5271729202682347
0.3786226209566197
0.2833787671905934
0.3097560590189988
0.3387957996069327
0.0059061622336032005
0.4465672560270312
0.4926357762025778
0.47542382002581796
0.2833787671905934
0.3786226209566197
0.3786226209566197
0.6272165208530834
0.5490014243719126
0.22148467041810946
0.6608006180735264
0.6617362488749364
0.6608006180735264
0.4926357762025778
0.3786226209566197
0.2816184915088325
0.4926357762025778
0.28885038027608056
0.5490842569618245
0.4926357762025778
0.5577378443014683
0.3097560590189988
0.559593669305338
0.5781650620297343
0.0629275180799799
