0.5068004286855908
0.48728067307615536
0.513005021894047
0.5091870850701369
0.5207867852107685
0.5146947560732937
0.5088101613445302
0.509112426548212
0.5091870850701369
0.5176863390074616
0.5089213174423736
0.5546718847375719
0.5390236204391097
0.5324790192741816
0.5132814850022658
0.5184936336520132
0.5493074459065219
0.5062614020107022
0.5148576030385879
0.5199163815157231
0.5194541197464883
0.5119402173209798
0.5126032988822184
0.5346273800440621
0.5282346887492777
0.50945901584544
0.5063000162885323
0.5478487539881638
0.5329998275940795
0.5236167702830591
