0.8224766919312841
0.8155816857306472
0.8156054477834219
0.8156054477834219
0.8156054477834219
0.8155816857306472
0.8155816857306472
0.8156054477834219
0.8155816857306472
0.8155816857306472
0.8155816857306472
0.821146310133337
0.8155816857306472
0.8156054477834219
0.8156054477834219
0.8155816857306472
0.8156054477834219
0.8155816857306472
0.8156054477834219
0.7849258628966929
0.8481893840731066
0.8156054477834219
0.8450165864785827
0.8224766919312841
0.8481893840731066
0.8155816857306472
0.8264426454231057
0.8155816857306472
0.8156054477834219
0.8155816857306472
