0.9548958160013045
0.9540240748661905
0.9536243021579071
0.9542134027421532
0.9553512122064873
0.9537569842747016
0.9533717475747302
0.9530396547681454
0.9539371285944707
0.9535491826459427
0.9549198590298182
0.9543986617558867
0.9529576531891002
0.9544869573132088
0.9545381004227469
0.9538295819639762
0.9546045357620672
0.9527612238526348
0.9547786138974809
0.9493812493901517
0.9544204608100003
0.9523723938600269
0.9534730045156743
0.9535733932788812
0.9537018996835872
0.9531730525220137
0.9535657126156857
0.9506670434680774
0.9528842702787949
0.9538803762412192
