0.7489883098083339
0.7110435784530714
0.7215144521636457
0.7234784533510115
0.7854776993552199
0.759738099370419
0.818344923729067
0.7295800069226472
0.7197663790928672
0.8364584163182541
0.7429699365295103
0.8129262445792409
0.7263388293971544
0.7629634116622145
0.8250530454845126
0.8465968899647953
0.7760036151163507
0.7835292720813715
0.7420144333025568
0.7274624393660368
0.8002424857582221
0.7467404515728766
0.7556074664013578
0.7672725728924992
0.7542938121770871
0.7332162649975181
0.7422458095856507
0.7430220909262294
0.6982798840858095
0.7518027474968891
