0.687033182319089
0.43233627108489353
0.4179480673967566
0.4179480673967566
0.4179480673967566
0.4179480673967566
0.43233627108489353
0.4179480673967566
0.43233627108489353
0.3201736857379739
0.4179480673967566
0.4179480673967566
0.4179480673967566
0.4179480673967566
0.4179480673967566
0.4179480673967566
0.4179480673967566
0.4179480673967566
0.4179480673967566
0.4179480673967566
0.43233627108489353
0.43233627108489353
0.4179480673967566
0.3201736857379739
0.4179480673967566
0.4179480673967566
0.687033182319089
0.43233627108489353
0.4179480673967566
0.4179480673967566
