0.30666399390963894
0.45877530887303347
0.5014530423481177
0.4539889869547617
0.4539889869547617
0.4610202194264054
0.4604181219510689
0.4480697520112956
0.4610202194264054
0.46316532680362177
0.456821217661771
0.4610202194264054
0.4584810773170347
0.49545026100275513
0.40429180462725706
0.41163382241303526
0.424762705367184
0.4539889869547617
0.4539889869547617
0.4433244258384418
0.4584810773170347
0.5061148221190751
0.4539889869547617
0.4433244258384418
0.4584810773170347
0.5061148221190751
0.4656819991973628
0.45877530887303347
0.45877530887303347
0.46316532680362177
