0.34481090864326
0.3499124362813429
0.34481090864326
0.34481090864326
0.34481090864326
0.34481090864326
0.34481090864326
0.34481090864326
0.34481090864326
0.34481090864326
0.34481090864326
0.34481090864326
0.34481090864326
0.34481090864326
0.34481090864326
0.34481090864326
0.34481090864326
0.34481090864326
0.34481090864326
0.34481090864326
0.34481090864326
0.34481090864326
0.34481090864326
0.34481090864326
0.34481090864326
0.34481090864326
0.34481090864326
0.34481090864326
0.34481090864326
0.34481090864326
