0.7892315553167528
0.7892315553167528
0.7892315553167528
0.7892315553167528
0.7892315553167528
0.7892315553167528
0.7892315553167528
0.7892315553167528
0.7892315553167528
0.7890154756765685
0.7892315553167528
0.7892315553167528
0.7892315553167528
0.7892315553167528
0.7892315553167528
0.7892315553167528
0.7892315553167528
0.7892315553167528
0.7892315553167528
0.7892315553167528
0.7892315553167528
0.7892315553167528
0.7892315553167528
0.7892315553167528
0.7892315553167528
0.7892315553167528
0.6880388353179486
0.7892315553167528
0.7892315553167528
0.7892315553167528
