0.47891587000805924
0.5038711664935321
0.47891587000805924
0.47891587000805924
0.47891587000805924
0.47891587000805924
0.47891587000805924
0.47891587000805924
0.47891587000805924
0.47891587000805924
0.47891587000805924
0.47891587000805924
0.47891587000805924
0.47891587000805924
0.47891587000805924
0.47891587000805924
0.47891587000805924
0.47891587000805924
0.47891587000805924
0.47891587000805924
0.47891587000805924
0.47891587000805924
0.47891587000805924
0.47891587000805924
0.5035847346931025
0.47891587000805924
0.47891587000805924
0.47891587000805924
0.47891587000805924
0.5038711664935321
