0.8455013886638237
0.8455013886638237
0.8455013886638237
0.8455013886638237
0.8455013886638237
0.8455013886638237
0.8455013886638237
0.8316605120379067
0.8455013886638237
0.8455013886638237
0.8455013886638237
0.8455013886638237
0.8455013886638237
0.8455013886638237
0.8455013886638237
0.8316178405573623
0.8455013886638237
0.8455013886638237
0.8455013886638237
0.8455013886638237
0.8455013886638237
0.8455013886638237
0.8455013886638237
0.8455013886638237
0.8455013886638237
0.8455013886638237
0.8455013886638237
0.8455013886638237
0.8455013886638237
0.8455013886638237
