0.7996060862582519
0.7996100234166537
0.7534705845032696
0.7996060862582519
0.7996100234166537
0.7996060862582519
0.7996060862582519
0.7996060862582519
0.7996060862582519
0.7996060862582519
0.7996060862582519
0.7996060862582519
0.7996060862582519
0.7996060862582519
0.7996060862582519
0.7996060862582519
0.7996060862582519
0.7996060862582519
0.7996100234166537
0.7996060862582519
0.7996060862582519
0.7268097056425966
0.7990411567095872
0.7996060862582519
0.7990411567095872
0.7996060862582519
0.7996060862582519
0.7268097056425966
0.7996060862582519
0.7996060862582519
