0.000000000000000000e+00
4.347826086956521618e-02
0.000000000000000000e+00
0.000000000000000000e+00
0.000000000000000000e+00
0.000000000000000000e+00
0.000000000000000000e+00
0.000000000000000000e+00
0.000000000000000000e+00
0.000000000000000000e+00
4.347826086956521618e-02
0.000000000000000000e+00
6.250000000000000000e-02
0.000000000000000000e+00
6.666666666666666574e-02
0.000000000000000000e+00
0.000000000000000000e+00
0.000000000000000000e+00
0.000000000000000000e+00
0.000000000000000000e+00
6.666666666666666574e-02
0.000000000000000000e+00
0.000000000000000000e+00
0.000000000000000000e+00
4.347826086956521618e-02
0.000000000000000000e+00
0.000000000000000000e+00
0.000000000000000000e+00
0.000000000000000000e+00
0.000000000000000000e+00
