0.5852282046063133
0.5852282046063133
0.5852282046063133
0.5852282046063133
0.5852282046063133
0.5852282046063133
0.5852282046063133
0.5852282046063133
0.5852282046063133
0.5852282046063133
0.5852282046063133
0.5852282046063133
0.5852282046063133
0.5852282046063133
0.5852282046063133
0.5852282046063133
0.5852282046063133
0.5852282046063133
0.5852282046063133
0.5852282046063133
0.5852282046063133
0.5852282046063133
0.5852282046063133
0.5852282046063133
0.5852282046063133
0.5852282046063133
0.5852282046063133
0.5852282046063133
0.5852282046063133
0.6671399776453768
