0.8109573274570228
0.8109573274570228
0.8109573274570228
0.8109573274570228
0.8109573274570228
0.8109573274570228
0.8109573274570228
0.8109573274570228
0.8109573274570228
0.7557350904027826
0.8109573274570228
0.8109573274570228
0.8109573274570228
0.8109573274570228
0.8109573274570228
0.8109573274570228
0.8109573274570228
0.8109573274570228
0.8109573274570228
0.8109573274570228
0.8109573274570228
0.8109573274570228
0.8109573274570228
0.8108262344733824
0.8109573274570228
0.8109573274570228
0.8109573274570228
0.8109573274570228
0.8109573274570228
0.8109573274570228
