0.5066916009537821
0.9501417766901645
0.9603341765627735
0.9501417766901645
0.9603341765627735
0.9603341765627735
0.9501417766901645
0.9603341765627735
0.9501417766901645
0.9603341765627735
0.4808148542034503
0.9501417766901645
0.9603341765627735
0.9603341765627735
0.9501417766901645
0.9603341765627735
0.9501417766901645
0.9603341765627735
0.9603341765627735
0.9603341765627735
0.9501417766901645
0.9283236921965698
0.9603341765627735
0.963555703481505
0.9603341765627735
0.9603341765627735
0.5066916009537821
0.5066916009537821
0.9501417766901645
0.5066916009537821
