0.5811299437727134
0.5920778767767155
0.622494265151386
0.589751041274812
0.622491140345155
0.6175150333030887
0.5816714744846274
0.5816714744846274
0.5964186770165901
0.5816714744846274
0.6263992150666038
0.5836843966891415
0.6166138605630396
0.6140977245844549
0.5890987789882168
0.6150117054052684
0.5836843966891415
0.6140977245844549
0.5895434573441698
0.5908929044506894
0.6166009881554012
0.585029710224826
0.6140977245844549
0.5824994886899894
0.6140977245844549
0.622491140345155
0.5745897828708763
0.5824994886899894
0.6450657923804998
0.6203095104258645
