0.34481090864326
0.34481090864326
0.34481090864326
0.34481090864326
0.34481090864326
0.34481090864326
0.34481090864326
0.34481090864326
0.34481090864326
0.34481090864326
0.3548567127228681
0.34481090864326
0.34481090864326
0.34481090864326
0.34481090864326
0.34481090864326
0.34481090864326
0.34481090864326
0.34481090864326
0.34481090864326
0.34481090864326
0.34481090864326
0.34481090864326
0.36018078902718964
0.34481090864326
0.34481090864326
0.34481090864326
0.34481090864326
0.34481090864326
0.34481090864326
