0.6105105050630506
0.6265715317730391
0.6151960446609375
0.620384900190489
0.6222338220005843
0.6210637753159832
0.6250347301283292
0.6276375163734704
0.6105105050630506
0.6062200395124507
0.608562066376609
0.6244580951978355
0.6131306459019916
0.6196143005458551
0.6098265296325085
0.6119706909017807
0.6179589703755504
0.6188662693965389
0.6325030857860272
0.6171408072771468
0.6098265296325085
0.626992427624231
0.6105257079698627
0.6250578368255202
0.611378621120527
0.607920731882868
0.6259173028881994
0.6098265296325085
0.6260812512199552
0.6248699159153612
