0.9144140916864615
0.9210338750083067
0.9227362030792784
0.9167651388897681
0.9197479873735664
0.9157277041112155
0.9143426473256049
0.9222584375557803
0.9233760794986102
0.9148918118937966
0.9214411003768248
0.9147432143326663
0.9232644156123924
0.9225997367124996
0.9131893710159099
0.9134666445734121
0.923805347193056
0.9234333179782275
0.9127424348861666
0.9146620543046956
0.9206217866963863
0.9228773384100151
0.9226135861525618
0.9230442987158523
0.9211419898202429
0.9126965366367978
0.9156477071160346
0.9226522518188842
0.9149492615460436
0.922895956465905
