0.7735709750148322
0.7735709750148322
0.7735709750148322
0.7735709750148322
0.7732522878510699
0.7735709750148322
0.7735709750148322
0.7735709750148322
0.7735709750148322
0.7735709750148322
0.7735709750148322
0.7735709750148322
0.7735709750148322
0.7735709750148322
0.7735709750148322
0.7735709750148322
0.7735709750148322
0.7735709750148322
0.7735709750148322
0.7735709750148322
0.7735709750148322
0.7735709750148322
0.7735709750148322
0.7735709750148322
0.7735709750148322
0.7735506138088932
0.7735709750148322
0.7735709750148322
0.7735709750148322
0.7735709750148322
