0.7380768325531774
0.7380768325531774
0.7380768325531774
0.7380018916708969
0.7380768325531774
0.7380768325531774
0.7380768325531774
0.7380768325531774
0.7380768325531774
0.737638430192827
0.7380768325531774
0.7380018916708969
0.7380018916708969
0.7380768325531774
0.7380018916708969
0.7380768325531774
0.7380768325531774
0.7380018916708969
0.7380768325531774
0.7380768325531774
0.7380768325531774
0.7380018916708969
0.7380768325531774
0.7380768325531774
0.7380768325531774
0.7380018916708969
0.7376376128599533
0.7380760152203036
0.7380768325531774
0.7380768325531774
