1.250000000000000000e-01
1.250000000000000000e-01
1.250000000000000000e-01
0.000000000000000000e+00
0.000000000000000000e+00
1.250000000000000000e-01
0.000000000000000000e+00
1.250000000000000000e-01
1.250000000000000000e-01
0.000000000000000000e+00
1.250000000000000000e-01
1.250000000000000000e-01
1.250000000000000000e-01
1.333333333333333315e-01
0.000000000000000000e+00
1.250000000000000000e-01
1.250000000000000000e-01
1.250000000000000000e-01
0.000000000000000000e+00
7.142857142857142461e-02
6.666666666666666574e-02
1.250000000000000000e-01
1.250000000000000000e-01
0.000000000000000000e+00
1.250000000000000000e-01
1.250000000000000000e-01
1.250000000000000000e-01
1.250000000000000000e-01
1.250000000000000000e-01
1.333333333333333315e-01
