0.6299639913258572
0.6446635126126681
0.6446635126126681
0.6446635126126681
0.6446635126126681
0.6446635126126681
0.6446635126126681
0.6446635126126681
0.6446635126126681
0.6391262900564844
0.6446635126126681
0.6446635126126681
0.6446635126126681
0.6446635126126681
0.6446635126126681
0.6461521650928936
0.6461521650928936
0.6461521650928936
0.6537622262951012
0.6446635126126681
0.6446635126126681
0.6446635126126681
0.6461521650928936
0.6446635126126681
0.6457149124966379
0.6446635126126681
0.6208427152127889
0.6446635126126681
0.6446635126126681
0.6446635126126681
