0.7584574751473452
0.7935137209801512
0.8005237127244412
0.8080882717975106
0.8197130723233361
0.7723143488505612
0.8380800603768616
0.8197130723233361
0.7837735658628806
0.8004905946227314
0.8001796569670996
0.8001796569670996
0.7837735658628806
0.7641042412237817
0.7584574751473452
0.8099353912519162
0.7988036470958096
0.7837735658628806
0.6361229902978873
0.7837735658628806
0.7641042412237817
0.7636568224483355
0.8197130723233361
0.8130588630274298
0.8098243171990277
0.7837735658628806
0.8005237127244412
0.7613964558947527
0.8005237127244412
0.8001796569670996
