0.4329069703643089
0.36581199244707485
0.4076306576213763
0.43151639510308704
0.43381370760763494
0.3963913814074661
0.4136754009856455
0.46025073880955714
0.4000628200374604
0.3964649351266013
0.41969366862804786
0.37341260164958967
0.41045995744893776
0.3384112297774304
0.43142507064349367
0.38322685929805916
0.3953166338541864
0.45398234397736914
0.45358925319052734
0.4308368549700089
0.43384368352642666
0.40863970087662194
0.41292228937696007
0.36747741319810096
0.4270069244192566
0.3637965196389009
0.37006718840051184
0.4143275721687756
0.4048861428083991
0.5094472511534786
