0.797554535342381
0.8000035710119748
0.7980262347029015
0.8005203499350425
0.8052549277610331
0.8002784904380602
0.7932705321467077
0.8014337592524812
0.7974565733049566
0.8062357212433906
0.7913327936598513
0.7986192268020972
0.7988679407866741
0.7948617792421158
0.7967640721054046
0.7935861059566033
0.7973255015649694
0.7894128411428967
0.7990103146262337
0.8020190784204845
0.8074456384950767
0.7945443838036302
0.7984605182199165
0.8012954723121024
0.805650452340816
0.797631539922564
0.8019039514046494
0.8029265278367321
0.7843942589128327
0.8066871334010657
