0.8278169768306752
0.8278169768306752
0.8278169768306752
0.8278169768306752
0.8278169768306752
0.8278169768306752
0.8278169768306752
0.8278169768306752
0.8278169768306752
0.8232617584327744
0.8278169768306752
0.8278169768306752
0.8278169768306752
0.8278169768306752
0.8278169768306752
0.8278169768306752
0.8278169768306752
0.8278169768306752
0.8120720471813253
0.8278169768306752
0.8278169768306752
0.8278169768306752
0.8278169768306752
0.8278169768306752
0.8229540665199049
0.8278169768306752
0.8178504291690963
0.8278169768306752
0.8278169768306752
0.8278169768306752
